101
;
(#(0 1 3) (#(D "3/8" 0) #(197 0 0 0 0 0) (0 +)))
(#(0 1 3) (#(C+ "2/2" 0) #(0 0 0 149 0 0) (3 +)))
(#(0 1 6) (#(C+ "2/2" 0) #(0 0 0 149 0 0) (3 +)))
(#(0 1 16) (#(D "3/8" 0) #(220 0 0 0 0 0) (0 +)))
(#(0 1 17) (#(D "3/8" 0) #(220 0 0 0 0 0) (0 +)))
(#(0 1 18) (#(D "3/8" 0) #(220 0 0 0 0 0) (0 +)))
(#(0 1 19) (#(D "3/8" 1.0) #(165 0 0 0 0 0) (0 +)))
(#(0 1 20) (#(D "3/8" 1.0) #(157 0 0 0 0 0) (0 +)))
(#(0 1 20) (#(C+ "2/2" 1.0) #(0 0 0 149 0 0) (3 +)))
(#(0 1 21) (#(D "3/8" 1.0) #(213 0 0 0 0 0) (0 +)))
(#(0 1 21) (#(C+ "2/2" 1.0) #(0 0 0 169 0 0) (3 +)))
(#(0 1 22) (#(D "3/8" 0.0) #(173 0 0 0 0 0) (0 +)))
(#(0 1 23) (#(D "3/8" 0.0) #(165 0 0 0 0 0) (0 +)))
(#(0 1 23) (#(C+ "2/2" 0.0) #(0 0 0 165 0 0) (3 +)))
(#(0 1 24) (#(D "3/8" 0.0) #(220 0 0 0 0 0) (0 +)))
(#(0 1 24) (#(C+ "2/2" 0.0) #(0 0 0 184 0 0) (3 +)))
(#(0 1 24) (#(F+ "4/4" 0.0) #(0 0 0 0 167 0) (4 +)))
(#(0 1 26) (#(D "3/8" 0) #(220 0 0 0 0 0) (0 +)))
(#(0 1 26) (#(F+ "4/4" 0) #(0 0 0 0 144 0) (4 +)))
(#(0 1 31) (#(D "3/8" 0) #(220 0 0 0 0 0) (0 +)))
(#(0 1 32) (#(D "3/8" 0) #(220 0 0 0 0 0) (0 +)))
(#(0 1 32) (#(C+ "2/2" 0) #(0 0 0 200 0 0) (3 +)))
(#(0 1 32) (#(F+ "4/4" 0) #(0 0 0 0 163 0) (4 +)))
(#(0 3 16) (#(E 0 0) #(157 0 0 0 0 0) (0 +)))
(#(0 3 17) (#(E 0 0) #(157 0 0 0 0 1) (0 +)))
(#(0 3 18) (#(E 0 0) #(157 0 0 0 10 0) (0 +)))
(#(0 3 20) (#(C+ 0 1.0) #(0 0 0 153 19 8) (3 +)))
(#(0 3 21) (#(E 0 1.0) #(157 0 0 0 10 1) (0 +)))
(#(0 3 24) (#(E 0 0.0) #(157 0 0 0 10 1) (0 +)))
(#(0 3 26) (#(E 0 0) #(150 0 0 0 10 1) (0 +)))
(#(0 3 26) (#(F+ 0 0) #(0 0 0 16 182 3) (4 +)))
(#(0 3 31) (#(E 0 0) #(150 0 0 0 0 0) (0 +)))
(#(0 3 32) (#(E 0 0) #(157 0 0 0 10 1) (0 +)))
(#(0 6 32) (#(C+ 0 0) #(0 0 0 149 0 0) (3 +)))
(#(0 8 26) (#(F+ 0 0) #(0 0 0 12 153 0) (4 +)))
(#(0 16 17) (#(E 0 0) #(173 0 0 0 0 0) (0 +)))
(#(0 16 18) (#(E 0 0) #(173 0 0 0 0 1) (0 +)))
(#(0 16 19) (#(D 0 1.0) #(165 5 21 0 14 0) (0 +)))
(#(0 16 20) (#(D 0 1.0) #(157 12 14 0 10 0) (0 +)))
(#(0 16 21) (#(E 0 1.0) #(173 0 0 0 0 2) (0 +)))
(#(0 16 22) (#(D 0 0.0) #(173 5 21 0 14 1) (0 +)))
(#(0 16 23) (#(D 0 0.0) #(165 13 14 0 14 1) (0 +)))
(#(0 16 24) (#(E 0 0.0) #(173 0 0 0 0 2) (0 +)))
(#(0 16 26) (#(E 0 0) #(165 0 0 0 0 3) (0 +)))
(#(0 16 31) (#(D 0 0) #(220 13 18 0 10 1) (0 +)))
(#(0 16 31) (#(E 0 0) #(165 0 0 0 0 3) (0 +)))
(#(0 16 32) (#(E 0 0) #(173 0 0 0 0 3) (0 +)))
(#(0 17 18) (#(E 0 0) #(173 0 0 0 0 0) (0 +)))
(#(0 17 21) (#(E 0 1.0) #(173 0 0 0 0 1) (0 +)))
(#(0 17 24) (#(E 0 0.0) #(173 0 0 0 0 1) (0 +)))
(#(0 17 26) (#(E 0 0) #(165 0 0 0 0 1) (0 +)))
(#(0 17 31) (#(E 0 0) #(165 0 0 0 0 0) (0 +)))
(#(0 17 32) (#(E 0 0) #(173 0 0 0 0 1) (0 +)))
(#(0 18 21) (#(E 0 1.0) #(173 0 0 0 10 1) (0 +)))
(#(0 18 24) (#(E 0 0.0) #(173 0 0 0 10 1) (0 +)))
(#(0 18 24) (#(F+ 0 0.0) #(0 0 0 8 158 0) (4 +)))
(#(0 18 26) (#(E 0 0) #(165 0 0 0 10 1) (0 +)))
(#(0 18 26) (#(F+ 0 0) #(0 0 0 4 158 0) (4 +)))
(#(0 18 31) (#(E 0 0) #(165 0 0 0 0 1) (0 +)))
(#(0 18 32) (#(E 0 0) #(173 0 0 0 10 1) (0 +)))
(#(0 18 32) (#(F+ 0 0) #(0 0 0 8 163 0) (4 +)))
(#(0 21 24) (#(E 1.0 0.0) #(173 0 0 0 10 3) (0 +)))
(#(0 21 26) (#(E 1.0 0) #(165 0 0 0 10 3) (0 +)))
(#(0 21 31) (#(E 1.0 0) #(165 0 0 0 0 2) (0 +)))
(#(0 21 32) (#(E 1.0 0) #(173 0 0 0 10 3) (0 +)))
(#(0 21 36) (#(B- 1.0 63) #(8 17 7 8 0 151) (5 +)))
(#(0 24 26) (#(E 0.0 0) #(165 0 0 0 10 3) (0 +)))
(#(0 24 31) (#(E 0.0 0) #(165 0 0 0 0 2) (0 +)))
(#(0 24 32) (#(E 0.0 0) #(173 0 0 0 10 3) (0 +)))
(#(0 24 36) (#(B- 0.0 63) #(8 17 7 8 0 153) (5 +)))
(#(0 26 31) (#(E 0 0) #(157 0 0 0 0 3) (0 +)))
(#(0 26 32) (#(E 0 0) #(165 0 0 0 10 4) (0 +)))
(#(0 31 32) (#(E 0 0) #(165 0 0 0 0 3) (0 +)))
(#(0 32 36) (#(B- 0 63) #(8 23 7 8 0 161) (5 +)))
(#(1 3 32) (#("2/4" 2 0) #(0 21 4 8 5 143) (5 +)))
(#(1 19 36) (#("2/4" 1.0 65) #(0 12 7 0 0 146) (5 +)))
(#(1 20 36) (#("2/4" 1.0 65) #(0 6 18 0 0 141) (5 +)))
(#(1 21 36) (#("2/4" 1.0 63) #(0 4 7 8 5 145) (5 +)))
(#(1 22 36) (#("2/4" 0.0 65) #(0 12 7 0 0 148) (5 +)))
(#(1 23 36) (#("2/4" 0.0 65) #(0 6 18 0 0 144) (5 +)))
(#(1 24 36) (#("2/4" 0.0 63) #(0 4 7 8 5 146) (5 +)))
(#(1 32 36) (#("2/4" 0 63) #(0 7 7 8 5 162) (5 +)))
(#(3 17 18) (#(0 0 0) #(811 292 694 263 196 10) (5 -)))
(#(3 18 25) (#(0 0 R) #(213 283 388 259 158 19) (5 -)))
(#(5 17 24) (#(0 0 0.0) #(535 251 698 141 153 20) (5 -)))
(#(8 17 18) (#(0 0 0) #(520 199 466 145 191 8) (5 -)))
(#(8 17 21) (#(0 0 1.0) #(504 182 416 157 182 17) (5 -)))
(#(8 17 24) (#(0 0 0.0) #(512 193 434 165 220 18) (5 -)))
(#(8 17 31) (#(0 0 0) #(480 149 367 169 172 20) (5 -)))
(#(8 27 32) (#(0 0 0) #(150 206 338 149 144 13) (5 -)))
(#(11 18 32) (#(0 0 0) #(157 147 160 286 148 10) (5 -)))
(#(17 18 21) (#(0 0 1.0) #(953 387 719 235 187 10) (5 -)))
(#(17 18 24) (#(0 0 0.0) #(961 399 751 247 225 11) (5 -)))
(#(17 18 26) (#(0 0 0) #(976 444 801 286 206 13) (5 -)))
(#(17 18 31) (#(0 0 0) #(890 256 598 227 182 11) (5 -)))
(#(17 18 32) (#(0 0 0) #(984 467 811 298 234 13) (5 -)))
(#(17 21 31) (#(0 1.0 0) #(874 235 541 224 177 16) (5 -)))
(#(17 24 31) (#(0 0.0 0) #(882 247 559 235 201 18) (5 -)))
(#(18 21 25) (#(0 1.0 R) #(252 346 391 231 144 20) (5 -)))
(#(18 24 25) (#(0 0.0 R) #(252 359 413 243 187 23) (5 -)))
(#(18 24 27) (#(0 0.0 0) #(268 359 495 188 153 23) (5 -)))
