(#(0 1 3) (#(D "3/8" 0) #(197 0 0 0 0 0) (0 +)))
(#(0 1 16) (#(D "3/8" 0) #(220 0 0 0 0 0) (0 +)))
(#(0 1 17) (#(D "3/8" 0) #(220 0 0 0 0 0) (0 +)))
(#(0 1 18) (#(D "3/8" 0) #(220 0 0 0 0 0) (0 +)))
(#(0 1 21) (#(D "3/8" 1.0) #(213 0 0 0 0 0) (0 +)))
(#(0 1 22) (#(D "3/8" 0.0) #(173 0 0 0 0 0) (0 +)))
(#(0 1 24) (#(D "3/8" 0.0) #(220 0 0 0 0 0) (0 +)))
(#(0 1 24) (#(C+ "2/2" 0.0) #(0 0 0 184 0 0) (3 +)))
(#(0 1 26) (#(D "3/8" 0) #(220 0 0 0 0 0) (0 +)))
(#(0 1 31) (#(D "3/8" 0) #(220 0 0 0 0 0) (0 +)))
(#(0 1 32) (#(D "3/8" 0) #(220 0 0 0 0 0) (0 +)))
(#(0 1 32) (#(C+ "2/2" 0) #(0 0 0 200 0 0) (3 +)))
(#(0 3 26) (#(F+ 0 0) #(0 0 0 16 182 3) (4 +)))
(#(0 16 17) (#(E 0 0) #(173 0 0 0 0 0) (0 +)))
(#(0 16 18) (#(E 0 0) #(173 0 0 0 0 1) (0 +)))
(#(0 16 21) (#(E 0 1.0) #(173 0 0 0 0 2) (0 +)))
(#(0 16 22) (#(D 0 0.0) #(173 5 21 0 14 1) (0 +)))
(#(0 16 24) (#(E 0 0.0) #(173 0 0 0 0 2) (0 +)))
(#(0 16 31) (#(D 0 0) #(220 13 18 0 10 1) (0 +)))
(#(0 16 32) (#(E 0 0) #(173 0 0 0 0 3) (0 +)))
(#(0 17 18) (#(E 0 0) #(173 0 0 0 0 0) (0 +)))
(#(0 17 21) (#(E 0 1.0) #(173 0 0 0 0 1) (0 +)))
(#(0 17 24) (#(E 0 0.0) #(173 0 0 0 0 1) (0 +)))
(#(0 17 32) (#(E 0 0) #(173 0 0 0 0 1) (0 +)))
(#(0 18 21) (#(E 0 1.0) #(173 0 0 0 10 1) (0 +)))
(#(0 18 24) (#(E 0 0.0) #(173 0 0 0 10 1) (0 +)))
(#(0 18 32) (#(E 0 0) #(173 0 0 0 10 1) (0 +)))
(#(0 20 21) (#(C+ 1.0 1.0) #(0 0 0 173 24 16) (3 +)))
(#(0 20 23) (#(C+ 1.0 0.0) #(0 0 0 173 24 16) (3 +)))
(#(0 20 24) (#(C+ 1.0 0.0) #(0 0 0 173 24 16) (3 +)))
(#(0 20 32) (#(C+ 1.0 0) #(0 0 0 173 24 16) (3 +)))
(#(0 21 24) (#(E 1.0 0.0) #(173 0 0 0 10 3) (0 +)))
(#(0 21 32) (#(E 1.0 0) #(173 0 0 0 10 3) (0 +)))
(#(0 24 32) (#(E 0.0 0) #(173 0 0 0 10 3) (0 +)))
(#(3 17 18) (#(0 0 0) #(811 292 694 263 196 10) (5 -)))
(#(3 17 31) (#(0 0 0) #(756 197 520 275 177 24) (5 -)))
(#(17 18 21) (#(0 0 1.0) #(953 387 719 235 187 10) (5 -)))
(#(17 18 24) (#(0 0 0.0) #(961 399 751 247 225 11) (5 -)))
(#(17 18 26) (#(0 0 0) #(976 444 801 286 206 13) (5 -)))
(#(17 18 31) (#(0 0 0) #(890 256 598 227 182 11) (5 -)))
(#(17 18 32) (#(0 0 0) #(984 467 811 298 234 13) (5 -)))
(#(17 21 31) (#(0 1.0 0) #(874 235 541 224 177 16) (5 -)))
(#(17 24 31) (#(0 0.0 0) #(882 247 559 235 201 18) (5 -)))
(#(18 24 25) (#(0 0.0 R) #(252 359 413 243 187 23) (5 -)))
