25
;
(#(0 1 16) (#(D "3/8" 0) #(220 0 0 0 0 0) (0 +)))
(#(0 1 17) (#(D "3/8" 0) #(220 0 0 0 0 0) (0 +)))
(#(0 1 18) (#(D "3/8" 0) #(220 0 0 0 0 0) (0 +)))
(#(0 1 21) (#(D "3/8" 1.0) #(213 0 0 0 0 0) (0 +)))
(#(0 1 24) (#(D "3/8" 0.0) #(220 0 0 0 0 0) (0 +)))
(#(0 1 26) (#(D "3/8" 0) #(220 0 0 0 0 0) (0 +)))
(#(0 1 31) (#(D "3/8" 0) #(220 0 0 0 0 0) (0 +)))
(#(0 1 32) (#(D "3/8" 0) #(220 0 0 0 0 0) (0 +)))
(#(0 1 32) (#(C+ "2/2" 0) #(0 0 0 200 0 0) (3 +)))
(#(0 16 17) (#(D 0 0) #(220 24 25 0 10 1) (0 +)))
(#(0 16 18) (#(D 0 0) #(220 29 21 0 14 0) (0 +)))
(#(0 16 21) (#(D 0 1.0) #(213 28 25 0 14 1) (0 +)))
(#(0 16 24) (#(D 0 0.0) #(220 28 25 0 14 2) (0 +)))
(#(0 16 26) (#(D 0 0) #(220 33 21 0 14 1) (0 +)))
(#(0 16 31) (#(D 0 0) #(220 13 18 0 10 1) (0 +)))
(#(0 16 32) (#(D 0 0) #(220 34 25 0 14 2) (0 +)))
(#(0 24 26) (#(F+ 0.0 0) #(0 0 0 31 206 4) (4 +)))
(#(3 17 24) (#(0 0 0.0) #(795 291 648 278 225 32) (5 -)))
(#(17 18 24) (#(0 0 0.0) #(961 399 751 247 225 11) (5 -)))
(#(17 18 26) (#(0 0 0) #(976 444 801 286 206 13) (5 -)))
(#(17 18 32) (#(0 0 0) #(984 467 811 298 234 13) (5 -)))
(#(17 21 24) (#(0 1.0 0.0) #(961 437 733 314 230 34) (5 -)))
(#(17 21 32) (#(0 1.0 0) #(961 437 733 314 230 34) (5 -)))
(#(17 24 31) (#(0 0.0 0) #(882 247 559 235 201 18) (5 -)))
(#(18 25 32) (#(0 R 0) #(276 456 473 290 201 28) (5 -)))
