99
;
(#(0 1 3) (#(D "3/8" 0) #(197 0 0 0 0 0) (0 +)))
(#(0 1 16) (#(D "3/8" 0) #(220 0 0 0 0 0) (0 +)))
(#(0 1 17) (#(D "3/8" 0) #(220 0 0 0 0 0) (0 +)))
(#(0 1 18) (#(D "3/8" 0) #(220 0 0 0 0 0) (0 +)))
(#(0 1 19) (#(D "3/8" 1.0) #(165 0 0 0 0 0) (0 +)))
(#(0 1 21) (#(D "3/8" 1.0) #(213 0 0 0 0 0) (0 +)))
(#(0 1 21) (#(C+ "2/2" 1.0) #(0 0 0 169 0 0) (3 +)))
(#(0 1 22) (#(D "3/8" 0.0) #(173 0 0 0 0 0) (0 +)))
(#(0 1 23) (#(D "3/8" 0.0) #(165 0 0 0 0 0) (0 +)))
(#(0 1 23) (#(C+ "2/2" 0.0) #(0 0 0 165 0 0) (3 +)))
(#(0 1 24) (#(D "3/8" 0.0) #(220 0 0 0 0 0) (0 +)))
(#(0 1 24) (#(C+ "2/2" 0.0) #(0 0 0 184 0 0) (3 +)))
(#(0 1 24) (#(F+ "4/4" 0.0) #(0 0 0 0 167 0) (4 +)))
(#(0 1 26) (#(D "3/8" 0) #(220 0 0 0 0 0) (0 +)))
(#(0 1 31) (#(D "3/8" 0) #(220 0 0 0 0 0) (0 +)))
(#(0 1 32) (#(D "3/8" 0) #(220 0 0 0 0 0) (0 +)))
(#(0 1 32) (#(C+ "2/2" 0) #(0 0 0 200 0 0) (3 +)))
(#(0 1 32) (#(F+ "4/4" 0) #(0 0 0 0 163 0) (4 +)))
(#(0 3 16) (#(D 0 0) #(197 20 25 0 10 2) (0 +)))
(#(0 3 25) (#(B- 0 B) #(8 5 14 35 29 175) (5 +)))
(#(0 3 26) (#(F+ 0 0) #(0 0 0 16 182 3) (4 +)))
(#(0 8 24) (#(F+ 0 0.0) #(0 0 0 24 167 0) (4 +)))
(#(0 16 17) (#(D 0 0) #(220 24 25 0 10 1) (0 +)))
(#(0 16 17) (#(E 0 0) #(173 0 0 0 0 0) (0 +)))
(#(0 16 18) (#(D 0 0) #(220 29 21 0 14 0) (0 +)))
(#(0 16 18) (#(E 0 0) #(173 0 0 0 0 1) (0 +)))
(#(0 16 19) (#(D 0 1.0) #(165 5 21 0 14 0) (0 +)))
(#(0 16 21) (#(D 0 1.0) #(213 28 25 0 14 1) (0 +)))
(#(0 16 21) (#(E 0 1.0) #(173 0 0 0 0 2) (0 +)))
(#(0 16 22) (#(D 0 0.0) #(173 5 21 0 14 1) (0 +)))
(#(0 16 23) (#(D 0 0.0) #(165 13 14 0 14 1) (0 +)))
(#(0 16 24) (#(D 0 0.0) #(220 28 25 0 14 2) (0 +)))
(#(0 16 24) (#(E 0 0.0) #(173 0 0 0 0 2) (0 +)))
(#(0 16 26) (#(D 0 0) #(220 33 21 0 14 1) (0 +)))
(#(0 16 26) (#(E 0 0) #(165 0 0 0 0 3) (0 +)))
(#(0 16 31) (#(D 0 0) #(220 13 18 0 10 1) (0 +)))
(#(0 16 31) (#(E 0 0) #(165 0 0 0 0 3) (0 +)))
(#(0 16 32) (#(D 0 0) #(220 34 25 0 14 2) (0 +)))
(#(0 16 32) (#(E 0 0) #(173 0 0 0 0 3) (0 +)))
(#(0 17 18) (#(E 0 0) #(173 0 0 0 0 0) (0 +)))
(#(0 17 21) (#(E 0 1.0) #(173 0 0 0 0 1) (0 +)))
(#(0 17 24) (#(E 0 0.0) #(173 0 0 0 0 1) (0 +)))
(#(0 17 26) (#(E 0 0) #(165 0 0 0 0 1) (0 +)))
(#(0 17 31) (#(E 0 0) #(165 0 0 0 0 0) (0 +)))
(#(0 17 32) (#(E 0 0) #(173 0 0 0 0 1) (0 +)))
(#(0 18 21) (#(E 0 1.0) #(173 0 0 0 10 1) (0 +)))
(#(0 18 24) (#(E 0 0.0) #(173 0 0 0 10 1) (0 +)))
(#(0 18 26) (#(E 0 0) #(165 0 0 0 10 1) (0 +)))
(#(0 18 31) (#(E 0 0) #(165 0 0 0 0 1) (0 +)))
(#(0 18 32) (#(E 0 0) #(173 0 0 0 10 1) (0 +)))
(#(0 18 32) (#(F+ 0 0) #(0 0 0 8 163 0) (4 +)))
(#(0 20 21) (#(C+ 1.0 1.0) #(0 0 0 173 24 16) (3 +)))
(#(0 20 23) (#(C+ 1.0 0.0) #(0 0 0 173 24 16) (3 +)))
(#(0 20 24) (#(C+ 1.0 0.0) #(0 0 0 173 24 16) (3 +)))
(#(0 20 32) (#(C+ 1.0 0) #(0 0 0 173 24 16) (3 +)))
(#(0 21 24) (#(E 1.0 0.0) #(173 0 0 0 10 3) (0 +)))
(#(0 21 26) (#(E 1.0 0) #(165 0 0 0 10 3) (0 +)))
(#(0 21 26) (#(F+ 1.0 0) #(0 0 0 31 172 3) (4 +)))
(#(0 21 31) (#(E 1.0 0) #(165 0 0 0 0 2) (0 +)))
(#(0 21 32) (#(E 1.0 0) #(173 0 0 0 10 3) (0 +)))
(#(0 23 31) (#(D 0.0 0) #(165 8 25 0 19 8) (0 +)))
(#(0 24 26) (#(E 0.0 0) #(165 0 0 0 10 3) (0 +)))
(#(0 24 26) (#(F+ 0.0 0) #(0 0 0 31 206 4) (4 +)))
(#(0 24 31) (#(E 0.0 0) #(165 0 0 0 0 2) (0 +)))
(#(0 24 32) (#(E 0.0 0) #(173 0 0 0 10 3) (0 +)))
(#(0 25 26) (#(B- B 0) #(8 9 14 27 5 177) (5 +)))
(#(0 26 32) (#(E 0 0) #(165 0 0 0 10 4) (0 +)))
(#(0 31 32) (#(E 0 0) #(165 0 0 0 0 3) (0 +)))
(#(0 32 36) (#(B- 0 63) #(8 23 7 8 0 161) (5 +)))
(#(1 10 25) (#("2/4" 0 B) #(0 32 36 4 29 215) (5 +)))
(#(1 21 36) (#("2/4" 1.0 65) #(0 26 36 0 0 174) (5 +)))
(#(1 24 36) (#("2/4" 0.0 65) #(0 26 36 0 0 177) (5 +)))
(#(1 32 36) (#("2/4" 0 63) #(0 7 7 8 5 162) (5 +)))
(#(3 5 17) (#(0 0 0) #(465 223 676 169 167 34) (5 -)))
(#(3 17 18) (#(0 0 0) #(811 292 694 263 196 10) (5 -)))
(#(3 17 21) (#(0 0 1.0) #(787 277 619 267 182 27) (5 -)))
(#(3 17 24) (#(0 0 0.0) #(795 291 648 278 225 32) (5 -)))
(#(3 17 31) (#(0 0 0) #(756 197 520 275 177 24) (5 -)))
(#(5 8 38) (#(0 0 12) #(31 36 167 12 14 5) (2 +)))
(#(5 17 36) (#(0 0 62) #(31 31 160 20 5 3) (2 +)))
(#(5 18 36) (#(0 0 62) #(31 37 164 31 0 8) (2 +)))
(#(8 10 38) (#(0 0 12) #(31 35 171 24 14 5) (2 +)))
(#(8 12 38) (#(0 0 12) #(31 31 171 27 14 4) (2 +)))
(#(8 17 24) (#(0 0 0.0) #(512 193 434 165 220 18) (5 -)))
(#(10 17 36) (#(0 0 62) #(31 31 160 20 5 3) (2 +)))
(#(17 18 21) (#(0 0 1.0) #(953 387 719 235 187 10) (5 -)))
(#(17 18 24) (#(0 0 0.0) #(961 399 751 247 225 11) (5 -)))
(#(17 18 26) (#(0 0 0) #(976 444 801 286 206 13) (5 -)))
(#(17 18 31) (#(0 0 0) #(890 256 598 227 182 11) (5 -)))
(#(17 18 32) (#(0 0 0) #(984 467 811 298 234 13) (5 -)))
(#(17 21 24) (#(0 1.0 0.0) #(961 437 733 314 230 34) (5 -)))
(#(17 21 26) (#(0 1.0 0) #(953 413 722 263 182 33) (5 -)))
(#(17 21 31) (#(0 1.0 0) #(874 235 541 224 177 16) (5 -)))
(#(17 21 32) (#(0 1.0 0) #(961 437 733 314 230 34) (5 -)))
(#(17 24 31) (#(0 0.0 0) #(882 247 559 235 201 18) (5 -)))
(#(17 26 31) (#(0 0 0) #(890 289 609 263 167 32) (5 -)))
(#(17 31 32) (#(0 0 0) #(898 307 623 306 220 37) (5 -)))
(#(18 24 25) (#(0 0.0 R) #(252 359 413 243 187 23) (5 -)))
(#(18 25 32) (#(0 R 0) #(276 456 473 290 201 28) (5 -)))
