(#(0 1 3) (#(D "3/8" 0) #(197 0 0 0 0 0) (0 +)))
(#(0 1 16) (#(D "3/8" 0) #(220 0 0 0 0 0) (0 +)))
(#(0 1 17) (#(D "3/8" 0) #(220 0 0 0 0 0) (0 +)))
(#(0 1 18) (#(D "3/8" 0) #(220 0 0 0 0 0) (0 +)))
(#(0 1 21) (#(D "3/8" 1.0) #(213 0 0 0 0 0) (0 +)))
(#(0 1 24) (#(D "3/8" 0.0) #(220 0 0 0 0 0) (0 +)))
(#(0 1 24) (#(C+ "2/2" 0.0) #(0 0 0 184 0 0) (3 +)))
(#(0 1 26) (#(D "3/8" 0) #(220 0 0 0 0 0) (0 +)))
(#(0 1 31) (#(D "3/8" 0) #(220 0 0 0 0 0) (0 +)))
(#(0 1 32) (#(D "3/8" 0) #(220 0 0 0 0 0) (0 +)))
(#(0 1 32) (#(C+ "2/2" 0) #(0 0 0 200 0 0) (3 +)))
(#(0 3 16) (#(D 0 0) #(197 20 25 0 10 2) (0 +)))
(#(0 3 19) (#(B- 0 1.0) #(8 26 14 39 29 181) (5 +)))
(#(0 3 20) (#(B- 0 1.0) #(16 16 14 51 53 181) (5 +)))
(#(0 3 22) (#(B- 0 0.0) #(8 26 14 39 33 184) (5 +)))
(#(0 3 24) (#(F+ 0 0.0) #(0 0 0 43 182 7) (4 +)))
(#(0 3 26) (#(F+ 0 0) #(0 0 0 16 182 3) (4 +)))
(#(0 16 17) (#(D 0 0) #(220 24 25 0 10 1) (0 +)))
(#(0 16 18) (#(D 0 0) #(220 29 21 0 14 0) (0 +)))
(#(0 16 21) (#(D 0 1.0) #(213 28 25 0 14 1) (0 +)))
(#(0 16 24) (#(D 0 0.0) #(220 28 25 0 14 2) (0 +)))
(#(0 16 26) (#(D 0 0) #(220 33 21 0 14 1) (0 +)))
(#(0 16 31) (#(D 0 0) #(220 13 18 0 10 1) (0 +)))
(#(0 16 32) (#(D 0 0) #(220 34 25 0 14 2) (0 +)))
(#(0 19 20) (#(B- 1.0 1.0) #(8 2 11 27 43 191) (5 +)))
(#(0 19 21) (#(B- 1.0 1.0) #(8 35 21 43 53 236) (5 +)))
(#(0 19 22) (#(B- 1.0 0.0) #(8 35 21 43 53 236) (5 +)))
(#(0 19 23) (#(B- 1.0 0.0) #(8 2 11 27 48 191) (5 +)))
(#(0 19 24) (#(B- 1.0 0.0) #(8 35 21 43 53 236) (5 +)))
(#(0 19 25) (#(B- 1.0 B) #(8 2 11 27 43 191) (5 +)))
(#(0 19 26) (#(B- 1.0 0) #(8 34 21 39 10 202) (5 +)))
(#(0 19 32) (#(B- 1.0 0) #(8 35 21 43 53 236) (5 +)))
(#(0 20 22) (#(B- 1.0 0.0) #(8 2 11 27 43 191) (5 +)))
(#(0 20 25) (#(B- 1.0 B) #(8 2 11 27 43 191) (5 +)))
(#(0 20 26) (#(B- 1.0 0) #(24 29 18 47 19 183) (5 +)))
(#(0 21 22) (#(B- 1.0 0.0) #(8 35 21 43 53 236) (5 +)))
(#(0 21 24) (#(C+ 1.0 0.0) #(0 0 0 196 53 18) (3 +)))
(#(0 21 25) (#(B- 1.0 B) #(8 5 11 27 48 192) (5 +)))
(#(0 21 32) (#(C+ 1.0 0) #(0 0 0 200 53 18) (3 +)))
(#(0 22 23) (#(B- 0.0 0.0) #(8 2 11 27 53 193) (5 +)))
(#(0 22 25) (#(B- 0.0 B) #(8 2 11 27 43 193) (5 +)))
(#(0 22 26) (#(B- 0.0 0) #(8 37 21 39 10 205) (5 +)))
(#(0 23 24) (#(C+ 0.0 0.0) #(0 0 0 188 53 16) (3 +)))
(#(0 23 25) (#(B- 0.0 B) #(8 2 11 27 43 193) (5 +)))
(#(0 23 26) (#(B- 0.0 0) #(24 30 18 47 19 186) (5 +)))
(#(0 23 32) (#(C+ 0.0 0) #(0 0 0 192 53 16) (3 +)))
(#(0 24 25) (#(B- 0.0 B) #(8 6 11 27 48 194) (5 +)))
(#(0 24 26) (#(F+ 0.0 0) #(0 0 0 31 206 4) (4 +)))
(#(0 25 32) (#(B- B 0) #(8 10 18 35 48 220) (5 +)))
(#(0 26 32) (#(F+ 0 0) #(0 0 0 47 230 5) (4 +)))
(#(1 10 25) (#("2/4" 0 B) #(0 32 36 4 29 215) (5 +)))
(#(1 16 19) (#("4/4" 0 1.0) #(205 5 25 12 53 7) (0 +)))
(#(1 16 20) (#("4/4" 0 1.0) #(189 20 18 20 53 4) (0 +)))
(#(1 19 20) (#("2/4" 1.0 1.0) #(0 35 25 27 38 376) (5 +)))
(#(1 19 23) (#("2/4" 1.0 0.0) #(0 35 25 27 38 376) (5 +)))
(#(1 19 25) (#("2/4" 1.0 B) #(0 33 25 27 38 376) (5 +)))
(#(1 20 22) (#("2/4" 1.0 0.0) #(0 35 25 27 38 376) (5 +)))
(#(1 20 25) (#("2/4" 1.0 B) #(0 33 25 27 38 376) (5 +)))
(#(1 21 25) (#("2/4" 1.0 B) #(0 42 32 27 38 382) (5 +)))
(#(1 22 23) (#("2/4" 0.0 0.0) #(0 37 25 27 38 385) (5 +)))
(#(1 22 25) (#("2/4" 0.0 B) #(0 35 25 27 38 385) (5 +)))
(#(1 23 25) (#("2/4" 0.0 B) #(0 35 25 27 38 385) (5 +)))
(#(1 24 25) (#("2/4" 0.0 B) #(0 44 32 27 38 391) (5 +)))
(#(1 25 26) (#("2/4" B 0) #(0 48 39 27 33 373) (5 +)))
(#(1 25 31) (#("2/4" B 0) #(0 27 39 35 53 211) (5 +)))
(#(1 32 36) (#("2/4" 0 65) #(0 29 43 0 5 205) (5 +)))
(#(3 8 17) (#(0 0 0) #(465 181 445 212 239 39) (5 -)))
(#(3 17 18) (#(0 0 0) #(811 292 694 263 196 10) (5 -)))
(#(3 17 21) (#(0 0 1.0) #(787 277 619 267 182 27) (5 -)))
(#(3 17 24) (#(0 0 0.0) #(795 291 648 278 225 32) (5 -)))
(#(5 10 18) (#(0 0 0) #(449 340 801 224 196 43) (5 -)))
(#(5 18 31) (#(0 0 0) #(504 253 641 180 215 53) (5 -)))
(#(8 17 32) (#(0 0 0) #(528 250 495 231 263 42) (5 -)))
(#(8 18 31) (#(0 0 0) #(480 209 420 235 292 51) (5 -)))
(#(17 18 21) (#(0 0 1.0) #(953 387 719 235 187 10) (5 -)))
(#(17 18 24) (#(0 0 0.0) #(961 399 751 247 225 11) (5 -)))
(#(17 18 26) (#(0 0 0) #(976 444 801 286 206 13) (5 -)))
(#(17 18 31) (#(0 0 0) #(890 256 598 227 182 11) (5 -)))
(#(17 18 32) (#(0 0 0) #(984 467 811 298 234 13) (5 -)))
(#(17 21 24) (#(0 1.0 0.0) #(961 437 733 314 230 34) (5 -)))
(#(17 21 26) (#(0 1.0 0) #(953 413 722 263 182 33) (5 -)))
(#(17 21 32) (#(0 1.0 0) #(961 437 733 314 230 34) (5 -)))
(#(17 24 26) (#(0 0.0 0) #(961 431 758 271 225 38) (5 -)))
(#(17 24 31) (#(0 0.0 0) #(882 247 559 235 201 18) (5 -)))
(#(17 24 32) (#(0 0.0 0) #(969 454 769 329 278 39) (5 -)))
(#(17 31 32) (#(0 0 0) #(898 307 623 306 220 37) (5 -)))
(#(18 24 25) (#(0 0.0 R) #(252 359 413 243 187 23) (5 -)))
(#(18 25 32) (#(0 R 0) #(276 456 473 290 201 28) (5 -)))
