94
;
(#(0 1 16) (#(D "3/8" 0) #(220 0 0 0 0 0) (0 +)))
(#(0 1 17) (#(D "3/8" 0) #(220 0 0 0 0 0) (0 +)))
(#(0 1 18) (#(D "3/8" 0) #(220 0 0 0 0 0) (0 +)))
(#(0 1 21) (#(D "3/8" 1.0) #(213 0 0 0 0 0) (0 +)))
(#(0 1 24) (#(D "3/8" 0.0) #(220 0 0 0 0 0) (0 +)))
(#(0 1 26) (#(D "3/8" 0) #(220 0 0 0 0 0) (0 +)))
(#(0 1 31) (#(D "3/8" 0) #(220 0 0 0 0 0) (0 +)))
(#(0 1 32) (#(D "3/8" 0) #(220 0 0 0 0 0) (0 +)))
(#(0 1 32) (#(C+ "2/2" 0) #(0 0 0 200 0 0) (3 +)))
(#(0 3 32) (#(C+ 0 0) #(0 0 0 208 72 11) (3 +)))
(#(0 5 31) (#(C 0 0) #(39 62 228 4 57 28) (2 +)))
(#(0 8 10) (#(C 0 0) #(16 69 224 4 38 30) (2 +)))
(#(0 10 31) (#(C 0 0) #(31 67 217 12 43 35) (2 +)))
(#(0 16 17) (#(D 0 0) #(220 24 25 0 10 1) (0 +)))
(#(0 16 18) (#(D 0 0) #(220 29 21 0 14 0) (0 +)))
(#(0 16 21) (#(D 0 1.0) #(213 28 25 0 14 1) (0 +)))
(#(0 16 24) (#(D 0 0.0) #(220 28 25 0 14 2) (0 +)))
(#(0 16 26) (#(D 0 0) #(220 33 21 0 14 1) (0 +)))
(#(0 16 31) (#(D 0 0) #(220 13 18 0 10 1) (0 +)))
(#(0 16 32) (#(D 0 0) #(220 34 25 0 14 2) (0 +)))
(#(0 19 21) (#(B- 1.0 1.0) #(8 35 21 43 53 236) (5 +)))
(#(0 19 22) (#(B- 1.0 0.0) #(8 35 21 43 53 236) (5 +)))
(#(0 19 24) (#(B- 1.0 0.0) #(8 35 21 43 53 236) (5 +)))
(#(0 19 26) (#(B- 1.0 0) #(8 34 21 39 10 202) (5 +)))
(#(0 19 32) (#(B- 1.0 0) #(8 35 21 43 53 236) (5 +)))
(#(0 21 22) (#(B- 1.0 0.0) #(8 35 21 43 53 236) (5 +)))
(#(0 21 32) (#(C+ 1.0 0) #(0 0 0 200 53 18) (3 +)))
(#(0 22 24) (#(B- 0.0 0.0) #(8 38 21 43 67 241) (5 +)))
(#(0 22 26) (#(B- 0.0 0) #(8 37 21 39 10 205) (5 +)))
(#(0 22 32) (#(B- 0.0 0) #(8 38 21 43 62 241) (5 +)))
(#(0 24 26) (#(F+ 0.0 0) #(0 0 0 31 206 4) (4 +)))
(#(0 24 32) (#(C+ 0.0 0) #(0 0 0 224 72 18) (3 +)))
(#(0 25 32) (#(B- B 0) #(8 10 18 35 48 220) (5 +)))
(#(0 26 32) (#(F+ 0 0) #(0 0 0 47 230 5) (4 +)))
(#(1 3 21) (#("2/2" 0 1.0) #(0 11 60 220 57 0) (3 +)))
(#(1 3 24) (#("2/2" 0 0.0) #(0 11 68 220 57 0) (3 +)))
(#(1 3 25) (#("2/4" 0 B) #(0 43 39 35 67 295) (5 +)))
(#(1 8 23) (#("2/4" 0 0.0) #(0 39 57 43 38 207) (5 +)))
(#(1 10 20) (#("2/4" 0 1.0) #(0 48 71 4 24 228) (5 +)))
(#(1 10 23) (#("2/4" 0 0.0) #(0 50 71 4 24 236) (5 +)))
(#(1 10 25) (#("2/4" 0 B) #(0 32 36 4 29 215) (5 +)))
(#(1 12 25) (#("2/4" 0 B) #(0 42 43 0 62 228) (5 +)))
(#(1 16 17) (#("4/4" 0 0) #(402 30 60 12 72 7) (0 +)))
(#(1 16 19) (#("4/4" 0 1.0) #(205 5 25 12 53 7) (0 +)))
(#(1 16 22) (#("4/4" 0 0.0) #(205 6 25 12 57 8) (0 +)))
(#(1 17 19) (#("3/8" 0 1.0) #(228 13 71 4 0 0) (0 +)))
(#(1 17 22) (#("3/8" 0 0.0) #(236 13 71 4 0 0) (0 +)))
(#(1 19 20) (#("2/4" 1.0 1.0) #(0 35 25 27 38 376) (5 +)))
(#(1 19 23) (#("2/4" 1.0 0.0) #(0 35 25 27 38 376) (5 +)))
(#(1 19 25) (#("2/4" 1.0 B) #(0 33 25 27 38 376) (5 +)))
(#(1 20 22) (#("2/4" 1.0 0.0) #(0 35 25 27 38 376) (5 +)))
(#(1 20 25) (#("2/4" 1.0 B) #(0 33 25 27 38 376) (5 +)))
(#(1 20 31) (#("2/4" 1.0 0) #(0 35 68 47 53 222) (5 +)))
(#(1 21 25) (#("2/4" 1.0 B) #(0 42 32 27 38 382) (5 +)))
(#(1 22 23) (#("2/4" 0.0 0.0) #(0 37 25 27 38 385) (5 +)))
(#(1 22 25) (#("2/4" 0.0 B) #(0 35 25 27 38 385) (5 +)))
(#(1 23 25) (#("2/4" 0.0 B) #(0 35 25 27 38 385) (5 +)))
(#(1 23 31) (#("2/4" 0.0 0) #(0 35 68 47 53 229) (5 +)))
(#(1 24 25) (#("2/4" 0.0 B) #(0 44 32 27 38 391) (5 +)))
(#(1 25 26) (#("2/4" B 0) #(0 48 39 27 33 373) (5 +)))
(#(1 25 31) (#("2/4" B 0) #(0 27 39 35 53 211) (5 +)))
(#(1 25 32) (#("2/4" B 0) #(0 51 43 35 72 457) (5 +)))
(#(1 32 36) (#("2/4" 0 65) #(0 29 43 0 5 205) (5 +)))
(#(3 5 18) (#(0 0 0) #(465 316 762 227 254 60) (5 -)))
(#(3 6 12) (#(0 0 0) #(24 74 32 208 57 9) (3 +)))
(#(3 8 18) (#(0 0 0) #(465 259 509 247 349 68) (5 -)))
(#(3 8 23) (#(0 0 0.0) #(291 73 242 200 335 221) (1 -)))
(#(3 10 18) (#(0 0 0) #(425 312 758 298 230 62) (5 -)))
(#(3 12 38) (#(0 0 12) #(71 53 210 55 10 9) (2 +)))
(#(3 17 24) (#(0 0 0.0) #(795 291 648 278 225 32) (5 -)))
(#(3 17 32) (#(0 0 0) #(819 366 733 361 258 60) (5 -)))
(#(5 7 17) (#(0 0 0) #(39 70 214 51 43 7) (2 +)))
(#(5 10 38) (#(0 0 12) #(71 53 203 31 10 6) (2 +)))
(#(5 12 38) (#(0 0 12) #(71 48 203 31 10 5) (2 +)))
(#(5 18 26) (#(0 0 0) #(543 439 854 235 201 71) (5 -)))
(#(7 12 17) (#(0 0 0) #(31 73 228 51 33 16) (2 +)))
(#(8 17 32) (#(0 0 0) #(528 250 495 231 263 42) (5 -)))
(#(8 18 31) (#(0 0 0) #(480 209 420 235 292 51) (5 -)))
(#(10 12 38) (#(0 0 12) #(71 51 214 43 19 6) (2 +)))
(#(10 18 21) (#(0 0 1.0) #(457 354 737 247 215 71) (5 -)))
(#(10 18 24) (#(0 0 0.0) #(465 366 772 263 258 73) (5 -)))
(#(10 18 31) (#(0 0 0) #(449 261 644 251 239 55) (5 -)))
(#(12 18 31) (#(0 0 0) #(378 279 637 251 220 70) (5 -)))
(#(17 18 24) (#(0 0 0.0) #(961 399 751 247 225 11) (5 -)))
(#(17 18 26) (#(0 0 0) #(976 444 801 286 206 13) (5 -)))
(#(17 18 32) (#(0 0 0) #(984 467 811 298 234 13) (5 -)))
(#(17 21 24) (#(0 1.0 0.0) #(961 437 733 314 230 34) (5 -)))
(#(17 21 32) (#(0 1.0 0) #(961 437 733 314 230 34) (5 -)))
(#(17 24 26) (#(0 0.0 0) #(961 431 758 271 225 38) (5 -)))
(#(17 24 31) (#(0 0.0 0) #(882 247 559 235 201 18) (5 -)))
(#(17 24 32) (#(0 0.0 0) #(969 454 769 329 278 39) (5 -)))
(#(17 26 32) (#(0 0 0) #(984 530 840 337 239 67) (5 -)))
(#(17 31 32) (#(0 0 0) #(898 307 623 306 220 37) (5 -)))
(#(18 25 32) (#(0 R 0) #(276 456 473 290 201 28) (5 -)))
