180 27
180 28
180 29
180 30
180 31
180 32
180 33
180 34
180 35
180 36
180 37
180 38
180 39
180 40
180 41
180 42
180 43
180 44
180 45
180 46
180 47
180 48
180 49
180 50
180 51
180 52
180 53
180 54
180 55
180 56
180 57
180 58
180 59
180 60
180 61
180 62
180 63
180 64
180 65
180 66
180 67
180 68
180 69
180 70
180 71
180 72
180 73
180 74
180 75
180 76
180 77
180 78
180 79
180 80
180 81
180 82
180 83
180 84
180 85
180 86
180 87
180 88
180 89
180 90
190 0
190 1
190 2
190 3
190 4
190 5
190 6
190 7
190 8
190 9
190 10
190 11
190 12
190 13
190 14
190 15
190 16
190 17
190 18
190 19
190 20
190 21
190 22
190 23
190 24
190 25
190 26
190 27
190 28
190 29
190 30
190 31
190 32
190 33
190 34
190 35
190 36
190 37
190 38
190 39
190 40
190 41
190 42
190 43
190 44
190 45
190 46
190 47
190 48
190 49
190 50
190 51
190 52
190 53
190 54
190 55
190 56
190 57
190 58
190 59
190 60
190 61
190 62
190 63
190 64
190 65
190 66
190 67
190 68
190 69
190 70
190 71
190 72
190 73
190 74
190 75
190 76
190 77
190 78
190 79
190 80
190 81
190 82
190 83
190 84
190 85
190 86
190 87
190 88
190 89
190 90
190 91
190 92
190 93
190 94
190 95
200 0
200 1
200 2
200 3
200 4
200 5
200 6
200 7
200 8
200 9
200 10
200 11
200 12
200 13
200 14
200 15
200 16
200 17
200 18
200 19
200 20
200 21
200 22
200 23
200 24
200 25
200 26
200 27
200 28
200 29
200 30
200 31
200 32
200 33
200 34
200 35
200 36
200 37
200 38
200 39
200 40
200 41
200 42
200 43
200 44
200 45
200 46
200 47
200 48
200 49
200 50
200 51
200 52
200 53
200 54
200 55
200 56
200 57
200 58
200 59
200 60
200 61
200 62
200 63
200 64
200 65
200 66
200 67
200 68
200 69
200 70
200 71
200 72
200 73
200 74
200 75
200 76
200 77
200 78
200 79
200 80
200 81
200 82
200 83
200 84
200 85
200 86
200 87
200 88
200 89
200 90
200 91
200 92
200 93
200 94
200 95
200 96
200 97
200 98
200 99
200 100
