25 100
25 50
25 60
25 70
25 80
25 90
26 100
26 60
26 70
26 80
26 90
27 100
27 60
27 70
27 80
27 90
28 100
28 60
28 70
28 80
28 90
29 100
29 110
29 60
29 70
29 80
29 90
30 100
30 110
30 60
30 70
30 80
30 90
31 100
31 110
31 70
31 80
31 90
32 100
32 110
32 70
32 80
32 90
33 100
33 110
33 70
33 80
33 90
34 100
34 110
34 70
34 80
34 90
35 100
35 110
35 70
35 80
35 90
36 100
36 110
36 80
36 90
37 100
37 110
37 80
37 90
38 100
38 110
38 80
38 90
39 100
39 110
39 80
39 90
40 100
40 110
40 80
40 90
41 100
41 110
41 90
42 100
42 110
42 90
43 100
43 110
43 90
44 100
44 110
44 90
45 100
45 110
45 90
46 100
46 110
47 100
47 110
48 100
48 110
49 100
49 110
50 100
50 110
51 110
52 110
53 110
54 110
55 110
