Resultados_caracterizador/100-25.txt

(#(215.56693 0.0648318 19.181494 45.4 27.574163 17.726013)
 #(0.0 0.0 0.0 0.0 0.0 39.307617)) Resultados_caracterizador/100-26.txt

(#(215.56693 0.0648318 20.295374 45.4 27.574163 17.726013)
 #(0.0 0.0 0.0 0.0 0.0 40.25816)) Resultados_caracterizador/100-27.txt

(#(222.37007 0.0648318 24.373665 45.4 28.856459 18.72997)
 #(0.0 0.0 0.0 0.0 0.0 43.602375)) Resultados_caracterizador/100-28.txt

(#(237.79527 0.0648318 25.64057 45.862743 28.856459 19.32542)
 #(0.0 0.0 0.0 0.0 0.0 49.802177)) Resultados_caracterizador/100-29.txt

(#(239.52756 0.13333334 28.758007 49.482353 28.856459 19.986153)
 #(0.0 0.0 0.0 0.0 0.0 51.185955)) Resultados_caracterizador/100-30.txt

(#(241.38583 0.13333334 29.55872 49.482353 28.856459 19.986153)
 #(0.0 0.0 0.0 0.0 0.0 51.59446)) Resultados_caracterizador/100-31.txt

(#(243.30708 0.13333334 38.427048 51.2549 32.42584 22.030663)
 #(0.0 0.0 0.0 0.0 0.0 52.83185)) Resultados_caracterizador/100-32.txt

(#(244.3622 0.13333334 41.30249 53.890198 32.42584 22.454006)
 #(0.0 0.0 0.0 0.0 0.0 57.503464)) Resultados_caracterizador/100-33.txt

(#(252.59842 0.13333334 45.686832 56.611763 32.42584 22.724035)
 #(0.0 0.0 0.0 0.0 0.0 59.660732)) Resultados_caracterizador/100-34.txt

(#(255.38583 0.13333334 48.75089 56.611763 32.42584 23.463898)
 #(0.0 0.0 0.0 0.0 0.0 63.045498)) Resultados_caracterizador/100-35.txt

(#(259.9685 0.13333334 65.74733 56.611763 34.507175 24.67458)
 #(0.0 2.4495413 0.0 0.0 0.0 63.045498)) Resultados_caracterizador/100-36.txt

(#(287.2756 0.13333334 69.836296 57.890198 34.507175 25.23442)
 #(0.0 2.6085627 0.0 0.0 0.0 63.43719)) Resultados_caracterizador/100-37.txt

(#(288.2047 0.13333334 76.81495 57.890198 34.507175 25.748764)
 #(0.0 2.6085627 0.0 0.0 0.0 65.50544)) Resultados_caracterizador/100-38.txt

(#(293.65353 0.13333334 81.18505 62.462746 34.507175 31.094955)
 #(0.0 3.3859327 0.0 0.0 0.0 68.3818)) Resultados_caracterizador/100-39.txt

(#(327.7244 0.2703364 100.373665 63.35686 40.320576 32.444115)
 #(0.0 3.870948 0.0 0.0 0.0 72.63502)) Resultados_caracterizador/100-40.txt

(#(329.51968 0.2703364 110.06406 63.35686 40.320576 32.77448)
 #(0.0 3.870948 0.0 0.0 0.0 73.60732)) Resultados_caracterizador/100-41.txt

(#(331.12598 0.2703364 112.91459 63.35686 40.320576 32.77448)
 #(0.0 3.870948 0.0 0.0 0.0 75.5638)) Resultados_caracterizador/100-42.txt

(#(335.9449 0.2703364 120.42705 63.35686 40.320576 33.611275)
 #(0.0 3.870948 0.0 0.0 0.0 76.8635)) Resultados_caracterizador/100-43.txt

(#(374.86615 0.470948 136.46263 67.34118 45.923447 36.63897)
 #(0.0 3.870948 0.0 0.0 0.0 78.63699)) Resultados_caracterizador/100-44.txt

(#(374.86615 0.470948 141.02847 67.75687 45.923447 37.130566)
 #(0.0 3.870948 0.0 0.0 0.0 78.63699)) Resultados_caracterizador/100-45.txt

(#(380.56693 0.470948 150.45195 68.247055 45.923447 37.130566)
 #(0.0 3.870948 0.0 0.0 0.0 81.276955)) Resultados_caracterizador/100-46.txt

(#(396.96063 0.470948 160.85054 68.73725 46.473682 37.250248)
 #(0.0 4.050153 0.0 0.0 0.0 81.276955)) Resultados_caracterizador/100-47.txt

(#(403.2126 0.470948 198.17082 69.73333 51.0 44.10089)
 #(0.0 4.050153 0.0 0.0 0.0 83.001976)) Resultados_caracterizador/100-48.txt

(#(407.7953 0.470948 217.93239 78.91765 51.0 46.02572)
 #(0.0 4.050153 0.0 0.0 0.0 83.94461)) Resultados_caracterizador/100-49.txt

(#(409.71652 0.470948 222.94662 78.91765 51.0 46.32641)
 #(0.0 4.050153 0.0 0.0 0.0 83.94461)) Resultados_caracterizador/100-50.txt

(#(431.81104 0.53577983 235.11388 80.380394 51.0 46.45104)
 #(0.0 4.522324 0.0 0.0 0.0 85.031654)) Resultados_caracterizador/10-0.txt

(#(2150.0708 5.3792048 655.15656 677.0039 3024.9282 85.522255)
 #(1231.2834 0.0 39.30249 141.80785 117.16268 28.869436)) Resultados_caracterizador/110-29.txt

(#(193.74803 0.06850153 18.291815 39.69412 22.468899 14.320475)
 #(0.0 0.0 0.0 0.0 0.0 42.31256)) Resultados_caracterizador/110-30.txt

(#(194.80315 0.06850153 18.736654 39.69412 22.468899 14.320475)
 #(0.0 0.0 0.0 0.0 0.0 42.72107)) Resultados_caracterizador/110-31.txt

(#(196.72441 0.06850153 24.320284 41.05098 25.559809 15.457962)
 #(0.0 0.0 0.0 0.0 0.0 43.958458)) Resultados_caracterizador/110-32.txt

(#(197.77953 0.06850153 26.092527 42.439217 25.559809 15.457962)
 #(0.0 0.0 0.0 0.0 0.0 47.76558)) Resultados_caracterizador/110-33.txt

(#(204.40945 0.06850153 29.398577 45.160786 25.559809 15.727992)
 #(0.0 0.0 0.0 0.0 0.0 49.922848)) Resultados_caracterizador/110-34.txt

(#(207.19685 0.06850153 32.106762 45.160786 25.559809 16.267063)
 #(0.0 0.0 0.0 0.0 0.0 52.49258)) Resultados_caracterizador/110-35.txt

(#(211.77953 0.06850153 42.98221 45.160786 26.660288 16.95549)
 #(0.0 1.9798166 0.0 0.0 0.0 52.49258)) Resultados_caracterizador/110-36.txt

(#(233.46457 0.06850153 45.259785 45.623528 26.660288 17.515331)
 #(0.0 2.1388378 0.0 0.0 0.0 52.884274)) Resultados_caracterizador/110-37.txt

(#(234.3937 0.06850153 50.80427 45.623528 26.660288 17.924828)
 #(0.0 2.1388378 0.0 0.0 0.0 54.501484)) Resultados_caracterizador/110-38.txt

(#(236.62993 0.06850153 53.01779 49.380394 26.660288 22.148369)
 #(0.0 2.1388378 0.0 0.0 0.0 57.377842)) Resultados_caracterizador/110-39.txt

(#(267.4882 0.13883792 65.22064 50.27451 31.492823 23.391691)
 #(0.0 2.1388378 0.0 0.0 0.0 60.24827)) Resultados_caracterizador/110-40.txt

(#(269.28348 0.13883792 73.47687 50.27451 31.492823 23.615232)
 #(0.0 2.1388378 0.0 0.0 0.0 61.220573)) Resultados_caracterizador/110-41.txt

(#(269.28348 0.13883792 75.238434 50.27451 31.492823 23.615232)
 #(0.0 2.1388378 0.0 0.0 0.0 63.17705)) Resultados_caracterizador/110-42.txt

(#(269.28348 0.13883792 79.08897 50.27451 31.492823 24.452028)
 #(0.0 2.1388378 0.0 0.0 0.0 64.47675)) Resultados_caracterizador/110-43.txt

(#(297.7638 0.21100917 90.02491 52.243137 35.133972 26.957468)
 #(0.0 2.1388378 0.0 0.0 0.0 65.26904)) Resultados_caracterizador/110-44.txt

(#(297.7638 0.21100917 94.23488 52.243137 35.133972 27.344213)
 #(0.0 2.1388378 0.0 0.0 0.0 65.26904)) Resultados_caracterizador/110-45.txt

(#(301.85828 0.21100917 102.17793 52.733334 35.133972 27.344213)
 #(0.0 2.1388378 0.0 0.0 0.0 67.634026)) Resultados_caracterizador/110-46.txt

(#(315.03937 0.21100917 110.38078 53.22353 35.68421 27.463898)
 #(0.0 2.3180428 0.0 0.0 0.0 67.634026)) Resultados_caracterizador/110-47.txt

(#(318.07874 0.21100917 134.45552 54.21961 38.751198 33.389713)
 #(0.0 2.3180428 0.0 0.0 0.0 69.35905)) Resultados_caracterizador/110-48.txt

(#(322.6614 0.21100917 146.55872 62.588234 38.751198 35.31454)
 #(0.0 2.3180428 0.0 0.0 0.0 70.30168)) Resultados_caracterizador/110-49.txt

(#(324.58267 0.21100917 150.48398 62.588234 38.751198 35.61523)
 #(0.0 2.3180428 0.0 0.0 0.0 70.30168)) Resultados_caracterizador/110-50.txt

(#(343.46457 0.21100917 158.96442 64.05098 38.751198 35.73986)
 #(0.0 2.790214 0.0 0.0 0.0 70.62512)) Resultados_caracterizador/110-51.txt

(#(346.92914 0.21100917 172.74733 65.3451 39.870815 36.127598)
 #(0.0 3.498471 0.0 0.0 0.0 72.3363)) Resultados_caracterizador/110-52.txt

(#(347.7953 0.21100917 178.60143 65.3451 39.870815 36.127598)
 #(0.0 3.9804282 0.0 0.0 0.0 73.71909)) Resultados_caracterizador/110-53.txt

(#(361.61417 0.2801223 193.0605 71.5098 39.870815 38.94065)
 #(0.0 4.8477063 0.0 0.0 0.0 75.51434)) Resultados_caracterizador/110-54.txt

(#(361.61417 0.3474006 198.76157 72.15686 40.39713 39.0999)
 #(0.0 5.314985 0.0 0.0 0.0 76.31652)) Resultados_caracterizador/110-55.txt

(#(366.8189 0.42385322 233.31673 73.67843 41.909092 43.949554)
 #(0.0 5.483792 0.0 0.0 0.0 77.39664)) Resultados_caracterizador/20-0.txt

(#(548.0551 1.085627 64.743774 281.33334 89.11483 14.408506)
 #(542.5512 0.0 4.7793593 40.07843 29.047848 3.7804155)) Resultados_caracterizador/30-0.txt

(#(245.8819 0.5938838 13.427046 100.247055 38.813396 4.828882)
 #(293.53543 0.0 0.0 19.533333 3.2679427 1.5519288)) Resultados_caracterizador/40-0.txt

(#(112.385826 0.42507645 9.274021 38.090195 25.133972 2.4193869)
 #(191.62993 0.0 0.0 7.9843135 0.0 0.7695351)) Resultados_caracterizador/45-0.txt

(#(112.385826 0.37431192 8.967972 36.066666 22.253588 1.4391692)
 #(131.46457 0.0 0.0 4.0509806 0.0 0.67655784)) Resultados_caracterizador/48-0.txt

(#(73.52756 0.2617737 8.64057 31.643137 22.253588 1.1661721)
 #(107.64567 0.0 0.0 1.9843137 0.0 0.67655784)) Resultados_caracterizador/49-0.txt

(#(73.52756 0.20305811 8.64057 31.643137 20.416267 1.1661721)
 #(103.42519 0.0 0.0 1.9843137 0.0 0.5212661)) Resultados_caracterizador/50-0.txt

(#(73.52756 0.20305811 8.64057 31.643137 20.416267 1.1177052)
 #(102.66929 0.0 0.0 1.9843137 0.0 0.5212661)) Resultados_caracterizador/50-25.txt

(#(1485.063 2.5076454 441.33807 191.35294 138.82776 134.06924)
 #(107.84252 0.13944954 3.3772242 9.247059 24.894737 97.830864)) Resultados_caracterizador/5-0.txt

(#(25578.04 45.266666 1536.7332 2037.6627 20318.78 353.6548)
 #(2368.5747 0.1327217 210.76157 477.0353 454.65552 97.27498)) Resultados_caracterizador/60-25.txt

(#(1024.2756 1.1327217 216.5943 111.254906 81.79904 91.31454)
 #(48.70866 0.0 0.0 3.9098039 4.325359 82.533134)) Resultados_caracterizador/60-26.txt

(#(1038.126 1.227523 229.35944 111.54902 82.760765 92.85064)
 #(48.70866 0.0 0.0 3.9098039 4.325359 84.41345)) Resultados_caracterizador/60-27.txt

(#(1066.9606 1.324159 255.57295 112.46667 90.382774 95.89317)
 #(48.70866 0.0 0.0 3.9098039 4.325359 89.49654)) Resultados_caracterizador/60-28.txt

(#(1135.7716 1.3614678 270.98578 117.803925 91.91388 98.15134)
 #(48.70866 0.0 0.0 3.9098039 4.325359 96.37191)) Resultados_caracterizador/60-29.txt

(#(1169.9213 1.4703364 300.12454 127.76079 92.282295 106.67656)
 #(48.70866 0.25993884 0.0 3.9098039 5.4114833 98.6815)) Resultados_caracterizador/60-30.txt

(#(1182.8976 1.4703364 308.9573 127.76079 93.49282 107.11771)
 #(48.70866 0.25993884 0.0 3.9098039 5.4114833 101.12958)) Resultados_caracterizador/6-0.txt

(#(25578.04 32.119877 1536.7332 2037.6627 3024.9282 250.6281)
 #(1921.3464 0.024464833 154.11388 307.37646 389.43063 62.18002)) Resultados_caracterizador/70-25.txt

(#(703.8189 0.54189605 96.82207 86.84706 59.473682 60.668644)
 #(34.96063 0.0 0.0 3.9098039 0.7894737 70.44115)) Resultados_caracterizador/70-26.txt

(#(713.2047 0.63669723 103.20996 87.141174 59.81818 61.4273)
 #(34.96063 0.0 0.0 3.9098039 0.7894737 71.84669)) Resultados_caracterizador/70-27.txt

(#(733.6063 0.6941896 118.32028 88.05882 64.10526 64.22057)
 #(34.96063 0.0 0.0 3.9098039 0.7894737 76.92977)) Resultados_caracterizador/70-28.txt

(#(772.1575 0.6941896 127.79715 91.86667 64.44976 66.038574)
 #(34.96063 0.0 0.0 3.9098039 0.7894737 83.805145)) Resultados_caracterizador/70-29.txt

(#(793.4094 0.76269114 144.5089 99.05882 64.818184 70.399605)
 #(34.96063 0.0 0.0 3.9098039 0.7894737 85.63205)) Resultados_caracterizador/70-30.txt

(#(801.4252 0.76269114 150.52313 99.05882 64.818184 70.71513)
 #(34.96063 0.0 0.0 3.9098039 0.7894737 87.80712)) Resultados_caracterizador/70-31.txt

(#(814.51184 0.81345564 216.65125 102.44314 71.78469 77.165184)
 #(37.149605 0.0 0.0 4.9137254 0.7894737 89.85361)) Resultados_caracterizador/70-32.txt

(#(851.4724 1.0954129 228.60854 107.65098 74.01435 79.39367)
 #(37.149605 0.0 0.0 4.9137254 0.7894737 94.52522)) Resultados_caracterizador/70-33.txt

(#(879.33856 1.1480123 243.56584 117.53333 74.746414 83.70228)
 #(37.149605 0.0 0.0 4.9137254 1.6698564 98.24135)) Resultados_caracterizador/70-34.txt

(#(889.0315 1.1480123 255.83986 118.13333 75.11483 84.76162)
 #(37.149605 0.31314984 0.0 4.9137254 1.6698564 103.48763)) Resultados_caracterizador/70-35.txt

(#(904.7953 1.2440367 294.92526 118.13333 81.875595 88.5638)
 #(37.149605 3.080734 0.0 7.1725492 1.6698564 103.916916)) Resultados_caracterizador/7-0.txt

(#(25578.04 17.048319 1536.7332 2037.6627 3024.9282 185.18002)
 #(1797.4646 0.024464833 123.80071 272.0353 318.29187 59.35905)) Resultados_caracterizador/80-25.txt

(#(413.56693 0.22568807 40.103203 68.18431 43.909092 40.704254)
 #(5.7559056 0.0 0.0 0.0 0.0 57.222553)) Resultados_caracterizador/80-26.txt

(#(417.04724 0.27461773 43.352314 68.18431 43.909092 41.307617)
 #(5.7559056 0.0 0.0 0.0 0.0 58.62809)) Resultados_caracterizador/80-27.txt

(#(430.2362 0.33211008 51.366547 68.18431 46.473682 42.724037)
 #(5.7559056 0.0 0.0 0.0 0.0 63.711178)) Resultados_caracterizador/80-28.txt

(#(451.19684 0.33211008 56.30249 69.65882 46.473682 44.03462)
 #(5.7559056 0.0 0.0 0.0 0.0 70.58655)) Resultados_caracterizador/80-29.txt

(#(459.83466 0.4006116 65.10676 74.25883 46.473682 46.279922)
 #(5.7559056 0.0 0.0 0.0 0.0 72.24233)) Resultados_caracterizador/80-30.txt

(#(461.6929 0.4006116 68.48754 74.25883 46.473682 46.455986)
 #(5.7559056 0.0 0.0 0.0 0.0 73.856575)) Resultados_caracterizador/80-31.txt

(#(469.3701 0.45137614 97.16726 76.73725 51.32536 51.6182)
 #(5.7559056 0.0 0.0 0.0 0.0 75.90307)) Resultados_caracterizador/80-32.txt

(#(483.71652 0.5529052 103.793594 80.78432 51.736843 53.19288)
 #(5.7559056 0.0 0.0 0.0 0.0 80.57468)) Resultados_caracterizador/80-33.txt

(#(496.85828 0.6055046 113.80783 86.02353 52.1244 56.29377)
 #(5.7559056 0.0 0.0 0.0 0.0 84.2908)) Resultados_caracterizador/80-34.txt

(#(503.07086 0.6055046 120.540924 86.3451 52.1244 57.196835)
 #(5.7559056 0.31314984 0.0 0.0 0.0 88.89317)) Resultados_caracterizador/80-35.txt

(#(514.6693 0.65626913 146.32028 86.3451 56.770336 59.210682)
 #(5.7559056 3.080734 0.0 0.0 0.0 88.89317)) Resultados_caracterizador/80-36.txt

(#(546.8819 0.8703364 153.23132 88.72941 58.004784 60.309593)
 #(5.7559056 3.2397554 0.0 0.0 0.0 89.73689)) Resultados_caracterizador/80-37.txt

(#(549.86615 0.8703364 164.879 89.05098 58.004784 60.823936)
 #(5.7559056 3.2397554 0.0 0.0 0.0 92.03066)) Resultados_caracterizador/80-38.txt

(#(556.0 0.8703364 172.78648 97.04314 58.392345 67.20079)
 #(5.7559056 4.0171256 0.0 0.0 1.1578947 94.90702)) Resultados_caracterizador/80-39.txt

(#(607.6378 1.1137614 218.82207 101.01961 69.0 70.49456)
 #(5.7559056 4.8006115 0.0 0.0 1.1578947 100.64391)) Resultados_caracterizador/80-40.txt

(#(610.80316 1.1137614 234.07117 101.01961 69.41148 71.1088)
 #(5.7559056 4.8006115 0.0 0.0 1.1578947 102.727005)) Resultados_caracterizador/8-0.txt

(#(25578.04 10.369419 655.15656 2037.6627 3024.9282 141.00594)
 #(1528.1339 0.024464833 96.66192 223.69412 235.73206 51.68249)) Resultados_caracterizador/90-25.txt

(#(271.07874 0.12110092 27.22064 59.360783 34.732056 26.892185)
 #(4.5511813 0.0 0.0 0.0 0.0 47.285854)) Resultados_caracterizador/90-26.txt

(#(271.8189 0.12110092 28.66548 59.360783 34.732056 26.98714)
 #(4.5511813 0.0 0.0 0.0 0.0 48.2364)) Resultados_caracterizador/90-27.txt

(#(281.58267 0.17859328 33.405693 59.360783 36.885166 27.991098)
 #(4.5511813 0.0 0.0 0.0 0.0 52.43818)) Resultados_caracterizador/90-28.txt

(#(297.74802 0.17859328 35.66548 60.17647 36.885166 29.052423)
 #(4.5511813 0.0 0.0 0.0 0.0 59.10979)) Resultados_caracterizador/90-29.txt

(#(300.22046 0.2470948 41.483986 63.796078 36.885166 29.806133)
 #(4.5511813 0.0 0.0 0.0 0.0 60.493572)) Resultados_caracterizador/90-30.txt

(#(302.07874 0.2470948 43.640568 63.796078 36.885166 29.806133)
 #(4.5511813 0.0 0.0 0.0 0.0 61.655785)) Resultados_caracterizador/90-31.txt

(#(307.70078 0.2470948 57.537365 65.95294 41.34928 33.275963)
 #(4.5511813 0.0 0.0 0.0 0.0 63.399605)) Resultados_caracterizador/90-32.txt

(#(312.4567 0.2470948 62.088966 69.67843 41.34928 33.699306)
 #(4.5511813 0.0 0.0 0.0 0.0 68.07122)) Resultados_caracterizador/90-33.txt

(#(322.17322 0.2470948 68.80071 74.27451 41.34928 34.330364)
 #(4.5511813 0.0 0.0 0.0 0.0 71.2186)) Resultados_caracterizador/90-34.txt

(#(324.96063 0.2470948 72.52669 74.27451 41.34928 35.07023)
 #(4.5511813 0.0 0.0 0.0 0.0 75.01088)) Resultados_caracterizador/90-35.txt

(#(331.7638 0.2470948 92.2242 74.27451 44.78469 36.66271)
 #(4.5511813 2.767584 0.0 0.0 0.0 75.01088)) Resultados_caracterizador/90-36.txt

(#(360.55118 0.3584098 97.3274 76.65882 45.24402 37.599407)
 #(4.5511813 2.9266055 0.0 0.0 0.0 75.8546)) Resultados_caracterizador/90-37.txt

(#(361.48032 0.3584098 105.651245 76.65882 45.24402 38.11375)
 #(4.5511813 2.9266055 0.0 0.0 0.0 78.14837)) Resultados_caracterizador/90-38.txt

(#(366.92914 0.3584098 112.04982 82.69019 45.24402 43.736893)
 #(4.5511813 3.7039754 0.0 0.0 0.0 81.02473)) Resultados_caracterizador/90-39.txt

(#(406.92126 0.5522936 143.64413 85.04314 51.92823 46.20079)
 #(4.5511813 4.1889906 0.0 0.0 0.0 86.76162)) Resultados_caracterizador/90-40.txt

(#(408.71652 0.5522936 155.02135 85.04314 51.92823 46.815033)
 #(4.5511813 4.1889906 0.0 0.0 0.0 88.84471)) Resultados_caracterizador/90-41.txt

(#(410.32285 0.5522936 158.20285 85.04314 51.92823 46.815033)
 #(4.5511813 4.1889906 0.0 0.0 0.0 90.801186)) Resultados_caracterizador/90-42.txt

(#(415.14172 0.5522936 167.71175 85.39608 51.92823 47.65183)
 #(4.5511813 4.1889906 0.0 0.0 0.0 92.10089)) Resultados_caracterizador/90-43.txt

(#(457.02362 0.9211009 187.4306 92.745094 57.966507 51.329376)
 #(4.5511813 4.1889906 0.0 0.0 0.0 93.87438)) Resultados_caracterizador/90-44.txt

(#(457.02362 0.9211009 192.32741 93.52941 57.966507 51.91197)
 #(4.5511813 4.7082567 0.0 0.0 0.0 94.06825)) Resultados_caracterizador/90-45.txt

(#(463.46457 0.9211009 203.43773 94.01961 57.966507 51.91197)
 #(4.5511813 5.0666666 0.0 0.0 0.0 97.25321)) Resultados_caracterizador/9-0.txt

(#(2150.0708 8.192049 655.15656 677.0039 3024.9282 109.14837)
 #(1288.7244 0.0 49.39502 160.36078 137.24402 29.994064)) Resultados_caracterizador/Archivos.txt
Resultados_caracterizador/Calculo_coverturas.txt
