
Grupo 0
#(0 0 0 0 0 0) - 0
#(0 0 0 0 0 0) - 0
#(0 0 0 0 0 0) - 0
#(0 0 0 0 0 0) - 0
#(0 0 0 0 0 0) - 0
#(0 0 0 0 0 0) - 0
#(0 0 0 0 0 0) - 0
#(0 0 0 0 0 0) - 0
#(0 0 0 0 0 0) - 0
#(0 0 0 0 0 0) - 0
#(0 0 0 0 0 0) - 0
#(0 0 0 0 0 0) - 0
#(0 0 0 0 0 0) - 0
#(0.3469388 0 0 0 0 0) - 0
#(0.3469388 0 0 0 0 0) - 0
#(0.30612245 0 0 0 0 0) - 0
#(0.24489796 0 0 0 0 0) - 0
#(0.30612245 0 0 0 0 0) - 0
#(0.36734694 0 0 0 0 0) - 0
#(0.26530612 0 0 0 0 0) - 0
#(0.36734694 0 0 0 0 0) - 0
#(0.3469388 0 0 0 0 0) - 0
#(0.3877551 0 0 0 0 0) - 0
#(0.30612245 0 0 0 0 0) - 0
#(0.40816328 0 0 0 0 0) - 0
#(0.40816328 0 0 0 0 0) - 0
#(0.36734694 0 0 0 0 0) - 0
#(0.30612245 0 0 0 0 0) - 0
#(0.2857143 0 0 0 0 0) - 0
#(0.3469388 0 0 0 0 0) - 0
#(0.26530612 0 0 0 0 0) - 0
#(0.24489796 0 0 0 0 0) - 0
#(0.30612245 0 0 0 0 0) - 0
#(0.24489796 0 0 0 0 0) - 0
#(0.24489796 0 0 0 0 0) - 0
#(0.36734694 0 0 0 0 0) - 0
#(0.30612245 0 0 0 0 0) - 0
#(0.30612245 0 0 0 0 0) - 0
#(0.26530612 0 0 0 0 0) - 0
#(0.3265306 0 0 0 0 0) - 0
#(0.30612245 0 0 0 0 0) - 0
#(0 0 0 0 0 0) - 0
#(0 0 0 0 0 0) - 0
#(0 0 0 0 0 0) - 0
#(0 0 0 0 0 0) - 0
#(0 0 0 0 0 0) - 0
#(0 0 0 0 0 0) - 0
#(0 0 0 0 0 0) - 0
#(0 0 0 0 0 0) - 0
#(0.5102041 0 0 0 0 0) - 0
#(0.5102041 0 0 0 0 0) - 0
#(0.53061223 0 0 0 0 0) - 0
#(0.53061223 0 0 0 0 0) - 0
#(0.5102041 0 0 0 0 0) - 0
#(0.48979592 0 0 0 0 0) - 0
#(0.48979592 0 0 0 0 0) - 0
#(0.3469388 0 0 0 0 0) - 0
#(0.4489796 0 0 0 0 0) - 0
#(0.3469388 0 0 0 0 0) - 0
#(0.36734694 0 0 0 0 0) - 0
#(0.5510204 0 0 0 0 0) - 0
#(0.59183675 0 0 0 0 0) - 0
#(0.59183675 0 0 0 0 0) - 0
#(0.5510204 0 0 0 0 0) - 0
#(0.59183675 0 0 0 0 0) - 0
#(0.10204082 0 0 0 0 0) - 0
#(0.1632653 0 0 0 0 0) - 0
#(0.10204082 0 0 0 0 0) - 0
#(0.20408164 0 0 0 0 0) - 0
#(0.1632653 0 0 0 0 0) - 0
#(0.20408164 0 0 0 0 0) - 0
#(0 0 0 0 0 0) - 0
#(0 0 0 0 0 0) - 0
#(0 0 0 0 0 0) - 0
#(0 0 0 0 0 0) - 0
#(0 0 0 0 0 0) - 0
#(0 0 0 0 0 0) - 0
#(0 0 0 0 0 0) - 0
#(0 0 0 0 0 0) - 0
#(0 0 0 0 0 0) - 0
#(0 0 0 0 0 0) - 0
#(0 0 0 0 0 0) - 0
#(0 0 0 0 0 0) - 0
#(0 0 0 0 0 0) - 0
#(0 0 0 0 0 0) - 0
#(0 0 0 0 0 0) - 0
#(0 0 0 0 0 0) - 0
#(0 0 0 0 0 0) - 0
#(0 0 0 0 0 0) - 0
#(0 0 0 0 0 0) - 0
#(0 0 0 0 0 0) - 0
#(0 0 0 0 0 0) - 0
#(0 0 0 0 0 0) - 0
#(0 0 0 0 0 0) - 0
#(0 0 0 0 0 0) - 0
#(0 0 0 0 0 0) - 0
#(0 0 0 0 0 0) - 0
#(0 0 0 0 0 0) - 0
#(0 0 0 0 0 0) - 0
#(0 0 0 0 0 0) - 0
#(0 0 0 0 0 0) - 0
#(0 0 0 0 0 0) - 0
#(0 0 0 0 0 0) - 0
#(0 0 0 0 0 0) - 0
#(0 0 0 0 0 0) - 0
#(0 0 0 0 0 0) - 0
#(0 0 0 0 0 0) - 0
#(0 0 0 0 0 0) - 0
#(0 0 0 0 0 0) - 0
#(0 0 0 0 0 0) - 0
#(0 0 0 0 0 0) - 0
#(0 0 0 0 0 0) - 0
#(0 0 0 0 0 0) - 0
#(0 0 0 0 0 0) - 0
#(0 0 0 0 0 0) - 0
#(0 0 0 0 0 0) - 0
#(0 0 0 0 0 0) - 0
#(0 0 0 0 0 0) - 0
#(0 0 0 0 0 0) - 0
#(0 0 0 0 0 0) - 0
#(0 0 0 0 0 0) - 0
#(0 0 0 0 0 0) - 0
#(0 0 0 0 0 0) - 0
#(0 0 0 0 0 0) - 0
#(0 0 0 0 0 0) - 0
#(0 0 0 0 0 0) - 0
#(0 0 0 0 0 0) - 0

Grupo 1
#(0 8.490766e-4 0 0 0 0) - 1
#(0 0.013160688 0 0 0 0) - 1
#(0 0.0019104225 0 0 0 0) - 1
#(0 4.245383e-4 0 0 0 0) - 1
#(0 0.0012736149 0 0 0 0) - 1
#(0 0.004457652 0 0 0 0) - 1
#(0 0.0057312674 0 0 0 0) - 1
#(0 0.0021226916 0 0 0 0) - 1
#(0 8.490766e-4 0 0 0 0) - 1
#(0 8.490766e-4 0 0 0 0) - 1
#(0 0.004457652 0 0 0 0) - 1
#(0 0.0033963064 0 0 0 0) - 1
#(0 0.004882191 0 0 0 0) - 1
#(0 4.245383e-4 0 0 0 0) - 1
#(0 0.0010613458 0 0 0 0) - 1
#(0 0.0050944597 0 0 0 0) - 1
#(0 2.1226915e-4 0 0 0 0) - 1
#(0 0.0016981532 0 0 0 0) - 1
#(0 0.002759499 0 0 0 0) - 1
#(0 0.011674804 0 0 0 0) - 1
#(0 6.3680747e-4 0 0 0 0) - 1
#(0 0.009127574 0 0 0 0) - 1
#(0 0.006792613 0 0 0 0) - 1
#(0 0.0016981532 0 0 0 0) - 1
#(0 2.1226915e-4 0 0 0 0) - 1
#(0 0.0016981532 0 0 0 0) - 1
#(0 0.0016981532 0 0 0 0) - 1
#(0 0.0057312674 0 0 0 0) - 1
#(0 0.007004882 0 0 0 0) - 1
#(0 0.014222033 0 0 0 0) - 1
#(0 0.0023349607 0 0 0 0) - 1
#(0 0.0021226916 0 0 0 0) - 1
#(0 0.007853959 0 0 0 0) - 1
#(0 0.0031840373 0 0 0 0) - 1
#(0 0.008490766 0 0 0 0) - 1
#(0 0.0072171516 0 0 0 0) - 1
#(0 0.0016981532 0 0 0 0) - 1
#(0 0.0023349607 0 0 0 0) - 1
#(0 0.008703035 0 0 0 0) - 1
#(0 0.0036085758 0 0 0 0) - 1
#(0 0.0074294205 0 0 0 0) - 1
#(0 0.0025472299 0 0 0 0) - 1
#(0 0.0029717681 0 0 0 0) - 1
#(0 0.0010613458 0 0 0 0) - 1
#(0 0.0050944597 0 0 0 0) - 1
#(0 0.0014858841 0 0 0 0) - 1
#(0 0.0029717681 0 0 0 0) - 1
#(0 0.008066228 0 0 0 0) - 1
#(0 0.004033114 0 0 0 0) - 1
#(0 0.006792613 0 0 0 0) - 1
#(0 0.0061558057 0 0 0 0) - 1
#(0 0.004457652 0 0 0 0) - 1
#(0 0.0016981532 0 0 0 0) - 1
#(0 8.490766e-4 0 0 0 0) - 1
#(0 0.007004882 0 0 0 0) - 1
#(0 0.0074294205 0 0 0 0) - 1
#(0 0.009127574 0 0 0 0) - 1
#(0 0.0021226916 0 0 0 0) - 1
#(0 0.006792613 0 0 0 0) - 1
#(0 0.004033114 0 0 0 0) - 1
#(0 0.0072171516 0 0 0 0) - 1
#(0 0.005306729 0 0 0 0) - 1
#(0 0.0021226916 0 0 0 0) - 1
#(0 0.003820845 0 0 0 0) - 1
#(0 0.0016981532 0 0 0 0) - 1
#(0 6.3680747e-4 0 0 0 0) - 1
#(0 0.0050944597 0 0 0 0) - 1
#(0 0.0010613458 0 0 0 0) - 1
#(0 0.0029717681 0 0 0 0) - 1
#(0 0.003820845 0 0 0 0) - 1
#(0 0.0082784975 0 0 0 0) - 1
#(0 0.0014858841 0 0 0 0) - 1
#(0 8.490766e-4 0 0 0 0) - 1
#(0 0.0021226916 0 0 0 0) - 1
#(0 0.0014858841 0 0 0 0) - 1
#(0 8.490766e-4 0 0 0 0) - 1
#(0 0.013372957 0 0 0 0) - 1
#(0 0.0010613458 0 0 0 0) - 1
#(0 0.0046699215 0 0 0 0) - 1
#(0 4.245383e-4 0 0 0 0) - 1
#(0 6.3680747e-4 0 0 0 0) - 1
#(0 0.009552112 0 0 0 0) - 1
#(0 0.0050944597 0 0 0 0) - 1
#(0 0.0016981532 0 0 0 0) - 1
#(0 4.245383e-4 0 0 0 0) - 1
#(0 0.013585226 0 0 0 0) - 1
#(0 0.012311611 0 0 0 0) - 1
#(0 0.0023349607 0 0 0 0) - 1
#(0 0.005306729 0 0 0 0) - 1
#(0 0.007853959 0 0 0 0) - 1
#(0 0.011037996 0 0 0 0) - 1
#(0 0.004245383 0 0 0 0) - 1
#(0 0.012736149 0 0 0 0) - 1
#(0 0.0050944597 0 0 0 0) - 1
#(0 0.0061558057 0 0 0 0) - 1
#(0 0.004245383 0 0 0 0) - 1
#(0 0.0033963064 0 0 0 0) - 1
#(0 0.01252388 0 0 0 0) - 1
#(0 0.0050944597 0 0 0 0) - 1
#(0 0.013372957 0 0 0 0) - 1
#(0 0.019528763 0 0 0 0) - 1
#(0 0.013585226 0 0 0 0) - 1
#(0 0.0021226916 0 0 0 0) - 1
#(0 0.0033963064 0 0 0 0) - 1
#(0 0.0072171516 0 0 0 0) - 1
#(0 0.029717682 0 0 0 0) - 1
#(0 0.0046699215 0 0 0 0) - 1
#(0 0.004245383 0 0 0 0) - 1
#(0 0.0059435363 0 0 0 0) - 1
#(0 0.014009764 0 0 0 0) - 1
#(0 0.012948419 0 0 0 0) - 1
#(0 0.009339843 0 0 0 0) - 1
#(0 0.0046699215 0 0 0 0) - 1
#(0 0.0014858841 0 0 0 0) - 1
#(0 0.003820845 0 0 0 0) - 1
#(0 0.005518998 0 0 0 0) - 1
#(0 0.00764169 0 0 0 0) - 1
#(0 0.002759499 0 0 0 0) - 1
#(0 0.008490766 0 0 0 0) - 1
#(0 0.0061558057 0 0 0 0) - 1
#(0 0.01252388 0 0 0 0) - 1
#(0 0.01252388 0 0 0 0) - 1
#(0 0.007004882 0 0 0 0) - 1
#(0 0.031840373 0 0 0 0) - 1
#(0 0.008490766 0 0 0 0) - 1
#(0 0.004033114 0 0 0 0) - 1
#(0 0.004033114 0 0 0 0) - 1
#(0 0.005306729 0 0 0 0) - 1
#(0 0.011250265 0 0 0 0) - 1
#(0 0.012736149 0 0 0 0) - 1
#(0 0.0082784975 0 0 0 0) - 1
#(0 0.0074294205 0 0 0 0) - 1
#(0 0.028231798 0 0 0 0) - 1
#(0 0.004457652 0 0 0 0) - 1
#(0 0.004245383 0 0 0 0) - 1
#(0 0.01804288 0 0 0 0) - 1
#(0 0.027382722 0 0 0 0) - 1
#(0 0.023561876 0 0 0 0) - 1
#(0 0.021226916 0 0 0 0) - 1
#(0 0.008703035 0 0 0 0) - 1
#(0 0.009552112 0 0 0 0) - 1
#(0 0.016132455 0 0 0 0) - 1
#(0 0.021863723 0 0 0 0) - 1
#(0 0.006792613 0 0 0 0) - 1
#(0 0.010825727 0 0 0 0) - 1
#(0 0.013160688 0 0 0 0) - 1
#(0 0.019528763 0 0 0 0) - 1
#(0 0.009339843 0 0 0 0) - 1
#(0 0.011674804 0 0 0 0) - 1
#(0 0.01507111 0 0 0 0) - 1
#(0 0.009127574 0 0 0 0) - 1
#(0 0.006792613 0 0 0 0) - 1
#(0 0.0046699215 0 0 0 0) - 1
#(0 0.018467417 0 0 0 0) - 1
#(0 0.009552112 0 0 0 0) - 1
#(0 0.0059435363 0 0 0 0) - 1
#(0 0.01507111 0 0 0 0) - 1
#(0 0.0061558057 0 0 0 0) - 1
#(0 0.005306729 0 0 0 0) - 1
#(0 0.004882191 0 0 0 0) - 1
#(0 0.011037996 0 0 0 0) - 1
#(0 0.004033114 0 0 0 0) - 1
#(0 0.012311611 0 0 0 0) - 1
#(0 0.027382722 0 0 0 0) - 1
#(0 0.023561876 0 0 0 0) - 1
#(0 0.021226916 0 0 0 0) - 1
#(0 0.008703035 0 0 0 0) - 1
#(0 0.009552112 0 0 0 0) - 1
#(0 0.016132455 0 0 0 0) - 1
#(0 0.023349607 0 0 0 0) - 1
#(0 0.020590108 0 0 0 0) - 1
#(0 0.011462535 0 0 0 0) - 1
#(0 0.008066228 0 0 0 0) - 1
#(0 0.010613458 0 0 0 0) - 1
#(0 0.013585226 0 0 0 0) - 1
#(0 0.0074294205 0 0 0 0) - 1
#(0 0.0050944597 0 0 0 0) - 1
#(0 0.0082784975 0 0 0 0) - 1
#(0 0.009127574 0 0 0 0) - 1
#(0 0.003820845 0 0 0 0) - 1
#(0 0.0101889195 0 0 0 0) - 1
#(0 0.016981533 0 0 0 0) - 1
#(0 0.0082784975 0 0 0 0) - 1
#(0 0.0031840373 0 0 0 0) - 1
#(0 0.0046699215 0 0 0 0) - 1
#(0 0.004245383 0 0 0 0) - 1
#(0 0.00764169 0 0 0 0) - 1
#(0 0.0074294205 0 0 0 0) - 1
#(0 0.006580344 0 0 0 0) - 1
#(0 0.0074294205 0 0 0 0) - 1
#(0 0.0033963064 0 0 0 0) - 1
#(0 0.0033963064 0 0 0 0) - 1
#(0 4.245383e-4 0 0 0 0) - 1
#(0 0.0019104225 0 0 0 0) - 1
#(0 0.0059435363 0 0 0 0) - 1
#(0 0.0059435363 0 0 0 0) - 1
#(0 0.0057312674 0 0 0 0) - 1
#(0 0.005306729 0 0 0 0) - 1
#(0 0.002759499 0 0 0 0) - 1
#(0 0.004882191 0 0 0 0) - 1
#(0 0.007853959 0 0 0 0) - 1
#(0 4.245383e-4 0 0 0 0) - 1
#(0 0.003820845 0 0 0 0) - 1
#(0 0.006792613 0 0 0 0) - 1
#(0 0.003820845 0 0 0 0) - 1
#(0 0.013372957 0 0 0 0) - 1
#(0 0.002759499 0 0 0 0) - 1
#(0 0.003820845 0 0 0 0) - 1
#(0 0.004033114 0 0 0 0) - 1
#(0 4.245383e-4 0 0 0 0) - 1
#(0 0.0010613458 0 0 0 0) - 1
#(0 0.004882191 0 0 0 0) - 1
#(0 0.004457652 0 0 0 0) - 1
#(0 0.0057312674 0 0 0 0) - 1
#(0 0.0029717681 0 0 0 0) - 1
#(0 0.01740607 0 0 0 0) - 1
#(0 0.012311611 0 0 0 0) - 1
#(0 0.004245383 0 0 0 0) - 1
#(0 0.004245383 0 0 0 0) - 1
#(0 0.020590108 0 0 0 0) - 1
#(0 0.006580344 0 0 0 0) - 1
#(0 0.004457652 0 0 0 0) - 1
#(0 0.003820845 0 0 0 0) - 1
#(0 0.010825727 0 0 0 0) - 1
#(0 0.013585226 0 0 0 0) - 1
#(0 0.00764169 0 0 0 0) - 1
#(0 0.011250265 0 0 0 0) - 1
#(0 0.006792613 0 0 0 0) - 1
#(0 0.003820845 0 0 0 0) - 1
#(0 0.007004882 0 0 0 0) - 1
#(0 0.0137974955 0 0 0 0) - 1
#(0 0.0063680746 0 0 0 0) - 1
#(0 0.0059435363 0 0 0 0) - 1
#(0 0.004882191 0 0 0 0) - 1
#(0 0.017193802 0 0 0 0) - 1
#(0 0.0036085758 0 0 0 0) - 1
#(0 0.0050944597 0 0 0 0) - 1
#(0 0.0021226916 0 0 0 0) - 1
#(0 0.015707918 0 0 0 0) - 1
#(0 0.012099342 0 0 0 0) - 1
#(0 0.0025472299 0 0 0 0) - 1
#(0 4.245383e-4 0 0 0 0) - 1
#(0 0.006580344 0 0 0 0) - 1
#(0 0.011462535 0 0 0 0) - 1
#(0 0.010401188 0 0 0 0) - 1
#(0 0.0029717681 0 0 0 0) - 1
#(0 0.0046699215 0 0 0 0) - 1
#(0 0.006792613 0 0 0 0) - 1
#(0 0.013372957 0 0 0 0) - 1
#(0 0.015920186 0 0 0 0) - 1
#(0 0.0021226916 0 0 0 0) - 1
#(0 0.0050944597 0 0 0 0) - 1
#(0 0.0061558057 0 0 0 0) - 1
#(0 0.0016981532 0 0 0 0) - 1
#(0 0.0057312674 0 0 0 0) - 1
#(0 0.0046699215 0 0 0 0) - 1
#(0 0.015920186 0 0 0 0) - 1
#(0 0.0031840373 0 0 0 0) - 1
#(0 0.003820845 0 0 0 0) - 1
#(0 0.0016981532 0 0 0 0) - 1
#(0 0.009127574 0 0 0 0) - 1
#(0 0.006580344 0 0 0 0) - 1
#(0 0.004033114 0 0 0 0) - 1
#(0 0.004882191 0 0 0 0) - 1
#(0 0.011037996 0 0 0 0) - 1
#(0 0.013585226 0 0 0 0) - 1
#(0 0.004882191 0 0 0 0) - 1
#(0 0.0082784975 0 0 0 0) - 1
#(0 0.005306729 0 0 0 0) - 1
#(0 0.003820845 0 0 0 0) - 1
#(0 0.009127574 0 0 0 0) - 1
#(0 0.008703035 0 0 0 0) - 1
#(0 0.004457652 0 0 0 0) - 1
#(0 0.010613458 0 0 0 0) - 1
#(0 0.012736149 0 0 0 0) - 1
#(0 0.0012736149 0 0 0 0) - 1
#(0 8.490766e-4 0 0 0 0) - 1
#(0 0.0029717681 0 0 0 0) - 1
#(0 0.006580344 0 0 0 0) - 1
#(0 0.011250265 0 0 0 0) - 1
#(0 0.0025472299 0 0 0 0) - 1
#(0 0.0019104225 0 0 0 0) - 1
#(0 0.0010613458 0 0 0 0) - 1
#(0 0.004457652 0 0 0 0) - 1
#(0 0.003820845 0 0 0 0) - 1
#(0 0.0014858841 0 0 0 0) - 1
#(0 0.0019104225 0 0 0 0) - 1
#(0 6.3680747e-4 0 0 0 0) - 1
#(0 0.0057312674 0 0 0 0) - 1
#(0 0.010825727 0 0 0 0) - 1
#(0 0.0061558057 0 0 0 0) - 1
#(0 0.004033114 0 0 0 0) - 1
#(0 0.024198685 0 0 0 0) - 1
#(0 0.006580344 0 0 0 0) - 1
#(0 0.014009764 0 0 0 0) - 1
#(0 0.009552112 0 0 0 0) - 1
#(0 0.0025472299 0 0 0 0) - 1
#(0 0.0036085758 0 0 0 0) - 1
#(0 0.0072171516 0 0 0 0) - 1
#(0 0.013585226 0 0 0 0) - 1
#(0 0.006580344 0 0 0 0) - 1
#(0 0.039269794 0 0 0 0) - 1
#(0 0.0074294205 0 0 0 0) - 1
#(0 0.011250265 0 0 0 0) - 1
#(0 0.0059435363 0 0 0 0) - 1
#(0 0.002759499 0 0 0 0) - 1
#(0 0.007004882 0 0 0 0) - 1
#(0 0.004033114 0 0 0 0) - 1
#(0 0.0101889195 0 0 0 0) - 1
#(0 0.007004882 0 0 0 0) - 1
#(0 0.012311611 0 0 0 0) - 1
#(0 0.0033963064 0 0 0 0) - 1
#(0 0.0025472299 0 0 0 0) - 1
#(0 0.0061558057 0 0 0 0) - 1
#(0 0.004245383 0 0 0 0) - 1
#(0 0.009552112 0 0 0 0) - 1
#(0 0.007004882 0 0 0 0) - 1
#(0 0.009976651 0 0 0 0) - 1
#(0 0.009552112 0 0 0 0) - 1
#(0 0.0031840373 0 0 0 0) - 1
#(0 4.245383e-4 0 0 0 0) - 1
#(0 0.0057312674 0 0 0 0) - 1
#(0 0.0010613458 0 0 0 0) - 1
#(0 0.0033963064 0 0 0 0) - 1
#(0 0.013160688 0 0 0 0) - 1
#(0 0.0033963064 0 0 0 0) - 1
#(0 0.008915304 0 0 0 0) - 1
#(0 0.002759499 0 0 0 0) - 1
#(0 0.002759499 0 0 0 0) - 1
#(0 0.0021226916 0 0 0 0) - 1
#(0 0.004457652 0 0 0 0) - 1
#(0 0.0061558057 0 0 0 0) - 1
#(0 0.0059435363 0 0 0 0) - 1
#(0 0.003820845 0 0 0 0) - 1
#(0 0.008490766 0 0 0 0) - 1
#(0 0.004457652 0 0 0 0) - 1
#(0 0.0031840373 0 0 0 0) - 1
#(0 0.009339843 0 0 0 0) - 1
#(0 0.0033963064 0 0 0 0) - 1
#(0 0.011250265 0 0 0 0) - 1
#(0 0.009339843 0 0 0 0) - 1
#(0 0.010825727 0 0 0 0) - 1
#(0 0.01252388 0 0 0 0) - 1
#(0 0.0072171516 0 0 0 0) - 1
#(0 0.0019104225 0 0 0 0) - 1
#(0 0.0025472299 0 0 0 0) - 1
#(0 0.009339843 0 0 0 0) - 1
#(0 0.023349607 0 0 0 0) - 1
#(0 0.01507111 0 0 0 0) - 1
#(0 0.0023349607 0 0 0 0) - 1
#(0 0.012311611 0 0 0 0) - 1
#(0 0.002759499 0 0 0 0) - 1
#(0 0.027170451 0 0 0 0) - 1
#(0 0.0063680746 0 0 0 0) - 1
#(0 0.007853959 0 0 0 0) - 1
#(0 2.1226915e-4 0 0 0 0) - 1
#(0 0.0074294205 0 0 0 0) - 1
#(0 0.0063680746 0 0 0 0) - 1
#(0 0.008066228 0 0 0 0) - 1
#(0 0.00764169 0 0 0 0) - 1
#(0 0.008703035 0 0 0 0) - 1
#(0 0.0033963064 0 0 0 0) - 1
#(0 0.002759499 0 0 0 0) - 1
#(0 0.002759499 0 0 0 0) - 1
#(0 0.005518998 0 0 0 0) - 1
#(0 0.0050944597 0 0 0 0) - 1
#(0 0.0057312674 0 0 0 0) - 1
#(0 0.007853959 0 0 0 0) - 1
#(0 0.010401188 0 0 0 0) - 1
#(0 0.005306729 0 0 0 0) - 1
#(0 0.0014858841 0 0 0 0) - 1
#(0 0.008066228 0 0 0 0) - 1
#(0 0.0016981532 0 0 0 0) - 1
#(0 0.004245383 0 0 0 0) - 1
#(0 0.0012736149 0 0 0 0) - 1
#(0 0.002759499 0 0 0 0) - 1
#(0 0.0021226916 0 0 0 0) - 1
#(0 0.0014858841 0 0 0 0) - 1
#(0 0.02992995 0 0 0 0) - 1
#(0 0.004033114 0 0 0 0) - 1
#(0 0.0036085758 0 0 0 0) - 1
#(0 0.004882191 0 0 0 0) - 1
#(0 0.0057312674 0 0 0 0) - 1
#(0 0.0012736149 0 0 0 0) - 1
#(0 0.01528338 0 0 0 0) - 1
#(0 0.002759499 0 0 0 0) - 1
#(0 0.013372957 0 0 0 0) - 1
#(0 0.005518998 0 0 0 0) - 1
#(0 0.010825727 0 0 0 0) - 1
#(0 0.008703035 0 0 0 0) - 1
#(0 0.0029717681 0 0 0 0) - 1
#(0 0.0072171516 0 0 0 0) - 1
#(0 0.028019529 0 0 0 0) - 1
#(0 0.009552112 0 0 0 0) - 1
#(0 0.01252388 0 0 0 0) - 1
#(0 0.0101889195 0 0 0 0) - 1
#(0 0.0057312674 0 0 0 0) - 1
#(0 0.01761834 0 0 0 0) - 1
#(0 0.0031840373 0 0 0 0) - 1
#(0 0.010401188 0 0 0 0) - 1
#(0 0.0082784975 0 0 0 0) - 1
#(0 0.0036085758 0 0 0 0) - 1
#(0 0.008066228 0 0 0 0) - 1
#(0 0.010825727 0 0 0 0) - 1
#(0 0.0074294205 0 0 0 0) - 1
#(0 0.0031840373 0 0 0 0) - 1
#(0 0.006792613 0 0 0 0) - 1
#(0 0.009764382 0 0 0 0) - 1
#(0 0.0072171516 0 0 0 0) - 1
#(0 0.002759499 0 0 0 0) - 1
#(0 0.004033114 0 0 0 0) - 1
#(0 0.002759499 0 0 0 0) - 1
#(0 0.005306729 0 0 0 0) - 1
#(0 0.0050944597 0 0 0 0) - 1
#(0 0.02016557 0 0 0 0) - 1
#(0 0.008490766 0 0 0 0) - 1
#(0 0.012099342 0 0 0 0) - 1
#(0 0.006580344 0 0 0 0) - 1
#(0 0.002759499 0 0 0 0) - 1
#(0 0.0019104225 0 0 0 0) - 1
#(0 0.0050944597 0 0 0 0) - 1
#(0 0.0046699215 0 0 0 0) - 1
#(0 0.006580344 0 0 0 0) - 1
#(0 0.0059435363 0 0 0 0) - 1
#(0 0.004882191 0 0 0 0) - 1
#(0 0.008915304 0 0 0 0) - 1
#(0 0.0012736149 0 0 0 0) - 1
#(0 0.008915304 0 0 0 0) - 1
#(0 0.007853959 0 0 0 0) - 1
#(0 0.011674804 0 0 0 0) - 1
#(0 0.011037996 0 0 0 0) - 1
#(0 0.024623223 0 0 0 0) - 1
#(0 0.0023349607 0 0 0 0) - 1
#(0 0.0061558057 0 0 0 0) - 1
#(0 0.01528338 0 0 0 0) - 1
#(0 0.011887073 0 0 0 0) - 1
#(0 0.009976651 0 0 0 0) - 1
#(0 0.014646572 0 0 0 0) - 1
#(0 0.010825727 0 0 0 0) - 1
#(0 0.003820845 0 0 0 0) - 1
#(0 0.01804288 0 0 0 0) - 1
#(0 0.0010613458 0 0 0 0) - 1
#(0 0.002759499 0 0 0 0) - 1
#(0 0.0016981532 0 0 0 0) - 1
#(0 0.0031840373 0 0 0 0) - 1
#(0 0.002759499 0 0 0 0) - 1
#(0 0.0014858841 0 0 0 0) - 1
#(0 0.0014858841 0 0 0 0) - 1
#(0 0.0061558057 0 0 0 0) - 1
#(0 0.004033114 0 0 0 0) - 1
#(0 0.004882191 0 0 0 0) - 1
#(0 0.0050944597 0 0 0 0) - 1
#(0 0.003820845 0 0 0 0) - 1
#(0 0.0012736149 0 0 0 0) - 1
#(0 2.1226915e-4 0 0 0 0) - 1
#(0 0.006580344 0 0 0 0) - 1
#(0 0.0025472299 0 0 0 0) - 1
#(0 0.0023349607 0 0 0 0) - 1
#(0 0.004882191 0 0 0 0) - 1
#(0 4.245383e-4 0 0 0 0) - 1
#(0 0.0010613458 0 0 0 0) - 1
#(0 0.0021226916 0 0 0 0) - 1
#(0 0.0014858841 0 0 0 0) - 1
#(0 0.0016981532 0 0 0 0) - 1
#(0 0.0010613458 0 0 0 0) - 1
#(0 0.002759499 0 0 0 0) - 1
#(0 0.0021226916 0 0 0 0) - 1
#(0 0.004033114 0 0 0 0) - 1
#(0 0.005306729 0 0 0 0) - 1
#(0 0.0010613458 0 0 0 0) - 1
#(0 0.0050944597 0 0 0 0) - 1
#(0 2.1226915e-4 0 0 0 0) - 1
#(0 0.0010613458 0 0 0 0) - 1
#(0 0.0029717681 0 0 0 0) - 1
#(0 0.0019104225 0 0 0 0) - 1
#(0 0.005306729 0 0 0 0) - 1
#(0 0.0016981532 0 0 0 0) - 1
#(0 0.0014858841 0 0 0 0) - 1
#(0 0.0023349607 0 0 0 0) - 1
#(0 0.011250265 0 0 0 0) - 1
#(0 0.0019104225 0 0 0 0) - 1
#(0 0.0033963064 0 0 0 0) - 1
#(0 0.0014858841 0 0 0 0) - 1
#(0 0.0072171516 0 0 0 0) - 1
#(0 0.0025472299 0 0 0 0) - 1
#(0 0.0061558057 0 0 0 0) - 1
#(0 0.0059435363 0 0 0 0) - 1
#(0 0.0025472299 0 0 0 0) - 1
#(0 0.0019104225 0 0 0 0) - 1
#(0 0.0061558057 0 0 0 0) - 1
#(0 0 0 0 0 0) - 0
#(0 0.004457652 0 0 0 0) - 1
#(0 0.0019104225 0 0 0 0) - 1
#(0 0.003820845 0 0 0 0) - 1
#(0 0.003820845 0 0 0 0) - 1
#(0 0.0023349607 0 0 0 0) - 1
#(0 0.0025472299 0 0 0 0) - 1
#(0 6.3680747e-4 0 0 0 0) - 1
#(0 6.3680747e-4 0 0 0 0) - 1
#(0 0.0025472299 0 0 0 0) - 1
#(0 0.008066228 0 0 0 0) - 1
#(0 0.0029717681 0 0 0 0) - 1
#(0 0.0029717681 0 0 0 0) - 1
#(0 0.0014858841 0 0 0 0) - 1
#(0 0.009339843 0 0 0 0) - 1
#(0 0.004033114 0 0 0 0) - 1
#(0 0.004457652 0 0 0 0) - 1
#(0 6.3680747e-4 0 0 0 0) - 1
#(0 0.005518998 0 0 0 0) - 1
#(0 0.0031840373 0 0 0 0) - 1
#(0 0.0012736149 0 0 0 0) - 1
#(0 0.002759499 0 0 0 0) - 1
#(0 0.0063680746 0 0 0 0) - 1
#(0 0.0025472299 0 0 0 0) - 1
#(0 8.490766e-4 0 0 0 0) - 1
#(0 0.008066228 0 0 0 0) - 1
#(0 0.004245383 0 0 0 0) - 1
#(0 0.014222033 0 0 0 0) - 1
#(0 0.010825727 0 0 0 0) - 1
#(0 0.006792613 0 0 0 0) - 1
#(0 0.004457652 0 0 0 0) - 1
#(0 0.012099342 0 0 0 0) - 1
#(0 0.0033963064 0 0 0 0) - 1
#(0 0.007853959 0 0 0 0) - 1
#(0 6.3680747e-4 0 0 0 0) - 1
#(0 0.006580344 0 0 0 0) - 1
#(0 0.008066228 0 0 0 0) - 1
#(0 0.004457652 0 0 0 0) - 1
#(0 0.004457652 0 0 0 0) - 1
#(0 8.490766e-4 0 0 0 0) - 1
#(0 0.004033114 0 0 0 0) - 1
#(0 0.0059435363 0 0 0 0) - 1
#(0 0.002759499 0 0 0 0) - 1
#(0 0.004882191 0 0 0 0) - 1
#(0 0.0021226916 0 0 0 0) - 1
#(0 0.003820845 0 0 0 0) - 1
#(0 0.0050944597 0 0 0 0) - 1
#(0 0.009976651 0 0 0 0) - 1
#(0 0.011462535 0 0 0 0) - 1
#(0 0.0021226916 0 0 0 0) - 1
#(0 0.0025472299 0 0 0 0) - 1
#(0 0.013372957 0 0 0 0) - 1
#(0 0.005306729 0 0 0 0) - 1
#(0 0.004245383 0 0 0 0) - 1
#(0 0.0082784975 0 0 0 0) - 1
#(0 6.3680747e-4 0 0 0 0) - 1
#(0 0.012948419 0 0 0 0) - 1
#(0 0.003820845 0 0 0 0) - 1
#(0 0.0029717681 0 0 0 0) - 1
#(0 0.007853959 0 0 0 0) - 1
#(0 0.0031840373 0 0 0 0) - 1
#(0 0.0012736149 0 0 0 0) - 1
#(0 0.006580344 0 0 0 0) - 1
#(0 0.0019104225 0 0 0 0) - 1
#(0 0.0019104225 0 0 0 0) - 1
#(0 0.0031840373 0 0 0 0) - 1
#(0 0.004882191 0 0 0 0) - 1
#(0 0.0012736149 0 0 0 0) - 1
#(0 0.0063680746 0 0 0 0) - 1
#(0 0.0050944597 0 0 0 0) - 1
#(0 0.012948419 0 0 0 0) - 1
#(0 0.012099342 0 0 0 0) - 1
#(0 0.0057312674 0 0 0 0) - 1
#(0 0.0029717681 0 0 0 0) - 1
#(0 0.004882191 0 0 0 0) - 1
#(0 0.0046699215 0 0 0 0) - 1
#(0 0 0 0 0 0) - 0
#(0 8.490766e-4 0 0 0 0) - 1
#(0 0.0031840373 0 0 0 0) - 1
#(0 0.0016981532 0 0 0 0) - 1
#(0 0.0023349607 0 0 0 0) - 1
#(0 0.004882191 0 0 0 0) - 1
#(0 0.002759499 0 0 0 0) - 1
#(0 0.002759499 0 0 0 0) - 1
#(0 0.0033963064 0 0 0 0) - 1
#(0 0.0033963064 0 0 0 0) - 1
#(0 0 0 0 0 0) - 0
#(0 0.0019104225 0 0 0 0) - 1
#(0 0.004033114 0 0 0 0) - 1
#(0 0.002759499 0 0 0 0) - 1
#(0 0.0023349607 0 0 0 0) - 1
#(0 0.0033963064 0 0 0 0) - 1
#(0 0.011250265 0 0 0 0) - 1
#(0 0.009976651 0 0 0 0) - 1
#(0 0.0059435363 0 0 0 0) - 1
#(0 0.0021226916 0 0 0 0) - 1
#(0 0 0 0 0 0) - 0
#(0 2.1226915e-4 0 0 0 0) - 1
#(0 0.004882191 0 0 0 0) - 1
#(0 0.003820845 0 0 0 0) - 1
#(0 0.0014858841 0 0 0 0) - 1
#(0 0.0010613458 0 0 0 0) - 1
#(0 0.0101889195 0 0 0 0) - 1
#(0 4.245383e-4 0 0 0 0) - 1
#(0 2.1226915e-4 0 0 0 0) - 1
#(0 0.004457652 0 0 0 0) - 1
#(0 0.0014858841 0 0 0 0) - 1
#(0 2.1226915e-4 0 0 0 0) - 1
#(0 0.0019104225 0 0 0 0) - 1
#(0 0.005306729 0 0 0 0) - 1
#(0 0.0057312674 0 0 0 0) - 1
#(0 0.0050944597 0 0 0 0) - 1
#(0 0.0072171516 0 0 0 0) - 1
#(0 0.0050944597 0 0 0 0) - 1
#(0 0.0014858841 0 0 0 0) - 1
#(0 0.010401188 0 0 0 0) - 1
#(0 0.0082784975 0 0 0 0) - 1
#(0 0.011250265 0 0 0 0) - 1
#(0 0.005518998 0 0 0 0) - 1
#(0 0.0059435363 0 0 0 0) - 1
#(0 0.002759499 0 0 0 0) - 1
#(0 0.0033963064 0 0 0 0) - 1
#(0 0.0033963064 0 0 0 0) - 1
#(0 0.0016981532 0 0 0 0) - 1
#(0 0.0010613458 0 0 0 0) - 1
#(0 0.0014858841 0 0 0 0) - 1
#(0 0.004457652 0 0 0 0) - 1
#(0 0.0021226916 0 0 0 0) - 1
#(0 0.002759499 0 0 0 0) - 1
#(0 0.013160688 0 0 0 0) - 1
#(0 0.0036085758 0 0 0 0) - 1
#(0 4.245383e-4 0 0 0 0) - 1
#(0 0.004457652 0 0 0 0) - 1
#(0 0.007853959 0 0 0 0) - 1
#(0 0.0021226916 0 0 0 0) - 1
#(0 0.0033963064 0 0 0 0) - 1
#(0 0.0012736149 0 0 0 0) - 1
#(0 0.0031840373 0 0 0 0) - 1
#(0 0.0046699215 0 0 0 0) - 1
#(0 0.004457652 0 0 0 0) - 1
#(0 0.0021226916 0 0 0 0) - 1
#(0 0.004457652 0 0 0 0) - 1
#(0 0.004245383 0 0 0 0) - 1
#(0 0.004457652 0 0 0 0) - 1
#(0 0.004033114 0 0 0 0) - 1
#(0 0.006792613 0 0 0 0) - 1
#(0 0.0029717681 0 0 0 0) - 1
#(0 0.0072171516 0 0 0 0) - 1
#(0 0.003820845 0 0 0 0) - 1
#(0 0.0033963064 0 0 0 0) - 1
#(0 0.0059435363 0 0 0 0) - 1
#(0 0.004882191 0 0 0 0) - 1
#(0 0.0021226916 0 0 0 0) - 1
#(0 0.0019104225 0 0 0 0) - 1
#(0 0.0021226916 0 0 0 0) - 1
#(0 0.0014858841 0 0 0 0) - 1
#(0 0.0023349607 0 0 0 0) - 1
#(0 0.004245383 0 0 0 0) - 1
#(0 0.009976651 0 0 0 0) - 1
#(0 0.011887073 0 0 0 0) - 1
#(0 0.0033963064 0 0 0 0) - 1
#(0 0.0063680746 0 0 0 0) - 1
#(0 0.004245383 0 0 0 0) - 1
#(0 0.0057312674 0 0 0 0) - 1
#(0 0.0023349607 0 0 0 0) - 1
#(0 0.028656336 0 0 0 0) - 1
#(0 0.026321376 0 0 0 0) - 1
#(0 0.028656336 0 0 0 0) - 1
#(0 0.028868606 0 0 0 0) - 1
#(0 0.038845256 0 0 0 0) - 1
#(0 0.02016557 0 0 0 0) - 1
#(0 0.021439185 0 0 0 0) - 1
#(0 0.017830608 0 0 0 0) - 1
#(0 0.021439185 0 0 0 0) - 1
#(0 0.018891955 0 0 0 0) - 1
#(0 0.015920186 0 0 0 0) - 1
#(0 0.018891955 0 0 0 0) - 1
#(0 0.010613458 0 0 0 0) - 1
#(0 0.010613458 0 0 0 0) - 1
#(0 0.017193802 0 0 0 0) - 1
#(0 0.014858841 0 0 0 0) - 1
#(0 0.010613458 0 0 0 0) - 1
#(0 0.008703035 0 0 0 0) - 1
#(0 0.01804288 0 0 0 0) - 1
#(0 0.01804288 0 0 0 0) - 1
#(0 0.01804288 0 0 0 0) - 1
#(0 0.0137974955 0 0 0 0) - 1
#(0 0.01761834 0 0 0 0) - 1
#(0 0.025684567 0 0 0 0) - 1
#(0 0.008066228 0 0 0 0) - 1
#(0 0.016132455 0 0 0 0) - 1
#(0 0.02292507 0 0 0 0) - 1
#(0 0.03290172 0 0 0 0) - 1
#(0 0.021651454 0 0 0 0) - 1
#(0 0.03290172 0 0 0 0) - 1
#(0 0.032052644 0 0 0 0) - 1
#(0 0.020802377 0 0 0 0) - 1
#(0 0.013160688 0 0 0 0) - 1
#(0 0.020802377 0 0 0 0) - 1
#(0 0.0137974955 0 0 0 0) - 1
#(0 0.014646572 0 0 0 0) - 1
#(0 0.009764382 0 0 0 0) - 1
#(0 0.009976651 0 0 0 0) - 1
#(0 0.009976651 0 0 0 0) - 1
#(0 0.011250265 0 0 0 0) - 1
#(0 0.009976651 0 0 0 0) - 1
#(0 0.02504776 0 0 0 0) - 1
#(0 0.011887073 0 0 0 0) - 1
#(0 0.015495649 0 0 0 0) - 1
#(0 0.033326257 0 0 0 0) - 1
#(0 0.02526003 0 0 0 0) - 1
#(0 0.029717682 0 0 0 0) - 1
#(0 0.028868606 0 0 0 0) - 1
#(0 0.025896838 0 0 0 0) - 1
#(0 0.023986414 0 0 0 0) - 1
#(0 0.017193802 0 0 0 0) - 1
#(0 0.0074294205 0 0 0 0) - 1
#(0 0.016556995 0 0 0 0) - 1
#(0 0.013585226 0 0 0 0) - 1
#(0 0.014222033 0 0 0 0) - 1
#(0 0.012311611 0 0 0 0) - 1
#(0 0.014009764 0 0 0 0) - 1
#(0 0.026533645 0 0 0 0) - 1
#(0 0.01761834 0 0 0 0) - 1
#(0 0.0101889195 0 0 0 0) - 1
#(0 0.008490766 0 0 0 0) - 1
#(0 0.014434303 0 0 0 0) - 1
#(0 0.009764382 0 0 0 0) - 1
#(0 0.0072171516 0 0 0 0) - 1
#(0 0.0021226916 0 0 0 0) - 1
#(0 0.004033114 0 0 0 0) - 1
#(0 0.0072171516 0 0 0 0) - 1
#(0 0.003820845 0 0 0 0) - 1
#(0 0.0072171516 0 0 0 0) - 1
#(0 0.0074294205 0 0 0 0) - 1
#(0 0.0019104225 0 0 0 0) - 1
#(0 0.006792613 0 0 0 0) - 1
#(0 0.004033114 0 0 0 0) - 1
#(0 0.008066228 0 0 0 0) - 1
#(0 0.0050944597 0 0 0 0) - 1
#(0 0.006580344 0 0 0 0) - 1
#(0 4.245383e-4 0 0 0 0) - 1
#(0 0.0016981532 0 0 0 0) - 1
#(0 0.004457652 0 0 0 0) - 1
#(0 0.003820845 0 0 0 0) - 1
#(0 0.0014858841 0 0 0 0) - 1
#(0 0.0072171516 0 0 0 0) - 1
#(0 0.004033114 0 0 0 0) - 1
#(0 0.0057312674 0 0 0 0) - 1
#(0 0.010613458 0 0 0 0) - 1
#(0 0.0033963064 0 0 0 0) - 1
#(0 0.0019104225 0 0 0 0) - 1
#(0 0.004033114 0 0 0 0) - 1
#(0 0.0021226916 0 0 0 0) - 1
#(0 0.009552112 0 0 0 0) - 1
#(0 0.0050944597 0 0 0 0) - 1
#(0 0.0025472299 0 0 0 0) - 1
#(0 0.006792613 0 0 0 0) - 1
#(0 0.0033963064 0 0 0 0) - 1
#(0 0 0 0 0 0) - 0
#(0 0.0016981532 0 0 0 0) - 1
#(0 0.0033963064 0 0 0 0) - 1
#(0 0.0101889195 0 0 0 0) - 1
#(0 0.0023349607 0 0 0 0) - 1
#(0 0.0074294205 0 0 0 0) - 1
#(0 0.00764169 0 0 0 0) - 1
#(0 0.0074294205 0 0 0 0) - 1
#(0 0.009764382 0 0 0 0) - 1
#(0 0.0016981532 0 0 0 0) - 1
#(0 0.0014858841 0 0 0 0) - 1
#(0 0.0029717681 0 0 0 0) - 1
#(0 0.0063680746 0 0 0 0) - 1
#(0 0.0059435363 0 0 0 0) - 1
#(0 0.0031840373 0 0 0 0) - 1
#(0 0.004457652 0 0 0 0) - 1
#(0 0.0012736149 0 0 0 0) - 1
#(0 0.0061558057 0 0 0 0) - 1
#(0 0.0019104225 0 0 0 0) - 1
#(0 4.245383e-4 0 0 0 0) - 1
#(0 4.245383e-4 0 0 0 0) - 1
#(0 8.490766e-4 0 0 0 0) - 1
#(0 0.006792613 0 0 0 0) - 1
#(0 0.008490766 0 0 0 0) - 1
#(0 0.014646572 0 0 0 0) - 1
#(0 0.0082784975 0 0 0 0) - 1
#(0 0.004033114 0 0 0 0) - 1
#(0 0.008703035 0 0 0 0) - 1
#(0 0.0016981532 0 0 0 0) - 1
#(0 0.0031840373 0 0 0 0) - 1
#(0 0.0046699215 0 0 0 0) - 1
#(0 0.004457652 0 0 0 0) - 1
#(0 0.014009764 0 0 0 0) - 1
#(0 0.010825727 0 0 0 0) - 1
#(0 0.010613458 0 0 0 0) - 1
#(0 0.0072171516 0 0 0 0) - 1
#(0 0.0137974955 0 0 0 0) - 1
#(0 0.019104224 0 0 0 0) - 1
#(0 0.0137974955 0 0 0 0) - 1
#(0 0.019104224 0 0 0 0) - 1
#(0 0.012948419 0 0 0 0) - 1
#(0 0.005306729 0 0 0 0) - 1
#(0 0.0074294205 0 0 0 0) - 1
#(0 0.012311611 0 0 0 0) - 1
#(0 0.010401188 0 0 0 0) - 1
#(0 0.01740607 0 0 0 0) - 1
#(0 0.0050944597 0 0 0 0) - 1
#(0 0.004457652 0 0 0 0) - 1
#(0 0.0063680746 0 0 0 0) - 1
#(0 0.006792613 0 0 0 0) - 1
#(0 0.0010613458 0 0 0 0) - 1
#(0 0.008703035 0 0 0 0) - 1
#(0 6.3680747e-4 0 0 0 0) - 1
#(0 0.0016981532 0 0 0 0) - 1
#(0 0.0050944597 0 0 0 0) - 1
#(0 0.0019104225 0 0 0 0) - 1
#(0 0.0019104225 0 0 0 0) - 1
#(0 0.009764382 0 0 0 0) - 1
#(0 0.007004882 0 0 0 0) - 1
#(0 0.009339843 0 0 0 0) - 1
#(0 0.008915304 0 0 0 0) - 1
#(0 0.0050944597 0 0 0 0) - 1
#(0 0.013372957 0 0 0 0) - 1
#(0 0.01528338 0 0 0 0) - 1
#(0 0.0012736149 0 0 0 0) - 1
#(0 0.008703035 0 0 0 0) - 1
#(0 0.010401188 0 0 0 0) - 1
#(0 0.014858841 0 0 0 0) - 1
#(0 0.0025472299 0 0 0 0) - 1
#(0 0.0036085758 0 0 0 0) - 1
#(0 0.0010613458 0 0 0 0) - 1
#(0 0.005518998 0 0 0 0) - 1
#(0 0.0057312674 0 0 0 0) - 1
#(0 0.009552112 0 0 0 0) - 1
#(0 0.008490766 0 0 0 0) - 1
#(0 0.016344724 0 0 0 0) - 1
#(0 0.007004882 0 0 0 0) - 1
#(0 0.0046699215 0 0 0 0) - 1
#(0 0.0061558057 0 0 0 0) - 1
#(0 0.008490766 0 0 0 0) - 1
#(0 0.0061558057 0 0 0 0) - 1
#(0 0.029080875 0 0 0 0) - 1
#(0 0.0025472299 0 0 0 0) - 1
#(0 0.0012736149 0 0 0 0) - 1
#(0 0.013372957 0 0 0 0) - 1
#(0 0.009552112 0 0 0 0) - 1
#(0 0.004245383 0 0 0 0) - 1
#(0 0.009552112 0 0 0 0) - 1
#(0 0.0031840373 0 0 0 0) - 1
#(0 8.490766e-4 0 0 0 0) - 1
#(0 0.0021226916 0 0 0 0) - 1
#(0 0.0050944597 0 0 0 0) - 1
#(0 0.0021226916 0 0 0 0) - 1
#(0 0.006580344 0 0 0 0) - 1
#(0 0.0061558057 0 0 0 0) - 1
#(0 0.008915304 0 0 0 0) - 1
#(0 0.0074294205 0 0 0 0) - 1
#(0 0.0059435363 0 0 0 0) - 1
#(0 0.0074294205 0 0 0 0) - 1
#(0 0.0063680746 0 0 0 0) - 1
#(0 0.0033963064 0 0 0 0) - 1
#(0 0.0033963064 0 0 0 0) - 1
#(0 0.007004882 0 0 0 0) - 1
#(0 0.0014858841 0 0 0 0) - 1
#(0 0.0016981532 0 0 0 0) - 1
#(0 0.009339843 0 0 0 0) - 1
#(0 0.0061558057 0 0 0 0) - 1
#(0 0.002759499 0 0 0 0) - 1
#(0 0.010825727 0 0 0 0) - 1
#(0 0.0025472299 0 0 0 0) - 1
#(0 0.005306729 0 0 0 0) - 1
#(0 0.004457652 0 0 0 0) - 1
#(0 0.004033114 0 0 0 0) - 1
#(0 0.005306729 0 0 0 0) - 1
#(0 0.0031840373 0 0 0 0) - 1
#(0 0.0016981532 0 0 0 0) - 1
#(0 0.006792613 0 0 0 0) - 1
#(0 0.004457652 0 0 0 0) - 1
#(0 0.0025472299 0 0 0 0) - 1
#(0 0.008490766 0 0 0 0) - 1
#(0 0.004457652 0 0 0 0) - 1
#(0 0.006580344 0 0 0 0) - 1
#(0 0.0029717681 0 0 0 0) - 1
#(0 0.009552112 0 0 0 0) - 1
#(0 0.0029717681 0 0 0 0) - 1
#(0 0.0023349607 0 0 0 0) - 1
#(0 0.011674804 0 0 0 0) - 1
#(0 0.0019104225 0 0 0 0) - 1
#(0 0.0033963064 0 0 0 0) - 1
#(0 0.012311611 0 0 0 0) - 1
#(0 0.008703035 0 0 0 0) - 1
#(0 0.002759499 0 0 0 0) - 1
#(0 0.0023349607 0 0 0 0) - 1
#(0 0.0050944597 0 0 0 0) - 1
#(0 0.0059435363 0 0 0 0) - 1
#(0 0.0036085758 0 0 0 0) - 1
#(0 0.0046699215 0 0 0 0) - 1
#(0 0.003820845 0 0 0 0) - 1
#(0 0.0101889195 0 0 0 0) - 1
#(0 0.0010613458 0 0 0 0) - 1
#(0 0.012311611 0 0 0 0) - 1
#(0 0.0036085758 0 0 0 0) - 1
#(0 0.0016981532 0 0 0 0) - 1
#(0 0.0025472299 0 0 0 0) - 1
#(0 0.0057312674 0 0 0 0) - 1
#(0 0.006792613 0 0 0 0) - 1
#(0 4.245383e-4 0 0 0 0) - 1
#(0 0.013160688 0 0 0 0) - 1
#(0 0.0014858841 0 0 0 0) - 1
#(0 0.0050944597 0 0 0 0) - 1
#(0 0.0033963064 0 0 0 0) - 1
#(0 0.008066228 0 0 0 0) - 1
#(0 0.007853959 0 0 0 0) - 1
#(0 0.0072171516 0 0 0 0) - 1
#(0 0.004033114 0 0 0 0) - 1
#(0 0.0050944597 0 0 0 0) - 1
#(0 0.004033114 0 0 0 0) - 1
#(0 0.012099342 0 0 0 0) - 1
#(0 0.002759499 0 0 0 0) - 1
#(0 0.006792613 0 0 0 0) - 1
#(0 0.009339843 0 0 0 0) - 1
#(0 0.0025472299 0 0 0 0) - 1
#(0 0.0019104225 0 0 0 0) - 1
#(0 0.0057312674 0 0 0 0) - 1
#(0 0.004457652 0 0 0 0) - 1
#(0 0.012099342 0 0 0 0) - 1
#(0 0.0029717681 0 0 0 0) - 1
#(0 0.0063680746 0 0 0 0) - 1
#(0 0.005306729 0 0 0 0) - 1
#(0 0.0019104225 0 0 0 0) - 1
#(0 0.0014858841 0 0 0 0) - 1
#(0 0.007004882 0 0 0 0) - 1
#(0 0.0012736149 0 0 0 0) - 1
#(0 0.0072171516 0 0 0 0) - 1
#(0 0.0050944597 0 0 0 0) - 1
#(0 0.009976651 0 0 0 0) - 1
#(0 0.007853959 0 0 0 0) - 1
#(0 4.245383e-4 0 0 0 0) - 1
#(0 0.005306729 0 0 0 0) - 1
#(0 0.008066228 0 0 0 0) - 1
#(0 0.0063680746 0 0 0 0) - 1
#(0 0.0029717681 0 0 0 0) - 1
#(0 6.3680747e-4 0 0 0 0) - 1
#(0 0.004457652 0 0 0 0) - 1
#(0 0.0023349607 0 0 0 0) - 1
#(0 0.011250265 0 0 0 0) - 1
#(0 2.1226915e-4 0 0 0 0) - 1
#(0 0.0036085758 0 0 0 0) - 1
#(0 0.0029717681 0 0 0 0) - 1
#(0 0.0074294205 0 0 0 0) - 1
#(0 0.0021226916 0 0 0 0) - 1
#(0 0.006580344 0 0 0 0) - 1
#(0 0.0072171516 0 0 0 0) - 1
#(0 0.006792613 0 0 0 0) - 1
#(0 0.009552112 0 0 0 0) - 1
#(0 0.013160688 0 0 0 0) - 1
#(0 0.011674804 0 0 0 0) - 1
#(0 0.009764382 0 0 0 0) - 1
#(0 0.01528338 0 0 0 0) - 1
#(0 0.01740607 0 0 0 0) - 1
#(0 0.012736149 0 0 0 0) - 1
#(0 0.004033114 0 0 0 0) - 1
#(0 0.0227128 0 0 0 0) - 1
#(0 0.01761834 0 0 0 0) - 1
#(0 0.00764169 0 0 0 0) - 1
#(0 0.016556995 0 0 0 0) - 1
#(0 0.013372957 0 0 0 0) - 1
#(0 0.017830608 0 0 0 0) - 1
#(0 0.0082784975 0 0 0 0) - 1
#(0 0.014434303 0 0 0 0) - 1
#(0 0.011250265 0 0 0 0) - 1
#(0 0.0059435363 0 0 0 0) - 1
#(0 0.0063680746 0 0 0 0) - 1
#(0 0.01740607 0 0 0 0) - 1
#(0 0.016556995 0 0 0 0) - 1
#(0 0.011887073 0 0 0 0) - 1
#(0 0.01507111 0 0 0 0) - 1
#(0 0.012099342 0 0 0 0) - 1
#(0 0.0072171516 0 0 0 0) - 1
#(0 0.0050944597 0 0 0 0) - 1
#(0 0.021226916 0 0 0 0) - 1
#(0 0.011250265 0 0 0 0) - 1
#(0 0.018891955 0 0 0 0) - 1
#(0 0.017830608 0 0 0 0) - 1
#(0 0.0227128 0 0 0 0) - 1
#(0 0.012099342 0 0 0 0) - 1
#(0 0.01507111 0 0 0 0) - 1
#(0 0.011037996 0 0 0 0) - 1
#(0 0.011674804 0 0 0 0) - 1
#(0 0.011674804 0 0 0 0) - 1
#(0 0.008915304 0 0 0 0) - 1
#(0 0.018467417 0 0 0 0) - 1
#(0 0.016344724 0 0 0 0) - 1
#(0 0.020802377 0 0 0 0) - 1
#(0 0.010825727 0 0 0 0) - 1
#(0 0.013585226 0 0 0 0) - 1
#(0 0.011037996 0 0 0 0) - 1
#(0 0.011674804 0 0 0 0) - 1
#(0 0.01507111 0 0 0 0) - 1
#(0 0.012736149 0 0 0 0) - 1
#(0 0.01528338 0 0 0 0) - 1
#(0 0.025684567 0 0 0 0) - 1
#(0 0.018467417 0 0 0 0) - 1
#(0 0.016981533 0 0 0 0) - 1
#(0 0.010401188 0 0 0 0) - 1
#(0 0.008490766 0 0 0 0) - 1
#(0 0.013585226 0 0 0 0) - 1
#(0 0.011037996 0 0 0 0) - 1
#(0 0.010401188 0 0 0 0) - 1
#(0 0.012099342 0 0 0 0) - 1
#(0 0.01252388 0 0 0 0) - 1
#(0 0.008703035 0 0 0 0) - 1
#(0 0.012099342 0 0 0 0) - 1
#(0 0.009339843 0 0 0 0) - 1
#(0 0.010613458 0 0 0 0) - 1
#(0 0.007004882 0 0 0 0) - 1
#(0 0.005518998 0 0 0 0) - 1
#(0 0.008915304 0 0 0 0) - 1
#(0 0.0072171516 0 0 0 0) - 1
#(0 0.016132455 0 0 0 0) - 1
#(0 0.011674804 0 0 0 0) - 1
#(0 0.007004882 0 0 0 0) - 1
#(0 0.0072171516 0 0 0 0) - 1
#(0 0.0031840373 0 0 0 0) - 1
#(0 0.0063680746 0 0 0 0) - 1
#(0 0.006792613 0 0 0 0) - 1
#(0 0.018467417 0 0 0 0) - 1
#(0 0.0036085758 0 0 0 0) - 1
#(0 0.014009764 0 0 0 0) - 1
#(0 0.026533645 0 0 0 0) - 1
#(0 0.0031840373 0 0 0 0) - 1
#(0 0.004882191 0 0 0 0) - 1
#(0 0.0063680746 0 0 0 0) - 1
#(0 0.0025472299 0 0 0 0) - 1
#(0 0.004245383 0 0 0 0) - 1
#(0 0.0036085758 0 0 0 0) - 1
#(0 0.0036085758 0 0 0 0) - 1
#(0 8.490766e-4 0 0 0 0) - 1
#(0 0.0082784975 0 0 0 0) - 1
#(0 0.0082784975 0 0 0 0) - 1
#(0 0.009339843 0 0 0 0) - 1
#(0 0.0082784975 0 0 0 0) - 1
#(0 0.030354489 0 0 0 0) - 1
#(0 0.01740607 0 0 0 0) - 1
#(0 0.019953301 0 0 0 0) - 1
#(0 0.0072171516 0 0 0 0) - 1
#(0 0.009976651 0 0 0 0) - 1
#(0 0.008915304 0 0 0 0) - 1
#(0 0.007004882 0 0 0 0) - 1
#(0 0.005518998 0 0 0 0) - 1
#(0 0.008915304 0 0 0 0) - 1
#(0 0.0072171516 0 0 0 0) - 1
#(0 0.016132455 0 0 0 0) - 1
#(0 0.011674804 0 0 0 0) - 1
#(0 0.007004882 0 0 0 0) - 1
#(0 0.0101889195 0 0 0 0) - 1
#(0 0.0057312674 0 0 0 0) - 1
#(0 0.0014858841 0 0 0 0) - 1
#(0 0.005306729 0 0 0 0) - 1
#(0 0.008703035 0 0 0 0) - 1
#(0 0.0046699215 0 0 0 0) - 1
#(0 0.008915304 0 0 0 0) - 1
#(0 0.011674804 0 0 0 0) - 1
#(0 0.032052644 0 0 0 0) - 1
#(0 0.0050944597 0 0 0 0) - 1
#(0 0.010401188 0 0 0 0) - 1
#(0 0.004245383 0 0 0 0) - 1
#(0 0.0059435363 0 0 0 0) - 1
#(0 0.0050944597 0 0 0 0) - 1
#(0 0.0063680746 0 0 0 0) - 1
#(0 0.0057312674 0 0 0 0) - 1
#(0 0.0033963064 0 0 0 0) - 1
#(0 0.008066228 0 0 0 0) - 1
#(0 0.011037996 0 0 0 0) - 1
#(0 0.002759499 0 0 0 0) - 1
#(0 0.004033114 0 0 0 0) - 1
#(0 0.0023349607 0 0 0 0) - 1
#(0 0.0016981532 0 0 0 0) - 1
#(0 0.013160688 0 0 0 0) - 1
#(0 0.0025472299 0 0 0 0) - 1
#(0 0.0031840373 0 0 0 0) - 1
#(0 0.0010613458 0 0 0 0) - 1
#(0 0.0031840373 0 0 0 0) - 1
#(0 0.005518998 0 0 0 0) - 1
#(0 0.008066228 0 0 0 0) - 1
#(0 0.012736149 0 0 0 0) - 1
#(0 0.01252388 0 0 0 0) - 1
#(0 0.008703035 0 0 0 0) - 1
#(0 0.0063680746 0 0 0 0) - 1
#(0 0.012311611 0 0 0 0) - 1
#(0 0.009764382 0 0 0 0) - 1
#(0 0.008703035 0 0 0 0) - 1
#(0 0.0057312674 0 0 0 0) - 1
#(0 0.012736149 0 0 0 0) - 1
#(0 0.011037996 0 0 0 0) - 1
#(0 0.0082784975 0 0 0 0) - 1
#(0 0.013585226 0 0 0 0) - 1
#(0 0.01507111 0 0 0 0) - 1
#(0 0.011674804 0 0 0 0) - 1
#(0 0.012099342 0 0 0 0) - 1
#(0 0.009764382 0 0 0 0) - 1
#(0 0.011674804 0 0 0 0) - 1
#(0 0.01252388 0 0 0 0) - 1
#(0 0.019953301 0 0 0 0) - 1
#(0 0.004245383 0 0 0 0) - 1
#(0 0.006580344 0 0 0 0) - 1
#(0 0.006792613 0 0 0 0) - 1
#(0 0.009764382 0 0 0 0) - 1
#(0 0.01528338 0 0 0 0) - 1
#(0 0.018679686 0 0 0 0) - 1
#(0 0.013160688 0 0 0 0) - 1
#(0 0.0072171516 0 0 0 0) - 1
#(0 0.006792613 0 0 0 0) - 1
#(0 0.005306729 0 0 0 0) - 1
#(0 0.004457652 0 0 0 0) - 1
#(0 0.0061558057 0 0 0 0) - 1
#(0 0.009552112 0 0 0 0) - 1
#(0 0.013585226 0 0 0 0) - 1
#(0 0.006580344 0 0 0 0) - 1
#(0 0.0063680746 0 0 0 0) - 1
#(0 0.010613458 0 0 0 0) - 1
#(0 0.009976651 0 0 0 0) - 1
#(0 0.0101889195 0 0 0 0) - 1
#(0 0.00764169 0 0 0 0) - 1
#(0 0.008703035 0 0 0 0) - 1
#(0 0.006792613 0 0 0 0) - 1
#(0 0.01252388 0 0 0 0) - 1
#(0 0.008703035 0 0 0 0) - 1
#(0 0.005518998 0 0 0 0) - 1
#(0 0.013372957 0 0 0 0) - 1
#(0 0.0101889195 0 0 0 0) - 1
#(0 0.009127574 0 0 0 0) - 1
#(0 0.0061558057 0 0 0 0) - 1
#(0 0.008066228 0 0 0 0) - 1
#(0 0.010825727 0 0 0 0) - 1
#(0 0.014009764 0 0 0 0) - 1
#(0 0.011462535 0 0 0 0) - 1
#(0 0.014434303 0 0 0 0) - 1
#(0 0.010401188 0 0 0 0) - 1
#(0 0.008703035 0 0 0 0) - 1
#(0 0.0033963064 0 0 0 0) - 1
#(0 0.014858841 0 0 0 0) - 1
#(0 0.0059435363 0 0 0 0) - 1
#(0 0.0057312674 0 0 0 0) - 1
#(0 0.005518998 0 0 0 0) - 1
#(0 0.0101889195 0 0 0 0) - 1
#(0 0.023561876 0 0 0 0) - 1
#(0 0.0046699215 0 0 0 0) - 1
#(0 0.0082784975 0 0 0 0) - 1
#(0 0.009127574 0 0 0 0) - 1
#(0 0.004882191 0 0 0 0) - 1
#(0 0.0021226916 0 0 0 0) - 1
#(0 0.0019104225 0 0 0 0) - 1
#(0 0.0072171516 0 0 0 0) - 1
#(0 8.490766e-4 0 0 0 0) - 1
#(0 0.0025472299 0 0 0 0) - 1
#(0 0.020377839 0 0 0 0) - 1
#(0 0.0050944597 0 0 0 0) - 1
#(0 0.005518998 0 0 0 0) - 1
#(0 0.006792613 0 0 0 0) - 1
#(0 0.0046699215 0 0 0 0) - 1
#(0 0.0025472299 0 0 0 0) - 1
#(0 0.008490766 0 0 0 0) - 1
#(0 0.005306729 0 0 0 0) - 1
#(0 0.0023349607 0 0 0 0) - 1
#(0 0.0050944597 0 0 0 0) - 1
#(0 0.0063680746 0 0 0 0) - 1
#(0 0.0025472299 0 0 0 0) - 1
#(0 0.005518998 0 0 0 0) - 1
#(0 0.040755678 0 0 0 0) - 1
#(0 0.0101889195 0 0 0 0) - 1
#(0 0.0031840373 0 0 0 0) - 1
#(0 0.007853959 0 0 0 0) - 1
#(0 0.005518998 0 0 0 0) - 1
#(0 0.0036085758 0 0 0 0) - 1
#(0 6.3680747e-4 0 0 0 0) - 1
#(0 0.0063680746 0 0 0 0) - 1
#(0 0.004033114 0 0 0 0) - 1
#(0 0.008915304 0 0 0 0) - 1
#(0 0.0016981532 0 0 0 0) - 1
#(0 0.004457652 0 0 0 0) - 1
#(0 0.0033963064 0 0 0 0) - 1
#(0 0.0050944597 0 0 0 0) - 1
#(0 0.0014858841 0 0 0 0) - 1
#(0 0.0074294205 0 0 0 0) - 1
#(0 0.0137974955 0 0 0 0) - 1
#(0 0.0063680746 0 0 0 0) - 1
#(0 0.005306729 0 0 0 0) - 1
#(0 0.006792613 0 0 0 0) - 1
#(0 0.0021226916 0 0 0 0) - 1
#(0 0.005518998 0 0 0 0) - 1
#(0 0.0033963064 0 0 0 0) - 1
#(0 0.007004882 0 0 0 0) - 1
#(0 0.012311611 0 0 0 0) - 1
#(0 0.010825727 0 0 0 0) - 1
#(0 0.006792613 0 0 0 0) - 1
#(0 0.003820845 0 0 0 0) - 1
#(0 0.004245383 0 0 0 0) - 1
#(0 0.0023349607 0 0 0 0) - 1
#(0 0.0029717681 0 0 0 0) - 1
#(0 0.0019104225 0 0 0 0) - 1
#(0 0.0012736149 0 0 0 0) - 1
#(0 0.0059435363 0 0 0 0) - 1
#(0 0.0059435363 0 0 0 0) - 1
#(0 0.0014858841 0 0 0 0) - 1
#(0 0.0021226916 0 0 0 0) - 1
#(0 0.004033114 0 0 0 0) - 1
#(0 4.245383e-4 0 0 0 0) - 1
#(0 0.06389301 0 0 0 0) - 1
#(0 0.040755678 0 0 0 0) - 1
#(0 0.051793676 0 0 0 0) - 1
#(0 0.009127574 0 0 0 0) - 1
#(0 0.0046699215 0 0 0 0) - 1
#(0 0.008915304 0 0 0 0) - 1
#(0 0.0029717681 0 0 0 0) - 1
#(0 0.012311611 0 0 0 0) - 1
#(0 0.0025472299 0 0 0 0) - 1
#(0 0.010613458 0 0 0 0) - 1
#(0 0.06389301 0 0 0 0) - 1
#(0 0.040755678 0 0 0 0) - 1
#(0 0.051793676 0 0 0 0) - 1
#(0 0.009127574 0 0 0 0) - 1
#(0 0.004033114 0 0 0 0) - 1
#(0 0.0063680746 0 0 0 0) - 1
#(0 0.00764169 0 0 0 0) - 1
#(0 0.009127574 0 0 0 0) - 1
#(0 0.0014858841 0 0 0 0) - 1
#(0 0.011674804 0 0 0 0) - 1
#(0 0.004882191 0 0 0 0) - 1
#(0 0.011887073 0 0 0 0) - 1
#(0 0.006580344 0 0 0 0) - 1
#(0 0.005306729 0 0 0 0) - 1
#(0 0.012948419 0 0 0 0) - 1
#(0 0.009764382 0 0 0 0) - 1
#(0 0.011887073 0 0 0 0) - 1
#(0 0.011887073 0 0 0 0) - 1
#(0 0.05073233 0 0 0 0) - 1
#(0 0.03735937 0 0 0 0) - 1
#(0 0.043090638 0 0 0 0) - 1
#(0 0.0025472299 0 0 0 0) - 1
#(0 0.0021226916 0 0 0 0) - 1
#(0 0.0046699215 0 0 0 0) - 1
#(0 0.004457652 0 0 0 0) - 1
#(0 0.00764169 0 0 0 0) - 1
#(0 0.0019104225 0 0 0 0) - 1
#(0 0.008490766 0 0 0 0) - 1
#(0 0.005306729 0 0 0 0) - 1
#(0 0 0 0 0 0) - 0
#(0 0.0061558057 0 0 0 0) - 1
#(0 0.005306729 0 0 0 0) - 1
#(0 0.0014858841 0 0 0 0) - 1
#(0 0.0057312674 0 0 0 0) - 1
#(0 0.014646572 0 0 0 0) - 1
#(0 0.008066228 0 0 0 0) - 1
#(0 0.005518998 0 0 0 0) - 1
#(0 8.490766e-4 0 0 0 0) - 1
#(0 0.0031840373 0 0 0 0) - 1
#(0 4.245383e-4 0 0 0 0) - 1
#(0 0.060921248 0 0 0 0) - 1
#(0 0.011037996 0 0 0 0) - 1
#(0 0.009764382 0 0 0 0) - 1
#(0 0.009339843 0 0 0 0) - 1
#(0 0.014222033 0 0 0 0) - 1
#(0 0.011887073 0 0 0 0) - 1
#(0 0.0016981532 0 0 0 0) - 1
#(0 0.0025472299 0 0 0 0) - 1
#(0 8.490766e-4 0 0 0 0) - 1
#(0 8.490766e-4 0 0 0 0) - 1
#(0 0.0016981532 0 0 0 0) - 1
#(0 0.0036085758 0 0 0 0) - 1
#(0 0.004457652 0 0 0 0) - 1
#(0 0.0014858841 0 0 0 0) - 1
#(0 0.0057312674 0 0 0 0) - 1
#(0 0.0057312674 0 0 0 0) - 1
#(0 0.0031840373 0 0 0 0) - 1
#(0 0.0029717681 0 0 0 0) - 1
#(0 0.0029717681 0 0 0 0) - 1
#(0 8.490766e-4 0 0 0 0) - 1
#(0 0.005518998 0 0 0 0) - 1
#(0 0.009552112 0 0 0 0) - 1
#(0 0.0036085758 0 0 0 0) - 1
#(0 0.0059435363 0 0 0 0) - 1
#(0 0.0019104225 0 0 0 0) - 1
#(0 0.0050944597 0 0 0 0) - 1
#(0 0.0025472299 0 0 0 0) - 1
#(0 0.006580344 0 0 0 0) - 1
#(0 0.005306729 0 0 0 0) - 1
#(0 0.0029717681 0 0 0 0) - 1
#(0 0.0012736149 0 0 0 0) - 1
#(0 0.0021226916 0 0 0 0) - 1
#(0 0.002759499 0 0 0 0) - 1
#(0 0.0010613458 0 0 0 0) - 1
#(0 0.0033963064 0 0 0 0) - 1
#(0 0.0033963064 0 0 0 0) - 1
#(0 0.007004882 0 0 0 0) - 1
#(0 0.0012736149 0 0 0 0) - 1
#(0 0.007004882 0 0 0 0) - 1
#(0 0.006580344 0 0 0 0) - 1
#(0 0.004245383 0 0 0 0) - 1
#(0 0.005518998 0 0 0 0) - 1
#(0 0.009127574 0 0 0 0) - 1
#(0 6.3680747e-4 0 0 0 0) - 1
#(0 6.3680747e-4 0 0 0 0) - 1
#(0 0.005518998 0 0 0 0) - 1
#(0 0.006580344 0 0 0 0) - 1
#(0 0.0029717681 0 0 0 0) - 1
#(0 0.0021226916 0 0 0 0) - 1
#(0 0.004457652 0 0 0 0) - 1
#(0 0.0016981532 0 0 0 0) - 1
#(0 0.023986414 0 0 0 0) - 1
#(0 0.0010613458 0 0 0 0) - 1
#(0 0.0025472299 0 0 0 0) - 1
#(0 0.010825727 0 0 0 0) - 1
#(0 0.012311611 0 0 0 0) - 1
#(0 0.014009764 0 0 0 0) - 1
#(0 0.0046699215 0 0 0 0) - 1
#(0 0.008915304 0 0 0 0) - 1
#(0 0.009552112 0 0 0 0) - 1
#(0 0.016769264 0 0 0 0) - 1
#(0 0.009976651 0 0 0 0) - 1
#(0 0.010825727 0 0 0 0) - 1
#(0 0.010401188 0 0 0 0) - 1
#(0 0.013160688 0 0 0 0) - 1
#(0 0.0059435363 0 0 0 0) - 1
#(0 0.005518998 0 0 0 0) - 1
#(0 0.009976651 0 0 0 0) - 1
#(0 0.006792613 0 0 0 0) - 1
#(0 0.006580344 0 0 0 0) - 1
#(0 0.014434303 0 0 0 0) - 1
#(0 0.008066228 0 0 0 0) - 1
#(0 0.003820845 0 0 0 0) - 1
#(0 0.010401188 0 0 0 0) - 1
#(0 0.015495649 0 0 0 0) - 1
#(0 0.01252388 0 0 0 0) - 1
#(0 0.006580344 0 0 0 0) - 1
#(0 0.005306729 0 0 0 0) - 1
#(0 0.002759499 0 0 0 0) - 1
#(0 0.014222033 0 0 0 0) - 1
#(0 0.011250265 0 0 0 0) - 1
#(0 0.013160688 0 0 0 0) - 1
#(0 0.004882191 0 0 0 0) - 1
#(0 0.011887073 0 0 0 0) - 1
#(0 0.0033963064 0 0 0 0) - 1
#(0 0.010613458 0 0 0 0) - 1
#(0 0.011462535 0 0 0 0) - 1
#(0 0.006580344 0 0 0 0) - 1
#(0 0.024410954 0 0 0 0) - 1
#(0 0.004033114 0 0 0 0) - 1
#(0 0.009552112 0 0 0 0) - 1
#(0 0.009127574 0 0 0 0) - 1
#(0 0.0057312674 0 0 0 0) - 1
#(0 0.0061558057 0 0 0 0) - 1
#(0 0.034599874 0 0 0 0) - 1
#(0 0.0101889195 0 0 0 0) - 1
#(0 0.004457652 0 0 0 0) - 1
#(0 0.009552112 0 0 0 0) - 1
#(0 0.009339843 0 0 0 0) - 1
#(0 0.0046699215 0 0 0 0) - 1
#(0 0.006580344 0 0 0 0) - 1
#(0 0.0036085758 0 0 0 0) - 1
#(0 0.0033963064 0 0 0 0) - 1
#(0 0.004457652 0 0 0 0) - 1
#(0 0.005306729 0 0 0 0) - 1
#(0 0.0061558057 0 0 0 0) - 1
#(0 0.005306729 0 0 0 0) - 1
#(0 0.012311611 0 0 0 0) - 1
#(0 0.0046699215 0 0 0 0) - 1
#(0 0.011037996 0 0 0 0) - 1
#(0 0.012311611 0 0 0 0) - 1
#(0 0.015920186 0 0 0 0) - 1
#(0 0.008915304 0 0 0 0) - 1
#(0 0.017193802 0 0 0 0) - 1
#(0 0.016344724 0 0 0 0) - 1
#(0 0.0057312674 0 0 0 0) - 1
#(0 0.0050944597 0 0 0 0) - 1
#(0 0.009552112 0 0 0 0) - 1
#(0 0.016769264 0 0 0 0) - 1
#(0 0.009976651 0 0 0 0) - 1
#(0 0.010825727 0 0 0 0) - 1
#(0 0.010401188 0 0 0 0) - 1
#(0 0.008066228 0 0 0 0) - 1
#(0 0.006580344 0 0 0 0) - 1
#(0 0.0061558057 0 0 0 0) - 1
#(0 0.008703035 0 0 0 0) - 1
#(0 0.004245383 0 0 0 0) - 1
#(0 0.0031840373 0 0 0 0) - 1
#(0 0.0016981532 0 0 0 0) - 1
#(0 0.011887073 0 0 0 0) - 1
#(0 0.009552112 0 0 0 0) - 1
#(0 0.009976651 0 0 0 0) - 1
#(0 0.0059435363 0 0 0 0) - 1
#(0 0.004882191 0 0 0 0) - 1
#(0 0.009764382 0 0 0 0) - 1
#(0 2.1226915e-4 0 0 0 0) - 1
#(0 0.0019104225 0 0 0 0) - 1
#(0 0.0012736149 0 0 0 0) - 1
#(0 0.0074294205 0 0 0 0) - 1
#(0 0.007004882 0 0 0 0) - 1
#(0 0.004245383 0 0 0 0) - 1
#(0 0.004245383 0 0 0 0) - 1
#(0 0.0019104225 0 0 0 0) - 1
#(0 0.0016981532 0 0 0 0) - 1
#(0 0.003820845 0 0 0 0) - 1
#(0 0.004033114 0 0 0 0) - 1
#(0 0.0016981532 0 0 0 0) - 1
#(0 0.004033114 0 0 0 0) - 1
#(0 0.0023349607 0 0 0 0) - 1
#(0 6.3680747e-4 0 0 0 0) - 1
#(0 0.0029717681 0 0 0 0) - 1
#(0 4.245383e-4 0 0 0 0) - 1
#(0 0.0016981532 0 0 0 0) - 1
#(0 0.008490766 0 0 0 0) - 1
#(0 0.0061558057 0 0 0 0) - 1
#(0 0.010613458 0 0 0 0) - 1
#(0 0.012948419 0 0 0 0) - 1
#(0 0.009127574 0 0 0 0) - 1
#(0 0.006580344 0 0 0 0) - 1
#(0 0.010613458 0 0 0 0) - 1
#(0 0.012948419 0 0 0 0) - 1
#(0 0.009976651 0 0 0 0) - 1
#(0 0.004457652 0 0 0 0) - 1
#(0 0.0025472299 0 0 0 0) - 1
#(0 0.003820845 0 0 0 0) - 1
#(0 0.008490766 0 0 0 0) - 1
#(0 0.0061558057 0 0 0 0) - 1
#(0 0.010613458 0 0 0 0) - 1
#(0 0.004882191 0 0 0 0) - 1
#(0 0.008490766 0 0 0 0) - 1
#(0 0.004457652 0 0 0 0) - 1
#(0 0.0059435363 0 0 0 0) - 1
#(0 0.0057312674 0 0 0 0) - 1
#(0 0.010825727 0 0 0 0) - 1
#(0 8.490766e-4 0 0 0 0) - 1
#(0 0.010613458 0 0 0 0) - 1
#(0 0.0014858841 0 0 0 0) - 1
#(0 0.004882191 0 0 0 0) - 1
#(0 0.013160688 0 0 0 0) - 1
#(0 0.0059435363 0 0 0 0) - 1
#(0 0.010613458 0 0 0 0) - 1
#(0 0.007004882 0 0 0 0) - 1
#(0 0.0021226916 0 0 0 0) - 1
#(0 0.0046699215 0 0 0 0) - 1
#(0 8.490766e-4 0 0 0 0) - 1
#(0 0.004245383 0 0 0 0) - 1
#(0 0.013160688 0 0 0 0) - 1
#(0 0.007853959 0 0 0 0) - 1
#(0 0.0012736149 0 0 0 0) - 1
#(0 0.0014858841 0 0 0 0) - 1
#(0 0.0016981532 0 0 0 0) - 1
#(0 0.009764382 0 0 0 0) - 1
#(0 0.016556995 0 0 0 0) - 1
#(0 0.008490766 0 0 0 0) - 1
#(0 0.01804288 0 0 0 0) - 1
#(0 0.01740607 0 0 0 0) - 1
#(0 0.0025472299 0 0 0 0) - 1
#(0 0.016769264 0 0 0 0) - 1
#(0 0.035024412 0 0 0 0) - 1
#(0 0.009976651 0 0 0 0) - 1
#(0 0.012948419 0 0 0 0) - 1
#(0 0.011887073 0 0 0 0) - 1
#(0 0.01804288 0 0 0 0) - 1
#(0 0.014009764 0 0 0 0) - 1
#(0 0.018255148 0 0 0 0) - 1
#(0 0.009127574 0 0 0 0) - 1
#(0 0.002759499 0 0 0 0) - 1
#(0 0.007004882 0 0 0 0) - 1
#(0 0.018467417 0 0 0 0) - 1
#(0 0.026321376 0 0 0 0) - 1
#(0 0.003820845 0 0 0 0) - 1
#(0 0.009764382 0 0 0 0) - 1
#(0 0.016344724 0 0 0 0) - 1
#(0 0.03226491 0 0 0 0) - 1
#(0 0.0137974955 0 0 0 0) - 1
#(0 0.011887073 0 0 0 0) - 1
#(0 0.007004882 0 0 0 0) - 1
#(0 0.008490766 0 0 0 0) - 1
#(0 0.004245383 0 0 0 0) - 1
#(0 0.005518998 0 0 0 0) - 1
#(0 0.006792613 0 0 0 0) - 1
#(0 0.016556995 0 0 0 0) - 1
#(0 0.021651454 0 0 0 0) - 1
#(0 0.004457652 0 0 0 0) - 1
#(0 0.009764382 0 0 0 0) - 1
#(0 0.016556995 0 0 0 0) - 1
#(0 0.008490766 0 0 0 0) - 1
#(0 0.01804288 0 0 0 0) - 1
#(0 0.019741032 0 0 0 0) - 1
#(0 0.0025472299 0 0 0 0) - 1
#(0 0.016769264 0 0 0 0) - 1
#(0 0.038845256 0 0 0 0) - 1
#(0 0.009339843 0 0 0 0) - 1
#(0 0.0082784975 0 0 0 0) - 1
#(0 0.008915304 0 0 0 0) - 1
#(0 0.023986414 0 0 0 0) - 1
#(0 0.011250265 0 0 0 0) - 1
#(0 0.0033963064 0 0 0 0) - 1
#(0 0.0021226916 0 0 0 0) - 1
#(0 0.013160688 0 0 0 0) - 1
#(0 0.015707918 0 0 0 0) - 1
#(0 0.010613458 0 0 0 0) - 1
#(0 0.0023349607 0 0 0 0) - 1
#(0 0.0029717681 0 0 0 0) - 1
#(0 0.013372957 0 0 0 0) - 1
#(0 0.0023349607 0 0 0 0) - 1
#(0 0.013372957 0 0 0 0) - 1
#(0 0.0010613458 0 0 0 0) - 1
#(0 0.004245383 0 0 0 0) - 1
#(0 0.0033963064 0 0 0 0) - 1
#(0 0.0036085758 0 0 0 0) - 1
#(0 0.013372957 0 0 0 0) - 1
#(0 0.0033963064 0 0 0 0) - 1
#(0 0.002759499 0 0 0 0) - 1
#(0 0.008490766 0 0 0 0) - 1
#(0 0.013372957 0 0 0 0) - 1
#(0 0.00764169 0 0 0 0) - 1
#(0 0.0029717681 0 0 0 0) - 1
#(0 0.0059435363 0 0 0 0) - 1
#(0 0.020590108 0 0 0 0) - 1
#(0 0.014646572 0 0 0 0) - 1
#(0 0.0101889195 0 0 0 0) - 1
#(0 0.016981533 0 0 0 0) - 1
#(0 0.011674804 0 0 0 0) - 1
#(0 0.0033963064 0 0 0 0) - 1
#(0 0.0082784975 0 0 0 0) - 1
#(0 4.245383e-4 0 0 0 0) - 1
#(0 0.006580344 0 0 0 0) - 1
#(0 0.01252388 0 0 0 0) - 1
#(0 0.0046699215 0 0 0 0) - 1
#(0 0.006580344 0 0 0 0) - 1
#(0 0.006580344 0 0 0 0) - 1
#(0 0.017193802 0 0 0 0) - 1
#(0 0.00764169 0 0 0 0) - 1
#(0 0.025896838 0 0 0 0) - 1
#(0 0.016981533 0 0 0 0) - 1
#(0 0.008703035 0 0 0 0) - 1
#(0 0.0063680746 0 0 0 0) - 1
#(0 0.0046699215 0 0 0 0) - 1
#(0 0.006792613 0 0 0 0) - 1
#(0 0.0016981532 0 0 0 0) - 1
#(0 0.0014858841 0 0 0 0) - 1
#(0 0.007853959 0 0 0 0) - 1
#(0 0.014434303 0 0 0 0) - 1
#(0 0.009552112 0 0 0 0) - 1
#(0 0.009552112 0 0 0 0) - 1
#(0 0.0036085758 0 0 0 0) - 1
#(0 0.004882191 0 0 0 0) - 1
#(0 0.004882191 0 0 0 0) - 1
#(0 0.004245383 0 0 0 0) - 1
#(0 0.0033963064 0 0 0 0) - 1
#(0 0.008066228 0 0 0 0) - 1
#(0 0.0057312674 0 0 0 0) - 1
#(0 0.008703035 0 0 0 0) - 1
#(0 0.013160688 0 0 0 0) - 1
#(0 0.0061558057 0 0 0 0) - 1
#(0 0.009976651 0 0 0 0) - 1
#(0 0.011462535 0 0 0 0) - 1
#(0 0.004882191 0 0 0 0) - 1
#(0 0.004882191 0 0 0 0) - 1
#(0 0.011250265 0 0 0 0) - 1
#(0 0.0046699215 0 0 0 0) - 1
#(0 0.0101889195 0 0 0 0) - 1
#(0 0.006792613 0 0 0 0) - 1
#(0 0.00764169 0 0 0 0) - 1
#(0 0.010613458 0 0 0 0) - 1
#(0 0.009976651 0 0 0 0) - 1
#(0 0.004457652 0 0 0 0) - 1
#(0 0.01804288 0 0 0 0) - 1
#(0 0.002759499 0 0 0 0) - 1
#(0 0.0031840373 0 0 0 0) - 1
#(0 0.0019104225 0 0 0 0) - 1
#(0 0.0059435363 0 0 0 0) - 1
#(0 0.012736149 0 0 0 0) - 1
#(0 0.01804288 0 0 0 0) - 1
#(0 0.013585226 0 0 0 0) - 1
#(0 0.008490766 0 0 0 0) - 1
#(0 0.0014858841 0 0 0 0) - 1
#(0 0.0046699215 0 0 0 0) - 1
#(0 0.009127574 0 0 0 0) - 1
#(0 0.009127574 0 0 0 0) - 1
#(0 0.0137974955 0 0 0 0) - 1
#(0 0.007853959 0 0 0 0) - 1
#(0 0.018891955 0 0 0 0) - 1
#(0 0.014646572 0 0 0 0) - 1
#(0 0.016769264 0 0 0 0) - 1
#(0 0.011250265 0 0 0 0) - 1
#(0 0.0031840373 0 0 0 0) - 1
#(0 0.007004882 0 0 0 0) - 1
#(0 0.009764382 0 0 0 0) - 1
#(0 0.009127574 0 0 0 0) - 1
#(0 0.0036085758 0 0 0 0) - 1
#(0 0.0033963064 0 0 0 0) - 1
#(0 0.0057312674 0 0 0 0) - 1
#(0 0.01528338 0 0 0 0) - 1
#(0 0.015495649 0 0 0 0) - 1
#(0 0.014434303 0 0 0 0) - 1
#(0 0.009552112 0 0 0 0) - 1
#(0 0.008490766 0 0 0 0) - 1
#(0 0.010613458 0 0 0 0) - 1
#(0 0.009764382 0 0 0 0) - 1
#(0 0.0101889195 0 0 0 0) - 1
#(0 0.009552112 0 0 0 0) - 1
#(0 0.014858841 0 0 0 0) - 1
#(0 0.006792613 0 0 0 0) - 1
#(0 0.0023349607 0 0 0 0) - 1
#(0 0.0063680746 0 0 0 0) - 1
#(0 0.0061558057 0 0 0 0) - 1
#(0 0.007853959 0 0 0 0) - 1
#(0 0.009552112 0 0 0 0) - 1
#(0 0.0016981532 0 0 0 0) - 1
#(0 0.0019104225 0 0 0 0) - 1
#(0 0.011250265 0 0 0 0) - 1
#(0 0.007004882 0 0 0 0) - 1
#(0 0.002759499 0 0 0 0) - 1
#(0 0.0019104225 0 0 0 0) - 1
#(0 0.009764382 0 0 0 0) - 1
#(0 0.0101889195 0 0 0 0) - 1
#(0 0.009552112 0 0 0 0) - 1
#(0 0.014858841 0 0 0 0) - 1
#(0 0.007004882 0 0 0 0) - 1
#(0 0.0029717681 0 0 0 0) - 1
#(0 0.0023349607 0 0 0 0) - 1
#(0 0.007004882 0 0 0 0) - 1
#(0 0.009764382 0 0 0 0) - 1
#(0 0.004033114 0 0 0 0) - 1
#(0 0.004245383 0 0 0 0) - 1
#(0 0.0019104225 0 0 0 0) - 1
#(0 0.0023349607 0 0 0 0) - 1
#(0 0.005306729 0 0 0 0) - 1
#(0 0.008915304 0 0 0 0) - 1
#(0 0.0025472299 0 0 0 0) - 1
#(0 0.005518998 0 0 0 0) - 1
#(0 0.0036085758 0 0 0 0) - 1
#(0 0.0050944597 0 0 0 0) - 1
#(0 0.0036085758 0 0 0 0) - 1
#(0 0.006792613 0 0 0 0) - 1
#(0 0.002759499 0 0 0 0) - 1
#(0 0.009127574 0 0 0 0) - 1
#(0 0.021863723 0 0 0 0) - 1
#(0 0.0057312674 0 0 0 0) - 1
#(0 0.005306729 0 0 0 0) - 1
#(0 0.009976651 0 0 0 0) - 1
#(0 0.005518998 0 0 0 0) - 1
#(0 0.012736149 0 0 0 0) - 1
#(0 0.011674804 0 0 0 0) - 1
#(0 0.002759499 0 0 0 0) - 1
#(0 0.0021226916 0 0 0 0) - 1

Grupo 2
#(0 0 0 0 0 0) - 0
#(0 0 0 0 0 0) - 0
#(0 0 0 0 0 0) - 0
#(0 0 0 0 0 0) - 0
#(0 0 0 0 0 0) - 0
#(0 0 0 0 0 0) - 0
#(0 0 0 0 0 0) - 0
#(0 0 0 0 0 0) - 0
#(0 0 0 0 0 0) - 0
#(0 0 0 0 0 0) - 0
#(0 0 0 0 0 0) - 0
#(0 0 0 0 0 0) - 0
#(0 0 0 0 0 0) - 0
#(0 0 0 0 0 0) - 0
#(0 0 0 0 0 0) - 0
#(0 0 0 0 0 0) - 0
#(0 0 0 0 0 0) - 0
#(0 0 0.65789473 0 0 0) - 2
#(0 0 0.6315789 0 0 0) - 2
#(0 0 0.65789473 0 0 0) - 2
#(0 0 0.6315789 0 0 0) - 2
#(0 0 0.5 0 0 0) - 2
#(0 0 0.36842105 0 0 0) - 2
#(0 0 0.39473686 0 0 0) - 2
#(0 0 0.31578946 0 0 0) - 2
#(0 0 0.5263158 0 0 0) - 2
#(0 0 0.65789473 0 0 0) - 2
#(0 0 0.6315789 0 0 0) - 2
#(0 0 0.65789473 0 0 0) - 2
#(0 0 0.4473684 0 0 0) - 2
#(0 0 0.57894737 0 0 0) - 2
#(0 0 0.39473686 0 0 0) - 2
#(0 0 0.6052632 0 0 0) - 2
#(0 0 0.47368422 0 0 0) - 2
#(0 0 0.36842105 0 0 0) - 2
#(0 0 0 0 0 0) - 0
#(0 0 0 0 0 0) - 0
#(0 0 0 0 0 0) - 0
#(0 0 0 0 0 0) - 0
#(0 0 0 0 0 0) - 0
#(0 0 0 0 0 0) - 0
#(0 0 0 0 0 0) - 0
#(0 0 0 0 0 0) - 0
#(0 0 0 0 0 0) - 0
#(0 0 0 0 0 0) - 0
#(0 0 0 0 0 0) - 0
#(0 0 0 0 0 0) - 0
#(0 0 0 0 0 0) - 0
#(0 0 0 0 0 0) - 0
#(0 0 0 0 0 0) - 0
#(0 0 0 0 0 0) - 0
#(0 0 0 0 0 0) - 0
#(0 0 0 0 0 0) - 0
#(0 0 0 0 0 0) - 0
#(0 0 0 0 0 0) - 0
#(0 0 0 0 0 0) - 0
#(0 0 0 0 0 0) - 0
#(0 0 0 0 0 0) - 0
#(0 0 0.10526316 0 0 0) - 2
#(0 0 0.10526316 0 0 0) - 2
#(0 0 0 0 0 0) - 0
#(0 0 0 0 0 0) - 0
#(0 0 0.10526316 0 0 0) - 2
#(0 0 0.10526316 0 0 0) - 2
#(0 0 0 0 0 0) - 0
#(0 0 0 0 0 0) - 0
#(0 0 0 0 0 0) - 0
#(0 0 0 0 0 0) - 0
#(0 0 0.10526316 0 0 0) - 2
#(0 0 0.10526316 0 0 0) - 2
#(0 0 0 0 0 0) - 0
#(0 0 0 0 0 0) - 0
#(0 0 0.10526316 0 0 0) - 2
#(0 0 0.10526316 0 0 0) - 2
#(0 0 0 0 0 0) - 0
#(0 0 0 0 0 0) - 0
#(0 0 0 0 0 0) - 0
#(0 0 0.10526316 0 0 0) - 2
#(0 0 0 0 0 0) - 0
#(0 0 0 0 0 0) - 0
#(0 0 0 0 0 0) - 0
#(0 0 0.10526316 0 0 0) - 2
#(0 0 0 0 0 0) - 0
#(0 0 0 0 0 0) - 0
#(0 0 0 0 0 0) - 0
#(0 0 0 0 0 0) - 0
#(0 0 0 0 0 0) - 0
#(0 0 0 0 0 0) - 0
#(0 0 0 0 0 0) - 0
#(0 0 0 0 0 0) - 0
#(0 0 0 0 0 0) - 0
#(0 0 0 0 0 0) - 0
#(0 0 0 0 0 0) - 0
#(0 0 0 0 0 0) - 0
#(0 0 0 0 0 0) - 0
#(0 0 0 0 0 0) - 0
#(0 0 0 0 0 0) - 0
#(0 0 0 0 0 0) - 0
#(0 0 0 0 0 0) - 0
#(0 0 0 0 0 0) - 0
#(0 0 0 0 0 0) - 0
#(0 0 0 0 0 0) - 0
#(0 0 0 0 0 0) - 0
#(0 0 0 0 0 0) - 0
#(0 0 0 0 0 0) - 0
#(0 0 0 0 0 0) - 0
#(0 0 0 0 0 0) - 0
#(0 0 0 0 0 0) - 0
#(0 0 0 0 0 0) - 0
#(0 0 0 0 0 0) - 0
#(0 0 0 0 0 0) - 0
#(0 0 0 0 0 0) - 0
#(0 0 0 0 0 0) - 0
#(0 0 0 0 0 0) - 0
#(0 0 0 0 0 0) - 0
#(0 0 0 0 0 0) - 0
#(0 0 0 0 0 0) - 0
#(0 0 0 0 0 0) - 0
#(0 0 0 0 0 0) - 0
#(0 0 0 0 0 0) - 0
#(0 0 0 0 0 0) - 0
#(0 0 0 0 0 0) - 0
#(0 0 0 0 0 0) - 0
#(0 0 0 0 0 0) - 0
#(0 0 0 0 0 0) - 0
#(0 0 0 0 0 0) - 0
#(0 0 0 0 0 0) - 0
#(0 0 0 0 0 0) - 0
#(0 0 0 0 0 0) - 0
#(0 0 0 0 0 0) - 0
#(0 0 0 0 0 0) - 0
#(0 0 0 0 0 0) - 0
#(0 0 0 0 0 0) - 0
#(0 0 0 0 0 0) - 0
#(0 0 0 0 0 0) - 0
#(0 0 0 0 0 0) - 0
#(0 0 0 0 0 0) - 0
#(0 0 0 0 0 0) - 0
#(0 0 0 0 0 0) - 0
#(0 0 0 0 0 0) - 0
#(0 0 0 0 0 0) - 0
#(0 0 0 0 0 0) - 0
#(0 0 0 0 0 0) - 0
#(0 0 0 0 0 0) - 0
#(0 0 0 0 0 0) - 0
#(0 0 0 0 0 0) - 0
#(0 0 0 0 0 0) - 0
#(0 0 0 0 0 0) - 0
#(0 0 0 0 0 0) - 0
#(0 0 0 0 0 0) - 0
#(0 0 0 0 0 0) - 0
#(0 0 0 0 0 0) - 0
#(0 0 0 0 0 0) - 0
#(0 0 0 0 0 0) - 0
#(0 0 0 0 0 0) - 0
#(0 0 0 0 0 0) - 0
#(0 0 0 0 0 0) - 0
#(0 0 0 0 0 0) - 0
#(0 0 0 0 0 0) - 0
#(0 0 0 0 0 0) - 0
#(0 0 0 0 0 0) - 0
#(0 0 0 0 0 0) - 0
#(0 0 0 0 0 0) - 0
#(0 0 0 0 0 0) - 0
#(0 0 0 0 0 0) - 0
#(0 0 0 0 0 0) - 0
#(0 0 0 0 0 0) - 0
#(0 0 0 0 0 0) - 0
#(0 0 0 0 0 0) - 0
#(0 0 0 0 0 0) - 0
#(0 0 0 0 0 0) - 0
#(0 0 0 0 0 0) - 0
#(0 0 0 0 0 0) - 0
#(0 0 0 0 0 0) - 0
#(0 0 0 0 0 0) - 0
#(0 0 0 0 0 0) - 0
#(0 0 0 0 0 0) - 0
#(0 0 0 0 0 0) - 0
#(0 0 0 0 0 0) - 0
#(0 0 0 0 0 0) - 0
#(0 0 0 0 0 0) - 0
#(0 0 0 0 0 0) - 0
#(0 0 0 0 0 0) - 0
#(0 0 0 0 0 0) - 0
#(0 0 0 0 0 0) - 0
#(0 0 0 0 0 0) - 0
#(0 0 0 0 0 0) - 0
#(0 0 0 0 0 0) - 0
#(0 0 0 0 0 0) - 0
#(0 0 0 0 0 0) - 0
#(0 0 0 0 0 0) - 0
#(0 0 0 0 0 0) - 0
#(0 0 0.65789473 0 0 0) - 2
#(0 0 0.6052632 0 0 0) - 2
#(0 0 0.68421054 0 0 0) - 2
#(0 0 0.65789473 0 0 0) - 2
#(0 0 0.6315789 0 0 0) - 2
#(0 0 0.68421054 0 0 0) - 2
#(0 0 0.5263158 0 0 0) - 2
#(0 0 0.55263156 0 0 0) - 2
#(0 0 0.5263158 0 0 0) - 2
#(0 0 0.57894737 0 0 0) - 2
#(0 0 0.4473684 0 0 0) - 2
#(0 0 0.39473686 0 0 0) - 2
#(0 0 0.65789473 0 0 0) - 2
#(0 0 0.6052632 0 0 0) - 2
#(0 0 0.7105263 0 0 0) - 2
#(0 0 0.55263156 0 0 0) - 2
#(0 0 0.5 0 0 0) - 2
#(0 0 0.4473684 0 0 0) - 2
#(0 0 0.36842105 0 0 0) - 2
#(0 0 0.47368422 0 0 0) - 2
#(0 0 0.36842105 0 0 0) - 2
#(0 0 0 0 0 0) - 0
#(0 0 0 0 0 0) - 0
#(0 0 0 0 0 0) - 0
#(0 0 0 0 0 0) - 0
#(0 0 0 0 0 0) - 0
#(0 0 0 0 0 0) - 0
#(0 0 0 0 0 0) - 0
#(0 0 0 0 0 0) - 0
#(0 0 0 0 0 0) - 0
#(0 0 0 0 0 0) - 0
#(0 0 0 0 0 0) - 0
#(0 0 0 0 0 0) - 0
#(0 0 0 0 0 0) - 0
#(0 0 0 0 0 0) - 0
#(0 0 0 0 0 0) - 0
#(0 0 0 0 0 0) - 0
#(0 0 0 0 0 0) - 0
#(0 0 0 0 0 0) - 0
#(0 0 0 0 0 0) - 0
#(0 0 0 0 0 0) - 0
#(0 0 0 0 0 0) - 0
#(0 0 0 0 0 0) - 0
#(0 0 0 0 0 0) - 0
#(0 0 0 0 0 0) - 0
#(0 0 0 0 0 0) - 0
#(0 0 0 0 0 0) - 0
#(0 0 0 0 0 0) - 0
#(0 0 0 0 0 0) - 0
#(0 0 0 0 0 0) - 0
#(0 0 0 0 0 0) - 0
#(0 0 0 0 0 0) - 0
#(0 0 0 0 0 0) - 0
#(0 0 0 0 0 0) - 0
#(0 0 0 0 0 0) - 0
#(0 0 0 0 0 0) - 0
#(0 0 0 0 0 0) - 0
#(0 0 0 0 0 0) - 0
#(0 0 0 0 0 0) - 0
#(0 0 0 0 0 0) - 0
#(0 0 0 0 0 0) - 0
#(0 0 0 0 0 0) - 0
#(0 0 0 0 0 0) - 0
#(0 0 0 0 0 0) - 0
#(0 0 0 0 0 0) - 0
#(0 0 0 0 0 0) - 0
#(0 0 0 0 0 0) - 0
#(0 0 0 0 0 0) - 0
#(0 0 0 0 0 0) - 0
#(0 0 0 0 0 0) - 0
#(0 0 0 0 0 0) - 0
#(0 0 0 0 0 0) - 0
#(0 0 0 0 0 0) - 0
#(0 0 0 0 0 0) - 0
#(0 0 0 0 0 0) - 0
#(0 0 0 0 0 0) - 0
#(0 0 0 0 0 0) - 0
#(0 0 0 0 0 0) - 0
#(0 0 0 0 0 0) - 0
#(0 0 0 0 0 0) - 0
#(0 0 0 0 0 0) - 0
#(0 0 0 0 0 0) - 0
#(0 0 0 0 0 0) - 0
#(0 0 0 0 0 0) - 0
#(0 0 0 0 0 0) - 0
#(0 0 0 0 0 0) - 0
#(0 0 0 0 0 0) - 0
#(0 0 0 0 0 0) - 0
#(0 0 0 0 0 0) - 0

Grupo 3
#(0 0 0 0 0 0) - 0
#(0 0 0 0 0 0) - 0
#(0 0 0 0 0 0) - 0
#(0 0 0 0 0 0) - 0
#(0 0 0 0 0 0) - 0
#(0 0 0 0 0 0) - 0
#(0 0 0 0 0 0) - 0
#(0 0 0 0 0 0) - 0
#(0 0 0 0 0 0) - 0
#(0 0 0 0 0 0) - 0
#(0 0 0 0 0 0) - 0
#(0 0 0 0 0 0) - 0
#(0 0 0 0 0 0) - 0
#(0 0 0 0 0 0) - 0
#(0 0 0 0 0 0) - 0
#(0 0 0 0 0 0) - 0
#(0 0 0 0 0 0) - 0
#(0 0 0 0 0 0) - 0
#(0 0 0 0 0 0) - 0
#(0 0 0 0 0 0) - 0
#(0 0 0 0 0 0) - 0
#(0 0 0 0 0 0) - 0
#(0 0 0 0 0 0) - 0
#(0 0 0 0 0 0) - 0
#(0 0 0 0 0 0) - 0
#(0 0 0 0 0 0) - 0
#(0 0 0 0 0 0) - 0
#(0 0 0 0 0 0) - 0
#(0 0 0 0 0 0) - 0
#(0 0 0 0 0 0) - 0
#(0 0 0 0.03508772 0 0) - 3
#(0 0 0 0 0 0) - 0
#(0 0 0 0 0 0) - 0
#(0 0 0 0 0 0) - 0
#(0 0 0 0 0 0) - 0
#(0 0 0 0 0 0) - 0
#(0 0 0 0 0 0) - 0
#(0 0 0 0 0 0) - 0
#(0 0 0 0 0 0) - 0
#(0 0 0 0 0 0) - 0
#(0 0 0 0 0 0) - 0
#(0 0 0 0 0 0) - 0
#(0 0 0 0 0 0) - 0
#(0 0 0 0 0 0) - 0
#(0 0 0 0 0 0) - 0
#(0 0 0 0 0 0) - 0
#(0 0 0 0 0 0) - 0
#(0 0 0 0 0 0) - 0
#(0 0 0 0 0 0) - 0
#(0 0 0 0 0 0) - 0
#(0 0 0 0 0 0) - 0
#(0 0 0 0.31578946 0 0) - 3
#(0 0 0 0.2982456 0 0) - 3
#(0 0 0 0.0877193 0 0) - 3
#(0 0 0 0.099415205 0 0) - 3
#(0 0 0 0.31578946 0 0) - 3
#(0 0 0 0.15204678 0 0) - 3
#(0 0 0 0.046783626 0 0) - 3
#(0 0 0 0.07602339 0 0) - 3
#(0 0 0 0.05263158 0 0) - 3
#(0 0 0 0.14035088 0 0) - 3
#(0 0 0 0.31578946 0 0) - 3
#(0 0 0 0.18128654 0 0) - 3
#(0 0 0 0.12280702 0 0) - 3
#(0 0 0 0.26900584 0 0) - 3
#(0 0 0 0.30994153 0 0) - 3
#(0 0 0 0.040935673 0 0) - 3
#(0 0 0 0.099415205 0 0) - 3
#(0 0 0 0.03508772 0 0) - 3
#(0 0 0 0.058479533 0 0) - 3
#(0 0 0 0.064327486 0 0) - 3
#(0 0 0 0.05263158 0 0) - 3
#(0 0 0 0.31578946 0 0) - 3
#(0 0 0 0.18128654 0 0) - 3
#(0 0 0 0.12280702 0 0) - 3
#(0 0 0 0.26900584 0 0) - 3
#(0 0 0 0.30994153 0 0) - 3
#(0 0 0 0.07602339 0 0) - 3
#(0 0 0 0.28654972 0 0) - 3
#(0 0 0 0.12865497 0 0) - 3
#(0 0 0 0.16374269 0 0) - 3
#(0 0 0 0.20467836 0 0) - 3
#(0 0 0 0.18128654 0 0) - 3
#(0 0 0 0.28070176 0 0) - 3
#(0 0 0 0.24561404 0 0) - 3
#(0 0 0 0.099415205 0 0) - 3
#(0 0 0 0.12865497 0 0) - 3
#(0 0 0 0.15789473 0 0) - 3
#(0 0 0 0.15204678 0 0) - 3
#(0 0 0 0.23391813 0 0) - 3
#(0 0 0 0.25730994 0 0) - 3
#(0 0 0 0.23976608 0 0) - 3
#(0 0 0 0.19883041 0 0) - 3
#(0 0 0 0.16959064 0 0) - 3
#(0 0 0 0.19298245 0 0) - 3
#(0 0 0 0.15204678 0 0) - 3
#(0 0 0 0.20467836 0 0) - 3
#(0 0 0 0.16374269 0 0) - 3
#(0 0 0 0.16374269 0 0) - 3
#(0 0 0 0.15204678 0 0) - 3
#(0 0 0 0.25146198 0 0) - 3
#(0 0 0 0.2748538 0 0) - 3
#(0 0 0 0.25730994 0 0) - 3
#(0 0 0 0.23976608 0 0) - 3
#(0 0 0 0.16374269 0 0) - 3
#(0 0 0 0.13450292 0 0) - 3
#(0 0 0 0.18128654 0 0) - 3
#(0 0 0 0.25730994 0 0) - 3
#(0 0 0 0.30994153 0 0) - 3
#(0 0 0 0.064327486 0 0) - 3
#(0 0 0 0.15204678 0 0) - 3
#(0 0 0 0.09356725 0 0) - 3
#(0 0 0 0.2631579 0 0) - 3
#(0 0 0 0.23976608 0 0) - 3
#(0 0 0 0.22807017 0 0) - 3
#(0 0 0 0.22222222 0 0) - 3
#(0 0 0 0.30994153 0 0) - 3
#(0 0 0 0.15789473 0 0) - 3
#(0 0 0 0.07602339 0 0) - 3
#(0 0 0 0.07017544 0 0) - 3
#(0 0 0 0.29239765 0 0) - 3
#(0 0 0 0.19883041 0 0) - 3
#(0 0 0 0.14619882 0 0) - 3
#(0 0 0 0.116959065 0 0) - 3
#(0 0 0 0.046783626 0 0) - 3
#(0 0 0 0.21637426 0 0) - 3
#(0 0 0 0.30994153 0 0) - 3
#(0 0 0 0.18128654 0 0) - 3
#(0 0 0 0.25146198 0 0) - 3
#(0 0 0 0.023391813 0 0) - 3
#(0 0 0 0.0058479533 0 0) - 3
#(0 0 0 0 0 0) - 0
#(0 0 0 0 0 0) - 0
#(0 0 0 0.0058479533 0 0) - 3
#(0 0 0 0 0 0) - 0
#(0 0 0 0.023391813 0 0) - 3
#(0 0 0 0.023391813 0 0) - 3
#(0 0 0 0 0 0) - 0
#(0 0 0 0 0 0) - 0
#(0 0 0 0 0 0) - 0
#(0 0 0 0 0 0) - 0
#(0 0 0 0 0 0) - 0
#(0 0 0 0 0 0) - 0
#(0 0 0 0 0 0) - 0
#(0 0 0 0 0 0) - 0
#(0 0 0 0 0 0) - 0
#(0 0 0 0 0 0) - 0
#(0 0 0 0 0 0) - 0
#(0 0 0 0 0 0) - 0
#(0 0 0 0 0 0) - 0
#(0 0 0 0.023391813 0 0) - 3
#(0 0 0 0.0058479533 0 0) - 3
#(0 0 0 0 0 0) - 0
#(0 0 0 0 0 0) - 0
#(0 0 0 0 0 0) - 0
#(0 0 0 0.07017544 0 0) - 3
#(0 0 0 0.07017544 0 0) - 3
#(0 0 0 0.046783626 0 0) - 3
#(0 0 0 0.046783626 0 0) - 3
#(0 0 0 0.0116959065 0 0) - 3
#(0 0 0 0.046783626 0 0) - 3
#(0 0 0 0.05263158 0 0) - 3
#(0 0 0 0.046783626 0 0) - 3
#(0 0 0 0.029239766 0 0) - 3
#(0 0 0 0.064327486 0 0) - 3
#(0 0 0 0.12280702 0 0) - 3
#(0 0 0 0.046783626 0 0) - 3
#(0 0 0 0.05263158 0 0) - 3
#(0 0 0 0.07602339 0 0) - 3
#(0 0 0 0.0877193 0 0) - 3
#(0 0 0 0.058479533 0 0) - 3
#(0 0 0 0 0 0) - 0
#(0 0 0 0 0 0) - 0
#(0 0 0 0 0 0) - 0
#(0 0 0 0 0 0) - 0
#(0 0 0 0 0 0) - 0
#(0 0 0 0 0 0) - 0
#(0 0 0 0 0 0) - 0
#(0 0 0 0 0 0) - 0
#(0 0 0 0 0 0) - 0
#(0 0 0 0 0 0) - 0
#(0 0 0 0 0 0) - 0
#(0 0 0 0 0 0) - 0
#(0 0 0 0 0 0) - 0
#(0 0 0 0 0 0) - 0
#(0 0 0 0 0 0) - 0
#(0 0 0 0 0 0) - 0
#(0 0 0 0 0 0) - 0
#(0 0 0 0 0 0) - 0
#(0 0 0 0.099415205 0 0) - 3
#(0 0 0 0.064327486 0 0) - 3
#(0 0 0 0.07017544 0 0) - 3
#(0 0 0 0.058479533 0 0) - 3
#(0 0 0 0.058479533 0 0) - 3
#(0 0 0 0.05263158 0 0) - 3
#(0 0 0 0.03508772 0 0) - 3
#(0 0 0 0.040935673 0 0) - 3
#(0 0 0 0.03508772 0 0) - 3
#(0 0 0 0.040935673 0 0) - 3
#(0 0 0 0 0 0) - 0
#(0 0 0 0 0 0) - 0
#(0 0 0 0 0 0) - 0
#(0 0 0 0 0 0) - 0
#(0 0 0 0 0 0) - 0
#(0 0 0 0 0 0) - 0
#(0 0 0 0 0 0) - 0
#(0 0 0 0 0 0) - 0
#(0 0 0 0 0 0) - 0
#(0 0 0 0 0 0) - 0
#(0 0 0 0 0 0) - 0
#(0 0 0 0.046783626 0 0) - 3
#(0 0 0 0.040935673 0 0) - 3
#(0 0 0 0.03508772 0 0) - 3
#(0 0 0 0.03508772 0 0) - 3
#(0 0 0 0.023391813 0 0) - 3
#(0 0 0 0.05263158 0 0) - 3
#(0 0 0 0.05263158 0 0) - 3
#(0 0 0 0.023391813 0 0) - 3
#(0 0 0 0.023391813 0 0) - 3
#(0 0 0 0.03508772 0 0) - 3
#(0 0 0 0.046783626 0 0) - 3
#(0 0 0 0.040935673 0 0) - 3
#(0 0 0 0.040935673 0 0) - 3
#(0 0 0 0.064327486 0 0) - 3
#(0 0 0 0.0116959065 0 0) - 3
#(0 0 0 0.040935673 0 0) - 3
#(0 0 0 0.064327486 0 0) - 3
#(0 0 0 0.029239766 0 0) - 3
#(0 0 0 0 0 0) - 0
#(0 0 0 0 0 0) - 0
#(0 0 0 0 0 0) - 0
#(0 0 0 0.05263158 0 0) - 3
#(0 0 0 0.07017544 0 0) - 3
#(0 0 0 0.081871346 0 0) - 3
#(0 0 0 0.07602339 0 0) - 3
#(0 0 0 0.046783626 0 0) - 3
#(0 0 0 0 0 0) - 0
#(0 0 0 0 0 0) - 0
#(0 0 0 0 0 0) - 0
#(0 0 0 0 0 0) - 0
#(0 0 0 0 0 0) - 0
#(0 0 0 0 0 0) - 0
#(0 0 0 0 0 0) - 0
#(0 0 0 0 0 0) - 0
#(0 0 0 0 0 0) - 0
#(0 0 0 0 0 0) - 0
#(0 0 0 0 0 0) - 0
#(0 0 0 0 0 0) - 0
#(0 0 0 0 0 0) - 0
#(0 0 0 0 0 0) - 0
#(0 0 0 0 0 0) - 0
#(0 0 0 0 0 0) - 0
#(0 0 0 0 0 0) - 0
#(0 0 0 0 0 0) - 0
#(0 0 0 0 0 0) - 0

Grupo 4
#(0 0 0 0 0 0) - 0
#(0 0 0 0 0 0) - 0
#(0 0 0 0 0 0) - 0
#(0 0 0 0 0 0) - 0
#(0 0 0 0 0 0) - 0
#(0 0 0 0 0 0) - 0
#(0 0 0 0 0 0) - 0
#(0 0 0 0 0 0) - 0
#(0 0 0 0 0 0) - 0
#(0 0 0 0 0 0) - 0
#(0 0 0 0 0 0) - 0
#(0 0 0 0 0 0) - 0
#(0 0 0 0 0 0) - 0
#(0 0 0 0 0 0) - 0
#(0 0 0 0 0 0) - 0
#(0 0 0 0 0 0) - 0
#(0 0 0 0 0 0) - 0
#(0 0 0 0 0 0) - 0
#(0 0 0 0 0 0) - 0
#(0 0 0 0 0 0) - 0
#(0 0 0 0 0 0) - 0
#(0 0 0 0 0 0) - 0
#(0 0 0 0 0 0) - 0
#(0 0 0 0 0 0) - 0
#(0 0 0 0 0 0) - 0
#(0 0 0 0 0 0) - 0
#(0 0 0 0 0 0) - 0
#(0 0 0 0 0.118644066 0) - 4
#(0 0 0 0 0.13559322 0) - 4
#(0 0 0 0 0.13559322 0) - 4
#(0 0 0 0 0.13559322 0) - 4
#(0 0 0 0 0.118644066 0) - 4
#(0 0 0 0 0.13559322 0) - 4
#(0 0 0 0 0.13559322 0) - 4
#(0 0 0 0 0.15254237 0) - 4
#(0 0 0 0 0.118644066 0) - 4
#(0 0 0 0 0.033898305 0) - 4
#(0 0 0 0 0.084745765 0) - 4
#(0 0 0 0 0.13559322 0) - 4
#(0 0 0 0 0.13559322 0) - 4
#(0 0 0 0 0.15254237 0) - 4
#(0 0 0 0 0.16949153 0) - 4
#(0 0 0 0 0.16949153 0) - 4
#(0 0 0 0 0.13559322 0) - 4
#(0 0 0 0 0.10169491 0) - 4
#(0 0 0 0 0 0) - 0
#(0 0 0 0 0 0) - 0
#(0 0 0 0 0 0) - 0
#(0 0 0 0 0 0) - 0
#(0 0 0 0 0 0) - 0
#(0 0 0 0 0 0) - 0
#(0 0 0 0 0 0) - 0
#(0 0 0 0 0 0) - 0
#(0 0 0 0 0.42372882 0) - 4
#(0 0 0 0 0.33898306 0) - 4
#(0 0 0 0 0.47457626 0) - 4
#(0 0 0 0 0.33898306 0) - 4
#(0 0 0 0 0.2542373 0) - 4
#(0 0 0 0 0.42372882 0) - 4
#(0 0 0 0 0.3898305 0) - 4
#(0 0 0 0 0.27118644 0) - 4
#(0 0 0 0 0.44067797 0) - 4
#(0 0 0 0 0.16949153 0) - 4
#(0 0 0 0 0.30508474 0) - 4
#(0 0 0 0 0.30508474 0) - 4
#(0 0 0 0 0.27118644 0) - 4
#(0 0 0 0 0.27118644 0) - 4
#(0 0 0 0 0.42372882 0) - 4
#(0 0 0 0 0.22033899 0) - 4
#(0 0 0 0 0.2881356 0) - 4
#(0 0 0 0 0.3559322 0) - 4
#(0 0 0 0 0.18644068 0) - 4
#(0 0 0 0 0 0) - 0
#(0 0 0 0 0 0) - 0
#(0 0 0 0 0 0) - 0
#(0 0 0 0 0.20338982 0) - 4
#(0 0 0 0 0.13559322 0) - 4
#(0 0 0 0 0.16949153 0) - 4
#(0 0 0 0 0.13559322 0) - 4
#(0 0 0 0 0.18644068 0) - 4
#(0 0 0 0 0.27118644 0) - 4
#(0 0 0 0 0.47457626 0) - 4
#(0 0 0 0 0.33898306 0) - 4
#(0 0 0 0 0.3220339 0) - 4
#(0 0 0 0 0.5084746 0) - 4
#(0 0 0 0 0.37288135 0) - 4
#(0 0 0 0 0.3898305 0) - 4
#(0 0 0 0 0.2542373 0) - 4
#(0 0 0 0 0.27118644 0) - 4
#(0 0 0 0 0.118644066 0) - 4
#(0 0 0 0 0.23728813 0) - 4
#(0 0 0 0 0.118644066 0) - 4
#(0 0 0 0 0 0) - 0
#(0 0 0 0 0 0) - 0
#(0 0 0 0 0 0) - 0
#(0 0 0 0 0.016949153 0) - 4
#(0 0 0 0 0.016949153 0) - 4
#(0 0 0 0 0 0) - 0
#(0 0 0 0 0.016949153 0) - 4
#(0 0 0 0 0.016949153 0) - 4
#(0 0 0 0 0.016949153 0) - 4
#(0 0 0 0 0.016949153 0) - 4
#(0 0 0 0 0.016949153 0) - 4
#(0 0 0 0 0 0) - 0
#(0 0 0 0 0 0) - 0
#(0 0 0 0 0 0) - 0
#(0 0 0 0 0 0) - 0
#(0 0 0 0 0 0) - 0
#(0 0 0 0 0 0) - 0
#(0 0 0 0 0 0) - 0
#(0 0 0 0 0 0) - 0
#(0 0 0 0 0 0) - 0
#(0 0 0 0 0.016949153 0) - 4
#(0 0 0 0 0 0) - 0
#(0 0 0 0 0 0) - 0
#(0 0 0 0 0 0) - 0
#(0 0 0 0 0.016949153 0) - 4
#(0 0 0 0 0.016949153 0) - 4
#(0 0 0 0 0.016949153 0) - 4
#(0 0 0 0 0.016949153 0) - 4
#(0 0 0 0 0 0) - 0
#(0 0 0 0 0 0) - 0
#(0 0 0 0 0 0) - 0
#(0 0 0 0 0 0) - 0
#(0 0 0 0 0 0) - 0
#(0 0 0 0 0 0) - 0
#(0 0 0 0 0 0) - 0
#(0 0 0 0 0 0) - 0
#(0 0 0 0 0 0) - 0
#(0 0 0 0 0 0) - 0
#(0 0 0 0 0 0) - 0
#(0 0 0 0 0 0) - 0
#(0 0 0 0 0.016949153 0) - 4
#(0 0 0 0 0.016949153 0) - 4
#(0 0 0 0 0.016949153 0) - 4
#(0 0 0 0 0.016949153 0) - 4
#(0 0 0 0 0.033898305 0) - 4
#(0 0 0 0 0.033898305 0) - 4
#(0 0 0 0 0.016949153 0) - 4
#(0 0 0 0 0.016949153 0) - 4
#(0 0 0 0 0.016949153 0) - 4
#(0 0 0 0 0.033898305 0) - 4
#(0 0 0 0 0.033898305 0) - 4
#(0 0 0 0 0 0) - 0
#(0 0 0 0 0 0) - 0
#(0 0 0 0 0 0) - 0
#(0 0 0 0 0 0) - 0
#(0 0 0 0 0 0) - 0
#(0 0 0 0 0 0) - 0
#(0 0 0 0 0 0) - 0
#(0 0 0 0 0 0) - 0
#(0 0 0 0 0 0) - 0
#(0 0 0 0 0.016949153 0) - 4
#(0 0 0 0 0.016949153 0) - 4
#(0 0 0 0 0 0) - 0
#(0 0 0 0 0.016949153 0) - 4
#(0 0 0 0 0.016949153 0) - 4
#(0 0 0 0 0 0) - 0
#(0 0 0 0 0 0) - 0
#(0 0 0 0 0.016949153 0) - 4
#(0 0 0 0 0.016949153 0) - 4
#(0 0 0 0 0.016949153 0) - 4
#(0 0 0 0 0 0) - 0
#(0 0 0 0 0 0) - 0
#(0 0 0 0 0.016949153 0) - 4
#(0 0 0 0 0.016949153 0) - 4
#(0 0 0 0 0.016949153 0) - 4
#(0 0 0 0 0 0) - 0
#(0 0 0 0 0 0) - 0
#(0 0 0 0 0 0) - 0
#(0 0 0 0 0.016949153 0) - 4
#(0 0 0 0 0 0) - 0
#(0 0 0 0 0.016949153 0) - 4
#(0 0 0 0 0.06779661 0) - 4
#(0 0 0 0 0.06779661 0) - 4
#(0 0 0 0 0.033898305 0) - 4
#(0 0 0 0 0.033898305 0) - 4
#(0 0 0 0 0.033898305 0) - 4
#(0 0 0 0 0.050847456 0) - 4
#(0 0 0 0 0.084745765 0) - 4
#(0 0 0 0 0.050847456 0) - 4
#(0 0 0 0 0.033898305 0) - 4
#(0 0 0 0 0.050847456 0) - 4
#(0 0 0 0 0.13559322 0) - 4
#(0 0 0 0 0.18644068 0) - 4
#(0 0 0 0 0.16949153 0) - 4
#(0 0 0 0 0.16949153 0) - 4
#(0 0 0 0 0.16949153 0) - 4
#(0 0 0 0 0.18644068 0) - 4
#(0 0 0 0 0.118644066 0) - 4
#(0 0 0 0 0.13559322 0) - 4
#(0 0 0 0 0.16949153 0) - 4
#(0 0 0 0 0.15254237 0) - 4
#(0 0 0 0 0.15254237 0) - 4
#(0 0 0 0 0.15254237 0) - 4
#(0 0 0 0 0.15254237 0) - 4
#(0 0 0 0 0.15254237 0) - 4
#(0 0 0 0 0.13559322 0) - 4
#(0 0 0 0 0 0) - 0
#(0 0 0 0 0 0) - 0
#(0 0 0 0 0 0) - 0
#(0 0 0 0 0 0) - 0
#(0 0 0 0 0 0) - 0
#(0 0 0 0 0 0) - 0
#(0 0 0 0 0 0) - 0
#(0 0 0 0 0 0) - 0
#(0 0 0 0 0 0) - 0
#(0 0 0 0 0 0) - 0
#(0 0 0 0 0 0) - 0

Grupo 5
#(0 0 0 0 0 0.001561524) - 5
#(0 0 0 0 0 4.684572e-4) - 5
#(0 0 0 0 0 0.0035915053) - 5
#(0 0 0 0 0 1.5615241e-4) - 5
#(0 0 0 0 0 0.003123048) - 5
#(0 0 0 0 0 0.003123048) - 5
#(0 0 0 0 0 0.0064022485) - 5
#(0 0 0 0 0 0.0026545909) - 5
#(0 0 0 0 0 4.684572e-4) - 5
#(0 0 0 0 0 0.0028107432) - 5
#(0 0 0 0 0 0.0074953153) - 5
#(0 0 0 0 0 0.0024984386) - 5
#(0 0 0 0 0 0.009837601) - 5
#(0 0 0 0 0 7.80762e-4) - 5
#(0 0 0 0 0 0.0037476576) - 5
#(0 0 0 0 0 0.0010930669) - 5
#(0 0 0 0 0 0.0017176764) - 5
#(0 0 0 0 0 7.80762e-4) - 5
#(0 0 0 0 0 0.0029668957) - 5
#(0 0 0 0 0 0.0074953153) - 5
#(0 0 0 0 0 0.0024984386) - 5
#(0 0 0 0 0 0.009837601) - 5
#(0 0 0 0 0 0.0039038102) - 5
#(0 0 0 0 0 0.0034353528) - 5
#(0 0 0 0 0 0.02014366) - 5
#(0 0 0 0 0 0.030293567) - 5
#(0 0 0 0 0 0.030605871) - 5
#(0 0 0 0 0 0.02857589) - 5
#(0 0 0 0 0 0.02014366) - 5
#(0 0 0 0 0 0.014209868) - 5
#(0 0 0 0 0 0.0024984386) - 5
#(0 0 0 0 0 0.003123048) - 5
#(0 0 0 0 0 0.0020299812) - 5
#(0 0 0 0 0 0.0390381) - 5
#(0 0 0 0 0 0.008119925) - 5
#(0 0 0 0 0 0.013585259) - 5
#(0 0 0 0 0 4.684572e-4) - 5
#(0 0 0 0 0 0.0390381) - 5
#(0 0 0 0 0 0.0074953153) - 5
#(0 0 0 0 0 0.012648345) - 5
#(0 0 0 0 0 0.0010930669) - 5
#(0 0 0 0 0 0.0035915053) - 5
#(0 0 0 0 0 0.009993754) - 5
#(0 0 0 0 0 0.0035915053) - 5
#(0 0 0 0 0 0.0064022485) - 5
#(0 0 0 0 0 0.0035915053) - 5
#(0 0 0 0 0 0.0067145536) - 5
#(0 0 0 0 0 0.012179888) - 5
#(0 0 0 0 0 0.0024984386) - 5
#(0 0 0 0 0 0.0037476576) - 5
#(0 0 0 0 0 0.0071830107) - 5
#(0 0 0 0 0 0.0039038102) - 5
#(0 0 0 0 0 0.0032792005) - 5
#(0 0 0 0 0 0.0012492193) - 5
#(0 0 0 0 0 0.0071830107) - 5
#(0 0 0 0 0 0.02076827) - 5
#(0 0 0 0 0 0.006089944) - 5
#(0 0 0 0 0 0.009212992) - 5
#(0 0 0 0 0 0.0035915053) - 5
#(0 0 0 0 0 0.0017176764) - 5
#(0 0 0 0 0 0.0024984386) - 5
#(0 0 0 0 0 0.006246096) - 5
#(0 0 0 0 0 0.03560275) - 5
#(0 0 0 0 0 0.007026858) - 5
#(0 0 0 0 0 0.0053091818) - 5
#(0 0 0 0 0 0.0024984386) - 5
#(0 0 0 0 0 0.031386632) - 5
#(0 0 0 0 0 0.014209868) - 5
#(0 0 0 0 0 0.008119925) - 5
#(0 0 0 0 0 0.002342286) - 5
#(0 0 0 0 0 0.0048407246) - 5
#(0 0 0 0 0 0.013897564) - 5
#(0 0 0 0 0 0.015927546) - 5
#(0 0 0 0 0 0.02014366) - 5
#(0 0 0 0 0 0.03685197) - 5
#(0 0 0 0 0 0.034821987) - 5
#(0 0 0 0 0 0.017957527) - 5
#(0 0 0 0 0 0.0014053716) - 5
#(0 0 0 0 0 0.03685197) - 5
#(0 0 0 0 0 0.020612117) - 5
#(0 0 0 0 0 0.01951905) - 5
#(0 0 0 0 0 0.0039038102) - 5
#(0 0 0 0 0 0.024515927) - 5
#(0 0 0 0 0 0.049656466) - 5
#(0 0 0 0 0 0.012023735) - 5
#(0 0 0 0 0 0.006246096) - 5
#(0 0 0 0 0 1.5615241e-4) - 5
#(0 0 0 0 0 0.028419737) - 5
#(0 0 0 0 0 0.011555278) - 5
#(0 0 0 0 0 0.009681449) - 5
#(0 0 0 0 0 0.0039038102) - 5
#(0 0 0 0 0 0.026389757) - 5
#(0 0 0 0 0 0.015615241) - 5
#(0 0 0 0 0 0.0032792005) - 5
#(0 0 0 0 0 4.684572e-4) - 5
#(0 0 0 0 0 3.1230482e-4) - 5
#(0 0 0 0 0 0.0012492193) - 5
#(0 0 0 0 0 0.002342286) - 5
#(0 0 0 0 0 0.009212992) - 5
#(0 0 0 0 0 0.01296065) - 5
#(0 0 0 0 0 0.0017176764) - 5
#(0 0 0 0 0 0.0040599625) - 5
#(0 0 0 0 0 0.008744535) - 5
#(0 0 0 0 0 0.019206746) - 5
#(0 0 0 0 0 0.009212992) - 5
#(0 0 0 0 0 0.008900687) - 5
#(0 0 0 0 0 0.0040599625) - 5
#(0 0 0 0 0 0.012648345) - 5
#(0 0 0 0 0 0.008900687) - 5
#(0 0 0 0 0 0.006089944) - 5
#(0 0 0 0 0 0.015146784) - 5
#(0 0 0 0 0 0.004684572) - 5
#(0 0 0 0 0 0.002342286) - 5
#(0 0 0 0 0 0.0028107432) - 5
#(0 0 0 0 0 0.0026545909) - 5
#(0 0 0 0 0 0.0048407246) - 5
#(0 0 0 0 0 0.003123048) - 5
#(0 0 0 0 0 0.017801374) - 5
#(0 0 0 0 0 0.009993754) - 5
#(0 0 0 0 0 0.01686446) - 5
#(0 0 0 0 0 0.009212992) - 5
#(0 0 0 0 0 0.0012492193) - 5
#(0 0 0 0 0 0.001561524) - 5
#(0 0 0 0 0 0.013429107) - 5
#(0 0 0 0 0 7.80762e-4) - 5
#(0 0 0 0 0 0.0021861338) - 5
#(0 0 0 0 0 0.0026545909) - 5
#(0 0 0 0 0 0.013897564) - 5
#(0 0 0 0 0 0.021549031) - 5
#(0 0 0 0 0 0.013272954) - 5
#(0 0 0 0 0 0.023891319) - 5
#(0 0 0 0 0 0.0026545909) - 5
#(0 0 0 0 0 0.0068707056) - 5
#(0 0 0 0 0 0.011086821) - 5
#(0 0 0 0 0 0.0324797) - 5
#(0 0 0 0 0 0.009837601) - 5
#(0 0 0 0 0 0.010774516) - 5
#(0 0 0 0 0 0.039975017) - 5
#(0 0 0 0 0 0.034821987) - 5
#(0 0 0 0 0 0.009369144) - 5
#(0 0 0 0 0 0.014053716) - 5
#(0 0 0 0 0 0.0037476576) - 5
#(0 0 0 0 0 0.031542785) - 5
#(0 0 0 0 0 0.019831356) - 5
#(0 0 0 0 0 0.025765147) - 5
#(0 0 0 0 0 0.036071204) - 5
#(0 0 0 0 0 0.014053716) - 5
#(0 0 0 0 0 0.015927546) - 5
#(0 0 0 0 0 0.021705184) - 5
#(0 0 0 0 0 0.008900687) - 5
#(0 0 0 0 0 0.0059337914) - 5
#(0 0 0 0 0 0.021861337) - 5
#(0 0 0 0 0 0.024984384) - 5
#(0 0 0 0 0 0.02404747) - 5
#(0 0 0 0 0 0.021705184) - 5
#(0 0 0 0 0 0.007026858) - 5
#(0 0 0 0 0 0.01623985) - 5
#(0 0 0 0 0 0.009369144) - 5
#(0 0 0 0 0 0.017801374) - 5
#(0 0 0 0 0 0.011086821) - 5
#(0 0 0 0 0 0.0067145536) - 5
#(0 0 0 0 0 0.011555278) - 5
#(0 0 0 0 0 0.0067145536) - 5
#(0 0 0 0 0 0.008276077) - 5
#(0 0 0 0 0 0.007339163) - 5
#(0 0 0 0 0 0.008588382) - 5
#(0 0 0 0 0 0.02404747) - 5
#(0 0 0 0 0 0.0014053716) - 5
#(0 0 0 0 0 0.009525296) - 5
#(0 0 0 0 0 0.027795129) - 5
#(0 0 0 0 0 0.006558401) - 5
#(0 0 0 0 0 0.021549031) - 5
#(0 0 0 0 0 0.0059337914) - 5
#(0 0 0 0 0 0.016708307) - 5
#(0 0 0 0 0 0.014990631) - 5
#(0 0 0 0 0 0.014990631) - 5
#(0 0 0 0 0 0.015459088) - 5
#(0 0 0 0 0 0.024515927) - 5
#(0 0 0 0 0 0.022642098) - 5
#(0 0 0 0 0 0.024515927) - 5
#(0 0 0 0 0 0.013272954) - 5
#(0 0 0 0 0 0.029356653) - 5
#(0 0 0 0 0 0.010774516) - 5
#(0 0 0 0 0 0.022329794) - 5
#(0 0 0 0 0 0.02014366) - 5
#(0 0 0 0 0 0.041848846) - 5
#(0 0 0 0 0 0.03638351) - 5
#(0 0 0 0 0 0.035290442) - 5
#(0 0 0 0 0 0.018113678) - 5
#(0 0 0 0 0 0.005777639) - 5
#(0 0 0 0 0 0.001561524) - 5
#(0 0 0 0 0 0.010306058) - 5
#(0 0 0 0 0 0.029668957) - 5
#(0 0 0 0 0 0.026389757) - 5
#(0 0 0 0 0 0.029668957) - 5
#(0 0 0 0 0 6.2460965e-4) - 5
#(0 0 0 0 0 0.0012492193) - 5
#(0 0 0 0 0 0.004996877) - 5
#(0 0 0 0 0 0.0059337914) - 5
#(0 0 0 0 0 0.0035915053) - 5
#(0 0 0 0 0 0.0071830107) - 5
#(0 0 0 0 0 0.009369144) - 5
#(0 0 0 0 0 0.003123048) - 5
#(0 0 0 0 0 0.025452841) - 5
#(0 0 0 0 0 0.022329794) - 5
#(0 0 0 0 0 0.014678326) - 5
#(0 0 0 0 0 0.012179888) - 5
#(0 0 0 0 0 0.02857589) - 5
#(0 0 0 0 0 0.030137414) - 5
#(0 0 0 0 0 0.025608994) - 5
#(0 0 0 0 0 0.012648345) - 5
#(0 0 0 0 0 0.0029668957) - 5
#(0 0 0 0 0 7.80762e-4) - 5
#(0 0 0 0 0 0.03435353) - 5
#(0 0 0 0 0 0.028107433) - 5
#(0 0 0 0 0 0.013116802) - 5
#(0 0 0 0 0 0.017645221) - 5
#(0 0 0 0 0 0.0035915053) - 5
#(0 0 0 0 0 0.011555278) - 5
#(0 0 0 0 0 0.0043722675) - 5
#(0 0 0 0 0 0.007963773) - 5
#(0 0 0 0 0 0.00843223) - 5
#(0 0 0 0 0 0.03435353) - 5
#(0 0 0 0 0 0.028107433) - 5
#(0 0 0 0 0 0.017176764) - 5
#(0 0 0 0 0 0.015615241) - 5
#(0 0 0 0 0 0.0017176764) - 5
#(0 0 0 0 0 0.005777639) - 5
#(0 0 0 0 0 0.006246096) - 5
#(0 0 0 0 0 0.0014053716) - 5
#(0 0 0 0 0 0.0074953153) - 5
#(0 0 0 0 0 0.0018738288) - 5
#(0 0 0 0 0 0.0014053716) - 5
#(0 0 0 0 0 0.015302936) - 5
#(0 0 0 0 0 0.0064022485) - 5
#(0 0 0 0 0 0.0014053716) - 5
#(0 0 0 0 0 0.0010930669) - 5
#(0 0 0 0 0 0.0029668957) - 5
#(0 0 0 0 0 9.369144e-4) - 5
#(0 0 0 0 0 0.006558401) - 5
#(0 0 0 0 0 0.004996877) - 5
#(0 0 0 0 0 0.020299813) - 5
#(0 0 0 0 0 0.0068707056) - 5
#(0 0 0 0 0 0.011242973) - 5
#(0 0 0 0 0 7.80762e-4) - 5
#(0 0 0 0 0 0.012804497) - 5
#(0 0 0 0 0 0.009056839) - 5
#(0 0 0 0 0 0.008900687) - 5
#(0 0 0 0 0 0.0024984386) - 5
#(0 0 0 0 0 0.0029668957) - 5
#(0 0 0 0 0 0.010462211) - 5
#(0 0 0 0 0 0.01686446) - 5
#(0 0 0 0 0 0.0074953153) - 5
#(0 0 0 0 0 0.001561524) - 5
#(0 0 0 0 0 9.369144e-4) - 5
#(0 0 0 0 0 0.001561524) - 5
#(0 0 0 0 0 7.80762e-4) - 5
#(0 0 0 0 0 0.008744535) - 5
#(0 0 0 0 0 0.010774516) - 5
#(0 0 0 0 0 0.024515927) - 5
#(0 0 0 0 0 0.018738288) - 5
#(0 0 0 0 0 3.1230482e-4) - 5
#(0 0 0 0 0 9.369144e-4) - 5
#(0 0 0 0 0 0.011242973) - 5
#(0 0 0 0 0 0.01623985) - 5
#(0 0 0 0 0 0.011242973) - 5
#(0 0 0 0 0 0.017176764) - 5
#(0 0 0 0 0 0.0018738288) - 5
#(0 0 0 0 0 0.0068707056) - 5
#(0 0 0 0 0 0.0032792005) - 5
#(0 0 0 0 0 0.0026545909) - 5
#(0 0 0 0 0 0.005777639) - 5
#(0 0 0 0 0 0.024203623) - 5
#(0 0 0 0 0 0.018738288) - 5
#(0 0 0 0 0 0.026858214) - 5
#(0 0 0 0 0 0.014990631) - 5
#(0 0 0 0 0 0.019831356) - 5
#(0 0 0 0 0 0.012804497) - 5
#(0 0 0 0 0 0.01951905) - 5
#(0 0 0 0 0 0.007963773) - 5
#(0 0 0 0 0 0.036695816) - 5
#(0 0 0 0 0 0.026545908) - 5
#(0 0 0 0 0 0.0148344785) - 5
#(0 0 0 0 0 0.023266708) - 5
#(0 0 0 0 0 0.0029668957) - 5
#(0 0 0 0 0 0.015927546) - 5
#(0 0 0 0 0 0.021861337) - 5
#(0 0 0 0 0 0.014053716) - 5
#(0 0 0 0 0 0.014522173) - 5
#(0 0 0 0 0 0.026233604) - 5
#(0 0 0 0 0 0.017176764) - 5
#(0 0 0 0 0 0.033572767) - 5
#(0 0 0 0 0 0.009056839) - 5
#(0 0 0 0 0 0.0059337914) - 5
#(0 0 0 0 0 0.016083697) - 5
#(0 0 0 0 0 0.018269831) - 5
#(0 0 0 0 0 0.013116802) - 5
#(0 0 0 0 0 0.009681449) - 5
#(0 0 0 0 0 0.011086821) - 5
#(0 0 0 0 0 0.012492192) - 5
#(0 0 0 0 0 0.009837601) - 5
#(0 0 0 0 0 0.0053091818) - 5
#(0 0 0 0 0 0.006089944) - 5
#(0 0 0 0 0 0.012179888) - 5
#(0 0 0 0 0 0.0068707056) - 5
#(0 0 0 0 0 0.013116802) - 5
#(0 0 0 0 0 0.012804497) - 5
#(0 0 0 0 0 0.0026545909) - 5
#(0 0 0 0 0 0.042629607) - 5
#(0 0 0 0 0 0.02795128) - 5
#(0 0 0 0 0 0.01686446) - 5
#(0 0 0 0 0 0.0357589) - 5
#(0 0 0 0 0 0.021080574) - 5
#(0 0 0 0 0 0.02014366) - 5
#(0 0 0 0 0 0.030918175) - 5
#(0 0 0 0 0 0.010462211) - 5
#(0 0 0 0 0 0.028107433) - 5
#(0 0 0 0 0 0.031074328) - 5
#(0 0 0 0 0 0.024359776) - 5
#(0 0 0 0 0 0.010149906) - 5
#(0 0 0 0 0 0.009525296) - 5
#(0 0 0 0 0 0.01951905) - 5
#(0 0 0 0 0 0.019987509) - 5
#(0 0 0 0 0 0.03294816) - 5
#(0 0 0 0 0 0.0059337914) - 5
#(0 0 0 0 0 0.00843223) - 5
#(0 0 0 0 0 0.0024984386) - 5
#(0 0 0 0 0 0.0035915053) - 5
#(0 0 0 0 0 0.014053716) - 5
#(0 0 0 0 0 0.01951905) - 5
#(0 0 0 0 0 0.019987509) - 5
#(0 0 0 0 0 0.03294816) - 5
#(0 0 0 0 0 0.007339163) - 5
#(0 0 0 0 0 0.0037476576) - 5
#(0 0 0 0 0 0.034665834) - 5
#(0 0 0 0 0 0.022329794) - 5
#(0 0 0 0 0 0.05402873) - 5
#(0 0 0 0 0 0.016396003) - 5
#(0 0 0 0 0 0.02404747) - 5
#(0 0 0 0 0 0.0039038102) - 5
#(0 0 0 0 0 0.009212992) - 5
#(0 0 0 0 0 0.0059337914) - 5
#(0 0 0 0 0 0.017801374) - 5
#(0 0 0 0 0 0.029356653) - 5
#(0 0 0 0 0 0.017801374) - 5
#(0 0 0 0 0 0.028888196) - 5
#(0 0 0 0 0 0.0148344785) - 5
#(0 0 0 0 0 0.013116802) - 5
#(0 0 0 0 0 0.011555278) - 5
#(0 0 0 0 0 0.006089944) - 5
#(0 0 0 0 0 0.008744535) - 5
#(0 0 0 0 0 0.0067145536) - 5
#(0 0 0 0 0 0.008119925) - 5
#(0 0 0 0 0 0.020612117) - 5
#(0 0 0 0 0 0.0026545909) - 5
#(0 0 0 0 0 0.02076827) - 5
#(0 0 0 0 0 0.0053091818) - 5
#(0 0 0 0 0 0.013585259) - 5
#(0 0 0 0 0 0.013116802) - 5
#(0 0 0 0 0 0.0292005) - 5
#(0 0 0 0 0 0.023266708) - 5
#(0 0 0 0 0 0.027795129) - 5
#(0 0 0 0 0 0.014209868) - 5
#(0 0 0 0 0 0.018738288) - 5
#(0 0 0 0 0 0.022173641) - 5
#(0 0 0 0 0 0.005153029) - 5
#(0 0 0 0 0 0.01296065) - 5
#(0 0 0 0 0 0.02139288) - 5
#(0 0 0 0 0 0.010774516) - 5
#(0 0 0 0 0 0.005777639) - 5
#(0 0 0 0 0 0.008900687) - 5
#(0 0 0 0 0 0.010306058) - 5
#(0 0 0 0 0 0.018113678) - 5
#(0 0 0 0 0 0.012179888) - 5
#(0 0 0 0 0 0.00843223) - 5
#(0 0 0 0 0 0.009525296) - 5
#(0 0 0 0 0 0.0078076203) - 5
#(0 0 0 0 0 0.023266708) - 5
#(0 0 0 0 0 0.008900687) - 5
#(0 0 0 0 0 0.027638976) - 5
#(0 0 0 0 0 0.023266708) - 5
#(0 0 0 0 0 0.010930669) - 5
#(0 0 0 0 0 0.013116802) - 5
#(0 0 0 0 0 0.012179888) - 5
#(0 0 0 0 0 0.017020613) - 5
#(0 0 0 0 0 0.0032792005) - 5
#(0 0 0 0 0 0.012648345) - 5
#(0 0 0 0 0 0.012179888) - 5
#(0 0 0 0 0 0.017020613) - 5
#(0 0 0 0 0 0.017020613) - 5
#(0 0 0 0 0 0.016083697) - 5
#(0 0 0 0 0 0.0034353528) - 5
#(0 0 0 0 0 0.0059337914) - 5
#(0 0 0 0 0 0.0074953153) - 5
#(0 0 0 0 0 0.0064022485) - 5
#(0 0 0 0 0 7.80762e-4) - 5
#(0 0 0 0 0 0.011242973) - 5
#(0 0 0 0 0 0.013897564) - 5
#(0 0 0 0 0 0.0034353528) - 5
#(0 0 0 0 0 0.014990631) - 5
#(0 0 0 0 0 0.011242973) - 5
#(0 0 0 0 0 0.013897564) - 5
#(0 0 0 0 0 0.016552154) - 5
#(0 0 0 0 0 0.021080574) - 5
#(0 0 0 0 0 0.0026545909) - 5
#(0 0 0 0 0 0.019362899) - 5
#(0 0 0 0 0 0.012804497) - 5
#(0 0 0 0 0 0.0048407246) - 5
#(0 0 0 0 0 0.0018738288) - 5
#(0 0 0 0 0 0.0064022485) - 5
#(0 0 0 0 0 0.0106183635) - 5
#(0 0 0 0 0 0.005153029) - 5
#(0 0 0 0 0 0.0010930669) - 5
#(0 0 0 0 0 0.0018738288) - 5
#(0 0 0 0 0 0.0029668957) - 5
#(0 0 0 0 0 0.0059337914) - 5
#(0 0 0 0 0 0.0034353528) - 5
#(0 0 0 0 0 7.80762e-4) - 5
#(0 0 0 0 0 7.80762e-4) - 5
#(0 0 0 0 0 0.017957527) - 5
#(0 0 0 0 0 0.0040599625) - 5
#(0 0 0 0 0 0.01233604) - 5
#(0 0 0 0 0 0.014209868) - 5
#(0 0 0 0 0 0.009056839) - 5
#(0 0 0 0 0 0.0148344785) - 5
#(0 0 0 0 0 0.008588382) - 5
#(0 0 0 0 0 0.023422861) - 5
#(0 0 0 0 0 0.015927546) - 5
#(0 0 0 0 0 0.0068707056) - 5
#(0 0 0 0 0 0.011086821) - 5
#(0 0 0 0 0 0.005777639) - 5
#(0 0 0 0 0 0.0056214863) - 5
#(0 0 0 0 0 0.023266708) - 5
#(0 0 0 0 0 0.014366021) - 5
#(0 0 0 0 0 0.014053716) - 5
#(0 0 0 0 0 0.02076827) - 5
#(0 0 0 0 0 0.017957527) - 5
#(0 0 0 0 0 0.011399126) - 5
#(0 0 0 0 0 0.009212992) - 5
#(0 0 0 0 0 0.009056839) - 5
#(0 0 0 0 0 0.02467208) - 5
#(0 0 0 0 0 0.006089944) - 5
#(0 0 0 0 0 0.02014366) - 5
#(0 0 0 0 0 0.03513429) - 5
#(0 0 0 0 0 0.026545908) - 5
#(0 0 0 0 0 0.023110555) - 5
#(0 0 0 0 0 0.026545908) - 5
#(0 0 0 0 0 0.0259213) - 5
#(0 0 0 0 0 0.009212992) - 5
#(0 0 0 0 0 0.019987509) - 5
#(0 0 0 0 0 0.016396003) - 5
#(0 0 0 0 0 0.03326046) - 5
#(0 0 0 0 0 0.016396003) - 5
#(0 0 0 0 0 0.011086821) - 5
#(0 0 0 0 0 0.010149906) - 5
#(0 0 0 0 0 0.007339163) - 5
#(0 0 0 0 0 0.023110555) - 5
#(0 0 0 0 0 0.026389757) - 5
#(0 0 0 0 0 0.019206746) - 5
#(0 0 0 0 0 0.025608994) - 5
#(0 0 0 0 0 0.027014365) - 5
#(0 0 0 0 0 0.011711431) - 5
#(0 0 0 0 0 0.010306058) - 5
#(0 0 0 0 0 0.03185509) - 5
#(0 0 0 0 0 0.014522173) - 5
#(0 0 0 0 0 0.023735166) - 5
#(0 0 0 0 0 0.006558401) - 5
#(0 0 0 0 0 0.018113678) - 5
#(0 0 0 0 0 0.011867583) - 5
#(0 0 0 0 0 0.012804497) - 5
#(0 0 0 0 0 0.0067145536) - 5
#(0 0 0 0 0 0.0068707056) - 5
#(0 0 0 0 0 0.024359776) - 5
#(0 0 0 0 0 0.014522173) - 5
#(0 0 0 0 0 0.024984384) - 5
#(0 0 0 0 0 0.0039038102) - 5
#(0 0 0 0 0 0.018113678) - 5
#(0 0 0 0 0 0.007963773) - 5
#(0 0 0 0 0 0.017801374) - 5
#(0 0 0 0 0 0.013741411) - 5
#(0 0 0 0 0 0.021549031) - 5
#(0 0 0 0 0 0.026545908) - 5
#(0 0 0 0 0 0.014678326) - 5
#(0 0 0 0 0 0.013272954) - 5
#(0 0 0 0 0 0.01686446) - 5
#(0 0 0 0 0 0.0018738288) - 5
#(0 0 0 0 0 0.005777639) - 5
#(0 0 0 0 0 0.011242973) - 5
#(0 0 0 0 0 0.02467208) - 5
#(0 0 0 0 0 0.016708307) - 5
#(0 0 0 0 0 0.012492192) - 5
#(0 0 0 0 0 0.022329794) - 5
#(0 0 0 0 0 0.015146784) - 5
#(0 0 0 0 0 0.022329794) - 5
#(0 0 0 0 0 0.01748907) - 5
#(0 0 0 0 0 0.017020613) - 5
#(0 0 0 0 0 0.015146784) - 5
#(0 0 0 0 0 0.019050593) - 5
#(0 0 0 0 0 0.022954404) - 5
#(0 0 0 0 0 0.0074953153) - 5
#(0 0 0 0 0 0.029044347) - 5
#(0 0 0 0 0 0.01623985) - 5
#(0 0 0 0 0 0.002342286) - 5
#(0 0 0 0 0 0.006246096) - 5
#(0 0 0 0 0 0.015459088) - 5
#(0 0 0 0 0 0.007026858) - 5
#(0 0 0 0 0 0.005777639) - 5
#(0 0 0 0 0 0.011242973) - 5
#(0 0 0 0 0 0.02467208) - 5
#(0 0 0 0 0 0.016708307) - 5
#(0 0 0 0 0 0.014522173) - 5
#(0 0 0 0 0 0.0053091818) - 5
#(0 0 0 0 0 0.0024984386) - 5
#(0 0 0 0 0 0.0012492193) - 5
#(0 0 0 0 0 0.0012492193) - 5
#(0 0 0 0 0 0.0021861338) - 5
#(0 0 0 0 0 0.0012492193) - 5
#(0 0 0 0 0 0.0028107432) - 5
#(0 0 0 0 0 0.0034353528) - 5
#(0 0 0 0 0 0.011086821) - 5
#(0 0 0 0 0 0.0032792005) - 5
#(0 0 0 0 0 0.0078076203) - 5
#(0 0 0 0 0 6.2460965e-4) - 5
#(0 0 0 0 0 0.0040599625) - 5
#(0 0 0 0 0 0.0018738288) - 5
#(0 0 0 0 0 0.0037476576) - 5
#(0 0 0 0 0 0.0034353528) - 5
#(0 0 0 0 0 0.0014053716) - 5
#(0 0 0 0 0 0.0021861338) - 5
#(0 0 0 0 0 0.0064022485) - 5
#(0 0 0 0 0 0.001561524) - 5
#(0 0 0 0 0 0.008900687) - 5
#(0 0 0 0 0 0.0020299812) - 5
#(0 0 0 0 0 0.008900687) - 5
#(0 0 0 0 0 0.0020299812) - 5
#(0 0 0 0 0 0.0018738288) - 5
#(0 0 0 0 0 0.01748907) - 5
#(0 0 0 0 0 0.004684572) - 5
#(0 0 0 0 0 0.0039038102) - 5
#(0 0 0 0 0 0.0074953153) - 5
#(0 0 0 0 0 0.03450968) - 5
#(0 0 0 0 0 0.04481574) - 5
#(0 0 0 0 0 0.03700812) - 5
#(0 0 0 0 0 0.023735166) - 5
#(0 0 0 0 0 0.014990631) - 5
#(0 0 0 0 0 0.02404747) - 5
#(0 0 0 0 0 0.004216115) - 5
#(0 0 0 0 0 0.0059337914) - 5
#(0 0 0 0 0 0.013585259) - 5
#(0 0 0 0 0 0.010930669) - 5
#(0 0 0 0 0 0.014678326) - 5
#(0 0 0 0 0 0.0106183635) - 5
#(0 0 0 0 0 0.011867583) - 5
#(0 0 0 0 0 0.02467208) - 5
#(0 0 0 0 0 0.027326671) - 5
#(0 0 0 0 0 0.039350405) - 5
#(0 0 0 0 0 0.010774516) - 5
#(0 0 0 0 0 0.011711431) - 5
#(0 0 0 0 0 0.0032792005) - 5
#(0 0 0 0 0 0.032011244) - 5
#(0 0 0 0 0 0.015615241) - 5
#(0 0 0 0 0 0.0106183635) - 5
#(0 0 0 0 0 0.012648345) - 5
#(0 0 0 0 0 0.020455966) - 5
#(0 0 0 0 0 0.010774516) - 5
#(0 0 0 0 0 0.018269831) - 5
#(0 0 0 0 0 0.008900687) - 5
#(0 0 0 0 0 0.012648345) - 5
#(0 0 0 0 0 0.030918175) - 5
#(0 0 0 0 0 0.014678326) - 5
#(0 0 0 0 0 0.011086821) - 5
#(0 0 0 0 0 0.0048407246) - 5
#(0 0 0 0 0 0.008900687) - 5
#(0 0 0 0 0 0.009369144) - 5
#(0 0 0 0 0 0.0040599625) - 5
#(0 0 0 0 0 0.0037476576) - 5
#(0 0 0 0 0 0.0032792005) - 5
#(0 0 0 0 0 0.0059337914) - 5
#(0 0 0 0 0 0.0020299812) - 5
#(0 0 0 0 0 0.004684572) - 5
#(0 0 0 0 0 0.001561524) - 5
#(0 0 0 0 0 0.032011244) - 5
#(0 0 0 0 0 0.015615241) - 5
#(0 0 0 0 0 0.011242973) - 5
#(0 0 0 0 0 0.013429107) - 5
#(0 0 0 0 0 3.1230482e-4) - 5
#(0 0 0 0 0 0.009525296) - 5
#(0 0 0 0 0 0.052779514) - 5
#(0 0 0 0 0 0.02139288) - 5
#(0 0 0 0 0 0.04278576) - 5
#(0 0 0 0 0 0.019206746) - 5
#(0 0 0 0 0 0.02467208) - 5
#(0 0 0 0 0 0.008276077) - 5
#(0 0 0 0 0 0.02076827) - 5
#(0 0 0 0 0 0.009837601) - 5
#(0 0 0 0 0 0.009212992) - 5
#(0 0 0 0 0 0.021861337) - 5
#(0 0 0 0 0 0.0078076203) - 5
#(0 0 0 0 0 0.02076827) - 5
#(0 0 0 0 0 0.038569644) - 5
#(0 0 0 0 0 0.035290442) - 5
#(0 0 0 0 0 0.03638351) - 5
#(0 0 0 0 0 0.044503435) - 5
#(0 0 0 0 0 0.01951905) - 5
#(0 0 0 0 0 0.0021861338) - 5
#(0 0 0 0 0 9.369144e-4) - 5
#(0 0 0 0 0 0.0014053716) - 5
#(0 0 0 0 0 0.0043722675) - 5
#(0 0 0 0 0 0.0021861338) - 5
#(0 0 0 0 0 0.0035915053) - 5
#(0 0 0 0 0 0.0010930669) - 5
#(0 0 0 0 0 0.003123048) - 5
#(0 0 0 0 0 0.0035915053) - 5
#(0 0 0 0 0 0.009993754) - 5
#(0 0 0 0 0 0.006246096) - 5
#(0 0 0 0 0 0.01686446) - 5
#(0 0 0 0 0 0.0029668957) - 5
#(0 0 0 0 0 0.0074953153) - 5
#(0 0 0 0 0 0.0032792005) - 5
#(0 0 0 0 0 0.0021861338) - 5
#(0 0 0 0 0 0.0010930669) - 5
#(0 0 0 0 0 0.0017176764) - 5
#(0 0 0 0 0 0.007339163) - 5
#(0 0 0 0 0 0.005777639) - 5
#(0 0 0 0 0 0.008119925) - 5
#(0 0 0 0 0 0.007651468) - 5
#(0 0 0 0 0 0.005777639) - 5
#(0 0 0 0 0 0.0040599625) - 5
#(0 0 0 0 0 0.011399126) - 5
#(0 0 0 0 0 0.008588382) - 5
#(0 0 0 0 0 0.015927546) - 5
#(0 0 0 0 0 7.80762e-4) - 5
#(0 0 0 0 0 0.0012492193) - 5
#(0 0 0 0 0 0.048407245) - 5
#(0 0 0 0 0 0.008276077) - 5
#(0 0 0 0 0 0.022485945) - 5
#(0 0 0 0 0 0.021080574) - 5
#(0 0 0 0 0 0.017020613) - 5
#(0 0 0 0 0 0.019362899) - 5
#(0 0 0 0 0 0.026858214) - 5
#(0 0 0 0 0 0.013272954) - 5
#(0 0 0 0 0 0.0037476576) - 5
#(0 0 0 0 0 0.009369144) - 5
#(0 0 0 0 0 0.01623985) - 5
#(0 0 0 0 0 0.017020613) - 5
#(0 0 0 0 0 0.0048407246) - 5
#(0 0 0 0 0 0.012023735) - 5
#(0 0 0 0 0 0.048407245) - 5
#(0 0 0 0 0 0.013272954) - 5
#(0 0 0 0 0 0.024515927) - 5
#(0 0 0 0 0 0.021080574) - 5
#(0 0 0 0 0 0.004216115) - 5
#(0 0 0 0 0 0.0026545909) - 5
#(0 0 0 0 0 0.028263586) - 5
#(0 0 0 0 0 0.0054653343) - 5
#(0 0 0 0 0 0.018894441) - 5
#(0 0 0 0 0 0.017957527) - 5
#(0 0 0 0 0 0.012023735) - 5
#(0 0 0 0 0 0.009837601) - 5
#(0 0 0 0 0 0.017957527) - 5
#(0 0 0 0 0 0.0053091818) - 5
#(0 0 0 0 0 0.0037476576) - 5
#(0 0 0 0 0 0.012648345) - 5
#(0 0 0 0 0 0.024515927) - 5
#(0 0 0 0 0 0.005153029) - 5
#(0 0 0 0 0 0.007963773) - 5
#(0 0 0 0 0 9.369144e-4) - 5
#(0 0 0 0 0 0.001561524) - 5
#(0 0 0 0 0 0.005153029) - 5
#(0 0 0 0 0 0.0017176764) - 5
#(0 0 0 0 0 0.012492192) - 5
#(0 0 0 0 0 0.007339163) - 5
#(0 0 0 0 0 0.010306058) - 5
#(0 0 0 0 0 0.0035915053) - 5
#(0 0 0 0 0 0.0034353528) - 5
#(0 0 0 0 0 9.369144e-4) - 5
#(0 0 0 0 0 0.020924423) - 5
#(0 0 0 0 0 0.013741411) - 5
#(0 0 0 0 0 0.013429107) - 5
#(0 0 0 0 0 0.007339163) - 5
#(0 0 0 0 0 0.012023735) - 5
#(0 0 0 0 0 0.02467208) - 5
#(0 0 0 0 0 0.02076827) - 5
#(0 0 0 0 0 0.013272954) - 5
#(0 0 0 0 0 0.022485945) - 5
#(0 0 0 0 0 0.015927546) - 5
#(0 0 0 0 0 0.016396003) - 5
#(0 0 0 0 0 0.016396003) - 5
#(0 0 0 0 0 0.018113678) - 5
#(0 0 0 0 0 0.016083697) - 5
#(0 0 0 0 0 0.021236727) - 5
#(0 0 0 0 0 0.016552154) - 5
#(0 0 0 0 0 0.0074953153) - 5
#(0 0 0 0 0 0.02014366) - 5
#(0 0 0 0 0 0.022173641) - 5
#(0 0 0 0 0 0.019206746) - 5
#(0 0 0 0 0 0.015146784) - 5
#(0 0 0 0 0 0.009993754) - 5
#(0 0 0 0 0 0.0054653343) - 5
#(0 0 0 0 0 0.028732043) - 5
#(0 0 0 0 0 0.031542785) - 5
#(0 0 0 0 0 0.028732043) - 5
#(0 0 0 0 0 0.019831356) - 5
#(0 0 0 0 0 0.016708307) - 5
#(0 0 0 0 0 0.025765147) - 5
#(0 0 0 0 0 0.014522173) - 5
#(0 0 0 0 0 0.009212992) - 5
#(0 0 0 0 0 0.019050593) - 5
#(0 0 0 0 0 0.049188007) - 5
#(0 0 0 0 0 0.02404747) - 5
#(0 0 0 0 0 0.04871955) - 5
#(0 0 0 0 0 0.010462211) - 5
#(0 0 0 0 0 0.0106183635) - 5
#(0 0 0 0 0 0.017332917) - 5
#(0 0 0 0 0 0.007963773) - 5
#(0 0 0 0 0 0.015459088) - 5
#(0 0 0 0 0 0.008119925) - 5
#(0 0 0 0 0 0.030605871) - 5
#(0 0 0 0 0 0.008119925) - 5
#(0 0 0 0 0 0.034821987) - 5
#(0 0 0 0 0 0.0056214863) - 5
#(0 0 0 0 0 0.003123048) - 5
#(0 0 0 0 0 0.018738288) - 5
#(0 0 0 0 0 0.009212992) - 5
#(0 0 0 0 0 0.019831356) - 5
#(0 0 0 0 0 0.006558401) - 5
#(0 0 0 0 0 0.006558401) - 5
#(0 0 0 0 0 0.014366021) - 5
#(0 0 0 0 0 0.010774516) - 5
#(0 0 0 0 0 0.019362899) - 5
#(0 0 0 0 0 0.026858214) - 5
#(0 0 0 0 0 0.016708307) - 5
#(0 0 0 0 0 0.015459088) - 5
#(0 0 0 0 0 0.018425984) - 5
#(0 0 0 0 0 0.0039038102) - 5
#(0 0 0 0 0 0.007026858) - 5
#(0 0 0 0 0 0.019831356) - 5
#(0 0 0 0 0 0.007026858) - 5
#(0 0 0 0 0 0.004996877) - 5
#(0 0 0 0 0 0.014209868) - 5
#(0 0 0 0 0 0.018425984) - 5
#(0 0 0 0 0 0.02076827) - 5
#(0 0 0 0 0 0.013116802) - 5
#(0 0 0 0 0 0.009056839) - 5
#(0 0 0 0 0 0.0012492193) - 5
#(0 0 0 0 0 0.0074953153) - 5
#(0 0 0 0 0 0.0029668957) - 5
#(0 0 0 0 0 0.006558401) - 5
#(0 0 0 0 0 0.004684572) - 5
#(0 0 0 0 0 0.007963773) - 5
#(0 0 0 0 0 0.008119925) - 5
#(0 0 0 0 0 0.011711431) - 5
#(0 0 0 0 0 0.009993754) - 5
#(0 0 0 0 0 3.1230482e-4) - 5
#(0 0 0 0 0 0.007339163) - 5
#(0 0 0 0 0 0.0034353528) - 5
#(0 0 0 0 0 0.0029668957) - 5
#(0 0 0 0 0 0.001561524) - 5
#(0 0 0 0 0 0.006089944) - 5
#(0 0 0 0 0 0.0010930669) - 5
#(0 0 0 0 0 0.012648345) - 5
#(0 0 0 0 0 0.0014053716) - 5
#(0 0 0 0 0 0.0028107432) - 5
#(0 0 0 0 0 0.0021861338) - 5
#(0 0 0 0 0 0.0028107432) - 5
#(0 0 0 0 0 0.0037476576) - 5
#(0 0 0 0 0 0.0068707056) - 5
#(0 0 0 0 0 0) - 0
#(0 0 0 0 0 0.003123048) - 5
#(0 0 0 0 0 0.004996877) - 5
#(0 0 0 0 0 0.011711431) - 5
#(0 0 0 0 0 0.003123048) - 5
#(0 0 0 0 0 0.018582135) - 5
#(0 0 0 0 0 0.0071830107) - 5
#(0 0 0 0 0 0.014366021) - 5
#(0 0 0 0 0 0.022642098) - 5
#(0 0 0 0 0 0.017801374) - 5
#(0 0 0 0 0 0.003123048) - 5
#(0 0 0 0 0 0.0026545909) - 5
#(0 0 0 0 0 0.0029668957) - 5
#(0 0 0 0 0 0.0018738288) - 5
#(0 0 0 0 0 0.011867583) - 5
#(0 0 0 0 0 0.014209868) - 5
#(0 0 0 0 0 0.01296065) - 5
#(0 0 0 0 0 0.009993754) - 5
#(0 0 0 0 0 0.010930669) - 5
#(0 0 0 0 0 0.022642098) - 5
#(0 0 0 0 0 0.013429107) - 5
#(0 0 0 0 0 0.016708307) - 5
#(0 0 0 0 0 0.012179888) - 5
#(0 0 0 0 0 0.0034353528) - 5
#(0 0 0 0 0 0.032635853) - 5
#(0 0 0 0 0 0.030293567) - 5
#(0 0 0 0 0 0.012648345) - 5
#(0 0 0 0 0 0.023266708) - 5
#(0 0 0 0 0 0.0078076203) - 5
#(0 0 0 0 0 0.021236727) - 5
#(0 0 0 0 0 0.009212992) - 5
#(0 0 0 0 0 0.02404747) - 5
#(0 0 0 0 0 0.0071830107) - 5
#(0 0 0 0 0 0.027795129) - 5
#(0 0 0 0 0 0.04153654) - 5
#(0 0 0 0 0 0.017020613) - 5
#(0 0 0 0 0 0.015615241) - 5
#(0 0 0 0 0 0.014522173) - 5
#(0 0 0 0 0 0.014678326) - 5
#(0 0 0 0 0 0.014990631) - 5
#(0 0 0 0 0 0.020924423) - 5
#(0 0 0 0 0 0.046845723) - 5
#(0 0 0 0 0 0.008276077) - 5
#(0 0 0 0 0 0.042629607) - 5
#(0 0 0 0 0 0.007026858) - 5
#(0 0 0 0 0 0.010930669) - 5
#(0 0 0 0 0 6.2460965e-4) - 5
#(0 0 0 0 0 0.011867583) - 5
#(0 0 0 0 0 0.003123048) - 5
#(0 0 0 0 0 0.01233604) - 5
#(0 0 0 0 0 0.00843223) - 5
#(0 0 0 0 0 0.014053716) - 5
#(0 0 0 0 0 0.015771393) - 5
#(0 0 0 0 0 0.008588382) - 5
#(0 0 0 0 0 0.012179888) - 5
#(0 0 0 0 0 0.004684572) - 5
#(0 0 0 0 0 0.0053091818) - 5
#(0 0 0 0 0 0.0148344785) - 5
#(0 0 0 0 0 0.0071830107) - 5
#(0 0 0 0 0 0.0034353528) - 5
#(0 0 0 0 0 0.014678326) - 5
#(0 0 0 0 0 0.010462211) - 5
#(0 0 0 0 0 0.009681449) - 5
#(0 0 0 0 0 0.008744535) - 5
#(0 0 0 0 0 0.023422861) - 5
#(0 0 0 0 0 0.027170518) - 5
#(0 0 0 0 0 0.012804497) - 5
#(0 0 0 0 0 0.01296065) - 5
#(0 0 0 0 0 0.0026545909) - 5
#(0 0 0 0 0 0.015459088) - 5
#(0 0 0 0 0 0.02139288) - 5
#(0 0 0 0 0 0.016708307) - 5
#(0 0 0 0 0 0.010149906) - 5
#(0 0 0 0 0 0.0071830107) - 5
#(0 0 0 0 0 0.009369144) - 5
#(0 0 0 0 0 0.0106183635) - 5
#(0 0 0 0 0 0.0064022485) - 5
#(0 0 0 0 0 0.006246096) - 5
#(0 0 0 0 0 0.01748907) - 5
#(0 0 0 0 0 0.014366021) - 5
#(0 0 0 0 0 0.009056839) - 5
#(0 0 0 0 0 0.009369144) - 5
#(0 0 0 0 0 0.025765147) - 5
#(0 0 0 0 0 0.027638976) - 5
#(0 0 0 0 0 0.021236727) - 5
#(0 0 0 0 0 0.03169894) - 5
#(0 0 0 0 0 0.020924423) - 5
#(0 0 0 0 0 0.02014366) - 5
#(0 0 0 0 0 0.023266708) - 5
#(0 0 0 0 0 0.023891319) - 5
#(0 0 0 0 0 0.0029668957) - 5
#(0 0 0 0 0 0.0029668957) - 5
#(0 0 0 0 0 0.006246096) - 5
#(0 0 0 0 0 0.0028107432) - 5
#(0 0 0 0 0 0.0037476576) - 5
#(0 0 0 0 0 0.0029668957) - 5
#(0 0 0 0 0 0.0059337914) - 5
#(0 0 0 0 0 0.013585259) - 5
#(0 0 0 0 0 0.014990631) - 5
#(0 0 0 0 0 0.017176764) - 5
#(0 0 0 0 0 0.009681449) - 5
#(0 0 0 0 0 0.0059337914) - 5
#(0 0 0 0 0 0.0018738288) - 5
#(0 0 0 0 0 0.0012492193) - 5
#(0 0 0 0 0 1.5615241e-4) - 5
#(0 0 0 0 0 0.009212992) - 5
#(0 0 0 0 0 0.0059337914) - 5
#(0 0 0 0 0 0.0012492193) - 5
#(0 0 0 0 0 0.0012492193) - 5
#(0 0 0 0 0 0.0014053716) - 5
#(0 0 0 0 0 0.002342286) - 5
#(0 0 0 0 0 0.008900687) - 5
#(0 0 0 0 0 0.011867583) - 5
#(0 0 0 0 0 0.0071830107) - 5
#(0 0 0 0 0 0.007026858) - 5
#(0 0 0 0 0 0.008900687) - 5
#(0 0 0 0 0 0.013585259) - 5
#(0 0 0 0 0 0.030762024) - 5
#(0 0 0 0 0 0.043878827) - 5
#(0 0 0 0 0 0.01686446) - 5
#(0 0 0 0 0 0.015459088) - 5
#(0 0 0 0 0 0.017645221) - 5
#(0 0 0 0 0 0.0024984386) - 5
#(0 0 0 0 0 0.008588382) - 5
#(0 0 0 0 0 0.010462211) - 5
#(0 0 0 0 0 0.025608994) - 5
#(0 0 0 0 0 0.029981261) - 5
#(0 0 0 0 0 0.011867583) - 5
#(0 0 0 0 0 0.018894441) - 5
#(0 0 0 0 0 0.027795129) - 5
#(0 0 0 0 0 0.038569644) - 5
#(0 0 0 0 0 0.018894441) - 5
#(0 0 0 0 0 0.010306058) - 5
#(0 0 0 0 0 0.009056839) - 5
#(0 0 0 0 0 0.009369144) - 5
#(0 0 0 0 0 0.058244847) - 5
#(0 0 0 0 0 0.0423173) - 5
#(0 0 0 0 0 0.036227357) - 5
#(0 0 0 0 0 0.023579013) - 5
#(0 0 0 0 0 0.017332917) - 5
#(0 0 0 0 0 0.038257338) - 5
#(0 0 0 0 0 0.028263586) - 5
#(0 0 0 0 0 0.03169894) - 5
#(0 0 0 0 0 0.017020613) - 5
#(0 0 0 0 0 0.058244847) - 5
#(0 0 0 0 0 0.0423173) - 5
#(0 0 0 0 0 0.022642098) - 5
#(0 0 0 0 0 0.008744535) - 5
#(0 0 0 0 0 0.009993754) - 5
#(0 0 0 0 0 0.0148344785) - 5
#(0 0 0 0 0 0.009681449) - 5
#(0 0 0 0 0 0.012648345) - 5
#(0 0 0 0 0 0.014990631) - 5
#(0 0 0 0 0 0.01296065) - 5
#(0 0 0 0 0 0.010462211) - 5
#(0 0 0 0 0 0.018113678) - 5
#(0 0 0 0 0 0.028888196) - 5
#(0 0 0 0 0 0.009212992) - 5
#(0 0 0 0 0 0.004996877) - 5
#(0 0 0 0 0 0.010306058) - 5
#(0 0 0 0 0 0.016552154) - 5
#(0 0 0 0 0 0.0106183635) - 5
#(0 0 0 0 0 0.0043722675) - 5
#(0 0 0 0 0 0.014678326) - 5
#(0 0 0 0 0 0.0032792005) - 5
#(0 0 0 0 0 0.014366021) - 5
#(0 0 0 0 0 0.0106183635) - 5
#(0 0 0 0 0 0.017176764) - 5
#(0 0 0 0 0 0.008588382) - 5
#(0 0 0 0 0 0.017332917) - 5
#(0 0 0 0 0 0.007026858) - 5
#(0 0 0 0 0 0.013116802) - 5
#(0 0 0 0 0 0.009369144) - 5
#(0 0 0 0 0 0.017176764) - 5
#(0 0 0 0 0 0.011711431) - 5
#(0 0 0 0 0 0.014209868) - 5
#(0 0 0 0 0 0.0148344785) - 5
#(0 0 0 0 0 0.011242973) - 5
#(0 0 0 0 0 0.014522173) - 5
#(0 0 0 0 0 0.028419737) - 5
#(0 0 0 0 0 9.369144e-4) - 5
#(0 0 0 0 0 0.0037476576) - 5
#(0 0 0 0 0 0.013897564) - 5
#(0 0 0 0 0 0.0017176764) - 5
#(0 0 0 0 0 0.013585259) - 5
#(0 0 0 0 0 0.00843223) - 5
#(0 0 0 0 0 0.0048407246) - 5
#(0 0 0 0 0 0.0037476576) - 5
#(0 0 0 0 0 0.0024984386) - 5
#(0 0 0 0 0 0.009837601) - 5
#(0 0 0 0 0 0.008119925) - 5
#(0 0 0 0 0 0.00843223) - 5
#(0 0 0 0 0 0.013897564) - 5
#(0 0 0 0 0 0.01233604) - 5
#(0 0 0 0 0 0.015146784) - 5
#(0 0 0 0 0 0.01296065) - 5
#(0 0 0 0 0 0.015146784) - 5
#(0 0 0 0 0 0.017176764) - 5
#(0 0 0 0 0 1.5615241e-4) - 5
#(0 0 0 0 0 0.017176764) - 5
#(0 0 0 0 0 0.016708307) - 5
#(0 0 0 0 0 0.019206746) - 5
#(0 0 0 0 0 0.0021861338) - 5
#(0 0 0 0 0 0.014522173) - 5
#(0 0 0 0 0 0.009837601) - 5
#(0 0 0 0 0 0.015146784) - 5
#(0 0 0 0 0 0.010774516) - 5
#(0 0 0 0 0 0.014678326) - 5
#(0 0 0 0 0 0.013741411) - 5
#(0 0 0 0 0 0.024515927) - 5
#(0 0 0 0 0 0.009837601) - 5
#(0 0 0 0 0 0.0024984386) - 5
#(0 0 0 0 0 0.0259213) - 5
#(0 0 0 0 0 0.008119925) - 5
#(0 0 0 0 0 0.023891319) - 5
#(0 0 0 0 0 0.001561524) - 5
#(0 0 0 0 0 0.013116802) - 5
#(0 0 0 0 0 0.011867583) - 5
#(0 0 0 0 0 0.014990631) - 5
#(0 0 0 0 0 0.009056839) - 5
#(0 0 0 0 0 0.0064022485) - 5
#(0 0 0 0 0 0.020612117) - 5
#(0 0 0 0 0 0.03638351) - 5
#(0 0 0 0 0 0.024203623) - 5
#(0 0 0 0 0 0.017801374) - 5
#(0 0 0 0 0 0.028419737) - 5
#(0 0 0 0 0 0.01686446) - 5
#(0 0 0 0 0 0.027170518) - 5
#(0 0 0 0 0 0.0029668957) - 5
#(0 0 0 0 0 0.009369144) - 5
#(0 0 0 0 0 0.027170518) - 5
#(0 0 0 0 0 0.03294816) - 5
#(0 0 0 0 0 0.030762024) - 5
#(0 0 0 0 0 0.011867583) - 5
#(0 0 0 0 0 0.013585259) - 5
#(0 0 0 0 0 0.005153029) - 5
#(0 0 0 0 0 0.011086821) - 5
#(0 0 0 0 0 0.008588382) - 5
#(0 0 0 0 0 0.013429107) - 5
#(0 0 0 0 0 0.008119925) - 5
#(0 0 0 0 0 0.010930669) - 5
#(0 0 0 0 0 0.009837601) - 5
#(0 0 0 0 0 0.012179888) - 5
#(0 0 0 0 0 0.002342286) - 5
