
Grupo 0
#(0.0060975607 0 0 0 0 0) - 0
#(0.018292682 0 0 0 0 0) - 0
#(0.006533101 0 0 0 0 0) - 0
#(0.037891988 0 0 0 0 0) - 0
#(0.0113240415 0 0 0 0 0) - 0
#(4.3554007e-4 0 0 0 0 0) - 0
#(0.009146341 0 0 0 0 0) - 0
#(0.013937282 0 0 0 0 0) - 0
#(0.0013066202 0 0 0 0 0) - 0
#(0.010452962 0 0 0 0 0) - 0
#(0.031358887 0 0 0 0 0) - 0
#(0.009581882 0 0 0 0 0) - 0
#(0.0017421603 0 0 0 0 0) - 0
#(0.013937282 0 0 0 0 0) - 0
#(0.027874565 0 0 0 0 0) - 0
#(0.025696864 0 0 0 0 0) - 0
#(0.017421603 0 0 0 0 0) - 0
#(0.021777004 0 0 0 0 0) - 0
#(0.022212544 0 0 0 0 0) - 0
#(0.012630662 0 0 0 0 0) - 0
#(0.030052265 0 0 0 0 0) - 0
#(0.023519164 0 0 0 0 0) - 0
#(0.037891988 0 0 0 0 0) - 0
#(0.020905923 0 0 0 0 0) - 0
#(0.039634146 0 0 0 0 0) - 0
#(0.040940765 0 0 0 0 0) - 0
#(0.026132405 0 0 0 0 0) - 0
#(0.0121951215 0 0 0 0 0) - 0
#(0.031358887 0 0 0 0 0) - 0
#(0.031358887 0 0 0 0 0) - 0
#(0.028310105 0 0 0 0 0) - 0
#(0.023519164 0 0 0 0 0) - 0
#(0.039198607 0 0 0 0 0) - 0
#(0.029181184 0 0 0 0 0) - 0
#(0.034407664 0 0 0 0 0) - 0
#(0.023083623 0 0 0 0 0) - 0
#(0.014372822 0 0 0 0 0) - 0
#(0.021341464 0 0 0 0 0) - 0
#(0.026567943 0 0 0 0 0) - 0
#(0.025696864 0 0 0 0 0) - 0
#(0.025696864 0 0 0 0 0) - 0
#(0.021777004 0 0 0 0 0) - 0
#(0.027439024 0 0 0 0 0) - 0
#(0.0060975607 0 0 0 0 0) - 0
#(0.013937282 0 0 0 0 0) - 0
#(0.023083623 0 0 0 0 0) - 0
#(0.009146341 0 0 0 0 0) - 0
#(0.007839722 0 0 0 0 0) - 0
#(0.009146341 0 0 0 0 0) - 0
#(0.12412892 0 0 0 0 0) - 0
#(0.108013935 0 0 0 0 0) - 0
#(0.076219514 0 0 0 0 0) - 0
#(0.05705575 0 0 0 0 0) - 0
#(0.05705575 0 0 0 0 0) - 0
#(0.1054007 0 0 0 0 0) - 0
#(0.10060976 0 0 0 0 0) - 0
#(0.056184668 0 0 0 0 0) - 0
#(0.040505227 0 0 0 0 0) - 0
#(0.06402439 0 0 0 0 0) - 0
#(0.09843206 0 0 0 0 0) - 0
#(0.07273519 0 0 0 0 0) - 0
#(0.06620209 0 0 0 0 0) - 0
#(0.083188154 0 0 0 0 0) - 0
#(0.101045296 0 0 0 0 0) - 0
#(0.077961676 0 0 0 0 0) - 0
#(0.023083623 0 0 0 0 0) - 0
#(0.027439024 0 0 0 0 0) - 0
#(0.036149826 0 0 0 0 0) - 0
#(0.037456445 0 0 0 0 0) - 0
#(0.06445993 0 0 0 0 0) - 0
#(0.033101045 0 0 0 0 0) - 0
#(0.0026132404 0 0 0 0 0) - 0
#(0.015243903 0 0 0 0 0) - 0
#(0.004790941 0 0 0 0 0) - 0
#(0.011759582 0 0 0 0 0) - 0
#(0.015679443 0 0 0 0 0) - 0
#(0.006533101 0 0 0 0 0) - 0
#(0.022212544 0 0 0 0 0) - 0
#(0.0060975607 0 0 0 0 0) - 0
#(4.3554007e-4 0 0 0 0 0) - 0
#(0.007404181 0 0 0 0 0) - 0
#(0.013501742 0 0 0 0 0) - 0
#(0.023519164 0 0 0 0 0) - 0
#(0.006968641 0 0 0 0 0) - 0
#(0.005226481 0 0 0 0 0) - 0
#(0.005226481 0 0 0 0 0) - 0
#(0.021341464 0 0 0 0 0) - 0
#(0.006968641 0 0 0 0 0) - 0
#(0.0021777004 0 0 0 0 0) - 0
#(0.027439024 0 0 0 0 0) - 0
#(0.035278745 0 0 0 0 0) - 0
#(0.05139373 0 0 0 0 0) - 0
#(0.020905923 0 0 0 0 0) - 0
#(0.020470383 0 0 0 0 0) - 0
#(0.024825783 0 0 0 0 0) - 0
#(0.031358887 0 0 0 0 0) - 0
#(0.023083623 0 0 0 0 0) - 0
#(0.0056620208 0 0 0 0 0) - 0
#(0.007404181 0 0 0 0 0) - 0
#(0.019163763 0 0 0 0 0) - 0
#(0.007404181 0 0 0 0 0) - 0
#(0.020470383 0 0 0 0 0) - 0
#(0.009146341 0 0 0 0 0) - 0
#(0.06184669 0 0 0 0 0) - 0
#(0.046167247 0 0 0 0 0) - 0
#(0.034843206 0 0 0 0 0) - 0
#(0.030052265 0 0 0 0 0) - 0
#(0.043118466 0 0 0 0 0) - 0
#(0.044860628 0 0 0 0 0) - 0
#(0.009581882 0 0 0 0 0) - 0
#(0.026567943 0 0 0 0 0) - 0
#(0.023954704 0 0 0 0 0) - 0
#(0.0013066202 0 0 0 0 0) - 0
#(0.04573171 0 0 0 0 0) - 0
#(0.055313587 0 0 0 0 0) - 0
#(0.006968641 0 0 0 0 0) - 0
#(0.0113240415 0 0 0 0 0) - 0
#(0.043118466 0 0 0 0 0) - 0
#(0.013066202 0 0 0 0 0) - 0
#(0.025261324 0 0 0 0 0) - 0
#(0.033536587 0 0 0 0 0) - 0
#(0.027003484 0 0 0 0 0) - 0
#(0.05574913 0 0 0 0 0) - 0
#(0.040505227 0 0 0 0 0) - 0
#(0.050958186 0 0 0 0 0) - 0
#(0.05836237 0 0 0 0 0) - 0
#(0.046167247 0 0 0 0 0) - 0

Grupo 1
#(0 0 0 0 0 0) - 0
#(0 0.017857144 0 0 0 0) - 1
#(0 0 0 0 0 0) - 0
#(0 0 0 0 0 0) - 0
#(0 0 0 0 0 0) - 0
#(0 0 0 0 0 0) - 0
#(0 0 0 0 0 0) - 0
#(0 0 0 0 0 0) - 0
#(0 0 0 0 0 0) - 0
#(0 0 0 0 0 0) - 0
#(0 0 0 0 0 0) - 0
#(0 0 0 0 0 0) - 0
#(0 0 0 0 0 0) - 0
#(0 0 0 0 0 0) - 0
#(0 0 0 0 0 0) - 0
#(0 0 0 0 0 0) - 0
#(0 0 0 0 0 0) - 0
#(0 0 0 0 0 0) - 0
#(0 0 0 0 0 0) - 0
#(0 0 0 0 0 0) - 0
#(0 0 0 0 0 0) - 0
#(0 0 0 0 0 0) - 0
#(0 0 0 0 0 0) - 0
#(0 0 0 0 0 0) - 0
#(0 0 0 0 0 0) - 0
#(0 0 0 0 0 0) - 0
#(0 0 0 0 0 0) - 0
#(0 0.017857144 0 0 0 0) - 1
#(0 0 0 0 0 0) - 0
#(0 0 0 0 0 0) - 0
#(0 0 0 0 0 0) - 0
#(0 0 0 0 0 0) - 0
#(0 0 0 0 0 0) - 0
#(0 0 0 0 0 0) - 0
#(0 0.017857144 0 0 0 0) - 1
#(0 0.017857144 0 0 0 0) - 1
#(0 0 0 0 0 0) - 0
#(0 0 0 0 0 0) - 0
#(0 0.017857144 0 0 0 0) - 1
#(0 0 0 0 0 0) - 0
#(0 0 0 0 0 0) - 0
#(0 0 0 0 0 0) - 0
#(0 0 0 0 0 0) - 0
#(0 0 0 0 0 0) - 0
#(0 0 0 0 0 0) - 0
#(0 0 0 0 0 0) - 0
#(0 0 0 0 0 0) - 0
#(0 0 0 0 0 0) - 0
#(0 0 0 0 0 0) - 0
#(0 0 0 0 0 0) - 0
#(0 0 0 0 0 0) - 0
#(0 0 0 0 0 0) - 0
#(0 0 0 0 0 0) - 0
#(0 0 0 0 0 0) - 0
#(0 0 0 0 0 0) - 0
#(0 0 0 0 0 0) - 0
#(0 0 0 0 0 0) - 0
#(0 0 0 0 0 0) - 0
#(0 0 0 0 0 0) - 0
#(0 0 0 0 0 0) - 0
#(0 0.017857144 0 0 0 0) - 1
#(0 0 0 0 0 0) - 0
#(0 0 0 0 0 0) - 0
#(0 0 0 0 0 0) - 0
#(0 0 0 0 0 0) - 0
#(0 0 0 0 0 0) - 0
#(0 0 0 0 0 0) - 0
#(0 0 0 0 0 0) - 0
#(0 0 0 0 0 0) - 0
#(0 0 0 0 0 0) - 0
#(0 0 0 0 0 0) - 0
#(0 0 0 0 0 0) - 0
#(0 0 0 0 0 0) - 0
#(0 0 0 0 0 0) - 0
#(0 0 0 0 0 0) - 0
#(0 0 0 0 0 0) - 0
#(0 0.017857144 0 0 0 0) - 1
#(0 0 0 0 0 0) - 0
#(0 0 0 0 0 0) - 0
#(0 0 0 0 0 0) - 0
#(0 0 0 0 0 0) - 0
#(0 0 0 0 0 0) - 0
#(0 0 0 0 0 0) - 0
#(0 0 0 0 0 0) - 0
#(0 0 0 0 0 0) - 0
#(0 0 0 0 0 0) - 0
#(0 0 0 0 0 0) - 0
#(0 0 0 0 0 0) - 0
#(0 0 0 0 0 0) - 0
#(0 0.017857144 0 0 0 0) - 1
#(0 0 0 0 0 0) - 0
#(0 0 0 0 0 0) - 0
#(0 0 0 0 0 0) - 0
#(0 0 0 0 0 0) - 0
#(0 0 0 0 0 0) - 0
#(0 0 0 0 0 0) - 0
#(0 0 0 0 0 0) - 0
#(0 0 0 0 0 0) - 0
#(0 0.017857144 0 0 0 0) - 1
#(0 0 0 0 0 0) - 0
#(0 0 0 0 0 0) - 0
#(0 0 0 0 0 0) - 0
#(0 0 0 0 0 0) - 0
#(0 0 0 0 0 0) - 0
#(0 0 0 0 0 0) - 0
#(0 0 0 0 0 0) - 0
#(0 0 0 0 0 0) - 0
#(0 0 0 0 0 0) - 0
#(0 0 0 0 0 0) - 0
#(0 0.017857144 0 0 0 0) - 1
#(0 0.017857144 0 0 0 0) - 1
#(0 0.017857144 0 0 0 0) - 1
#(0 0 0 0 0 0) - 0
#(0 0 0 0 0 0) - 0
#(0 0 0 0 0 0) - 0
#(0 0 0 0 0 0) - 0
#(0 0 0 0 0 0) - 0
#(0 0 0 0 0 0) - 0
#(0 0 0 0 0 0) - 0
#(0 0 0 0 0 0) - 0
#(0 0.16071428 0 0 0 0) - 1
#(0 0.125 0 0 0 0) - 1
#(0 0.16071428 0 0 0 0) - 1
#(0 0.16071428 0 0 0 0) - 1
#(0 0.16071428 0 0 0 0) - 1
#(0 0.071428575 0 0 0 0) - 1
#(0 0.10714286 0 0 0 0) - 1
#(0 0.08928572 0 0 0 0) - 1
#(0 0.16071428 0 0 0 0) - 1
#(0 0.16071428 0 0 0 0) - 1
#(0 0.08928572 0 0 0 0) - 1
#(0 0.14285715 0 0 0 0) - 1
#(0 0.16071428 0 0 0 0) - 1
#(0 0.125 0 0 0 0) - 1
#(0 0.071428575 0 0 0 0) - 1
#(0 0.14285715 0 0 0 0) - 1
#(0 0.125 0 0 0 0) - 1
#(0 0.14285715 0 0 0 0) - 1
#(0 0.125 0 0 0 0) - 1
#(0 0.14285715 0 0 0 0) - 1
#(0 0.14285715 0 0 0 0) - 1
#(0 0.16071428 0 0 0 0) - 1
#(0 0.10714286 0 0 0 0) - 1
#(0 0.125 0 0 0 0) - 1
#(0 0.14285715 0 0 0 0) - 1
#(0 0.16071428 0 0 0 0) - 1
#(0 0.14285715 0 0 0 0) - 1
#(0 0.125 0 0 0 0) - 1
#(0 0.125 0 0 0 0) - 1
#(0 0.125 0 0 0 0) - 1
#(0 0.14285715 0 0 0 0) - 1
#(0 0.16071428 0 0 0 0) - 1
#(0 0.14285715 0 0 0 0) - 1
#(0 0.16071428 0 0 0 0) - 1
#(0 0.16071428 0 0 0 0) - 1
#(0 0.125 0 0 0 0) - 1
#(0 0.125 0 0 0 0) - 1
#(0 0.14285715 0 0 0 0) - 1
#(0 0.125 0 0 0 0) - 1
#(0 0.10714286 0 0 0 0) - 1
#(0 0.10714286 0 0 0 0) - 1
#(0 0.08928572 0 0 0 0) - 1
#(0 0.14285715 0 0 0 0) - 1
#(0 0.125 0 0 0 0) - 1
#(0 0.14285715 0 0 0 0) - 1
#(0 0.125 0 0 0 0) - 1
#(0 0.14285715 0 0 0 0) - 1
#(0 0.14285715 0 0 0 0) - 1
#(0 0.16071428 0 0 0 0) - 1
#(0 0.16071428 0 0 0 0) - 1
#(0 0.125 0 0 0 0) - 1
#(0 0.14285715 0 0 0 0) - 1
#(0 0.14285715 0 0 0 0) - 1
#(0 0.16071428 0 0 0 0) - 1
#(0 0.14285715 0 0 0 0) - 1
#(0 0.14285715 0 0 0 0) - 1
#(0 0.14285715 0 0 0 0) - 1
#(0 0.14285715 0 0 0 0) - 1
#(0 0.14285715 0 0 0 0) - 1
#(0 0.125 0 0 0 0) - 1
#(0 0.14285715 0 0 0 0) - 1
#(0 0.16071428 0 0 0 0) - 1
#(0 0.125 0 0 0 0) - 1
#(0 0 0 0 0 0) - 0
#(0 0 0 0 0 0) - 0
#(0 0 0 0 0 0) - 0
#(0 0.017857144 0 0 0 0) - 1
#(0 0 0 0 0 0) - 0
#(0 0 0 0 0 0) - 0
#(0 0 0 0 0 0) - 0
#(0 0 0 0 0 0) - 0
#(0 0 0 0 0 0) - 0
#(0 0 0 0 0 0) - 0
#(0 0 0 0 0 0) - 0
#(0 0 0 0 0 0) - 0
#(0 0 0 0 0 0) - 0
#(0 0 0 0 0 0) - 0
#(0 0 0 0 0 0) - 0
#(0 0 0 0 0 0) - 0
#(0 0 0 0 0 0) - 0
#(0 0 0 0 0 0) - 0
#(0 0 0 0 0 0) - 0
#(0 0 0 0 0 0) - 0
#(0 0.017857144 0 0 0 0) - 1
#(0 0 0 0 0 0) - 0
#(0 0 0 0 0 0) - 0
#(0 0 0 0 0 0) - 0
#(0 0 0 0 0 0) - 0
#(0 0 0 0 0 0) - 0
#(0 0 0 0 0 0) - 0
#(0 0 0 0 0 0) - 0
#(0 0 0 0 0 0) - 0
#(0 0 0 0 0 0) - 0
#(0 0 0 0 0 0) - 0
#(0 0 0 0 0 0) - 0
#(0 0 0 0 0 0) - 0
#(0 0 0 0 0 0) - 0
#(0 0 0 0 0 0) - 0
#(0 0 0 0 0 0) - 0
#(0 0 0 0 0 0) - 0
#(0 0 0 0 0 0) - 0
#(0 0 0 0 0 0) - 0
#(0 0 0 0 0 0) - 0
#(0 0.017857144 0 0 0 0) - 1
#(0 0.017857144 0 0 0 0) - 1
#(0 0 0 0 0 0) - 0
#(0 0 0 0 0 0) - 0
#(0 0 0 0 0 0) - 0
#(0 0 0 0 0 0) - 0
#(0 0 0 0 0 0) - 0
#(0 0 0 0 0 0) - 0
#(0 0 0 0 0 0) - 0
#(0 0 0 0 0 0) - 0
#(0 0 0 0 0 0) - 0
#(0 0 0 0 0 0) - 0
#(0 0 0 0 0 0) - 0
#(0 0 0 0 0 0) - 0
#(0 0 0 0 0 0) - 0
#(0 0.017857144 0 0 0 0) - 1
#(0 0 0 0 0 0) - 0
#(0 0 0 0 0 0) - 0
#(0 0 0 0 0 0) - 0
#(0 0 0 0 0 0) - 0
#(0 0 0 0 0 0) - 0
#(0 0 0 0 0 0) - 0
#(0 0 0 0 0 0) - 0
#(0 0 0 0 0 0) - 0
#(0 0 0 0 0 0) - 0
#(0 0.017857144 0 0 0 0) - 1
#(0 0 0 0 0 0) - 0
#(0 0 0 0 0 0) - 0
#(0 0.017857144 0 0 0 0) - 1
#(0 0 0 0 0 0) - 0
#(0 0 0 0 0 0) - 0
#(0 0 0 0 0 0) - 0
#(0 0.017857144 0 0 0 0) - 1
#(0 0 0 0 0 0) - 0
#(0 0 0 0 0 0) - 0
#(0 0 0 0 0 0) - 0
#(0 0 0 0 0 0) - 0
#(0 0.017857144 0 0 0 0) - 1
#(0 0 0 0 0 0) - 0
#(0 0 0 0 0 0) - 0
#(0 0 0 0 0 0) - 0
#(0 0.017857144 0 0 0 0) - 1
#(0 0 0 0 0 0) - 0
#(0 0 0 0 0 0) - 0
#(0 0 0 0 0 0) - 0
#(0 0 0 0 0 0) - 0
#(0 0 0 0 0 0) - 0
#(0 0.017857144 0 0 0 0) - 1
#(0 0 0 0 0 0) - 0
#(0 0 0 0 0 0) - 0
#(0 0 0 0 0 0) - 0
#(0 0 0 0 0 0) - 0
#(0 0 0 0 0 0) - 0
#(0 0 0 0 0 0) - 0
#(0 0 0 0 0 0) - 0
#(0 0.017857144 0 0 0 0) - 1
#(0 0 0 0 0 0) - 0
#(0 0 0 0 0 0) - 0
#(0 0 0 0 0 0) - 0
#(0 0 0 0 0 0) - 0
#(0 0 0 0 0 0) - 0
#(0 0 0 0 0 0) - 0
#(0 0 0 0 0 0) - 0
#(0 0 0 0 0 0) - 0
#(0 0 0 0 0 0) - 0
#(0 0 0 0 0 0) - 0
#(0 0.017857144 0 0 0 0) - 1
#(0 0 0 0 0 0) - 0
#(0 0 0 0 0 0) - 0
#(0 0.017857144 0 0 0 0) - 1
#(0 0 0 0 0 0) - 0
#(0 0 0 0 0 0) - 0
#(0 0 0 0 0 0) - 0
#(0 0.017857144 0 0 0 0) - 1
#(0 0 0 0 0 0) - 0
#(0 0.017857144 0 0 0 0) - 1
#(0 0.017857144 0 0 0 0) - 1
#(0 0 0 0 0 0) - 0
#(0 0.017857144 0 0 0 0) - 1
#(0 0 0 0 0 0) - 0
#(0 0 0 0 0 0) - 0
#(0 0.017857144 0 0 0 0) - 1
#(0 0 0 0 0 0) - 0
#(0 0.017857144 0 0 0 0) - 1
#(0 0.017857144 0 0 0 0) - 1
#(0 0.017857144 0 0 0 0) - 1
#(0 0 0 0 0 0) - 0
#(0 0.017857144 0 0 0 0) - 1
#(0 0 0 0 0 0) - 0
#(0 0.017857144 0 0 0 0) - 1
#(0 0 0 0 0 0) - 0
#(0 0.017857144 0 0 0 0) - 1
#(0 0 0 0 0 0) - 0
#(0 0 0 0 0 0) - 0
#(0 0.017857144 0 0 0 0) - 1
#(0 0 0 0 0 0) - 0
#(0 0 0 0 0 0) - 0
#(0 0 0 0 0 0) - 0
#(0 0 0 0 0 0) - 0
#(0 0 0 0 0 0) - 0
#(0 0.017857144 0 0 0 0) - 1
#(0 0 0 0 0 0) - 0
#(0 0 0 0 0 0) - 0
#(0 0 0 0 0 0) - 0
#(0 0 0 0 0 0) - 0
#(0 0 0 0 0 0) - 0
#(0 0 0 0 0 0) - 0
#(0 0 0 0 0 0) - 0
#(0 0 0 0 0 0) - 0
#(0 0 0 0 0 0) - 0
#(0 0 0 0 0 0) - 0
#(0 0 0 0 0 0) - 0
#(0 0.017857144 0 0 0 0) - 1
#(0 0.017857144 0 0 0 0) - 1
#(0 0 0 0 0 0) - 0
#(0 0 0 0 0 0) - 0
#(0 0 0 0 0 0) - 0
#(0 0 0 0 0 0) - 0
#(0 0.017857144 0 0 0 0) - 1
#(0 0.017857144 0 0 0 0) - 1
#(0 0 0 0 0 0) - 0
#(0 0 0 0 0 0) - 0
#(0 0 0 0 0 0) - 0
#(0 0.017857144 0 0 0 0) - 1
#(0 0.017857144 0 0 0 0) - 1
#(0 0 0 0 0 0) - 0
#(0 0 0 0 0 0) - 0
#(0 0 0 0 0 0) - 0
#(0 0 0 0 0 0) - 0
#(0 0 0 0 0 0) - 0
#(0 0 0 0 0 0) - 0
#(0 0 0 0 0 0) - 0
#(0 0 0 0 0 0) - 0
#(0 0 0 0 0 0) - 0
#(0 0.017857144 0 0 0 0) - 1
#(0 0 0 0 0 0) - 0
#(0 0 0 0 0 0) - 0
#(0 0 0 0 0 0) - 0
#(0 0 0 0 0 0) - 0
#(0 0 0 0 0 0) - 0
#(0 0 0 0 0 0) - 0
#(0 0 0 0 0 0) - 0
#(0 0 0 0 0 0) - 0
#(0 0.017857144 0 0 0 0) - 1
#(0 0.017857144 0 0 0 0) - 1
#(0 0 0 0 0 0) - 0
#(0 0 0 0 0 0) - 0
#(0 0 0 0 0 0) - 0
#(0 0 0 0 0 0) - 0
#(0 0 0 0 0 0) - 0
#(0 0 0 0 0 0) - 0
#(0 0 0 0 0 0) - 0
#(0 0 0 0 0 0) - 0
#(0 0 0 0 0 0) - 0
#(0 0 0 0 0 0) - 0
#(0 0 0 0 0 0) - 0
#(0 0 0 0 0 0) - 0
#(0 0 0 0 0 0) - 0
#(0 0 0 0 0 0) - 0
#(0 0 0 0 0 0) - 0
#(0 0 0 0 0 0) - 0
#(0 0 0 0 0 0) - 0
#(0 0 0 0 0 0) - 0
#(0 0 0 0 0 0) - 0
#(0 0 0 0 0 0) - 0
#(0 0 0 0 0 0) - 0
#(0 0 0 0 0 0) - 0
#(0 0 0 0 0 0) - 0
#(0 0 0 0 0 0) - 0
#(0 0 0 0 0 0) - 0
#(0 0 0 0 0 0) - 0
#(0 0 0 0 0 0) - 0
#(0 0 0 0 0 0) - 0
#(0 0 0 0 0 0) - 0
#(0 0 0 0 0 0) - 0
#(0 0 0 0 0 0) - 0
#(0 0 0 0 0 0) - 0
#(0 0 0 0 0 0) - 0
#(0 0 0 0 0 0) - 0
#(0 0 0 0 0 0) - 0
#(0 0 0 0 0 0) - 0
#(0 0 0 0 0 0) - 0
#(0 0 0 0 0 0) - 0
#(0 0 0 0 0 0) - 0
#(0 0 0 0 0 0) - 0
#(0 0 0 0 0 0) - 0
#(0 0 0 0 0 0) - 0
#(0 0 0 0 0 0) - 0
#(0 0 0 0 0 0) - 0
#(0 0 0 0 0 0) - 0
#(0 0 0 0 0 0) - 0
#(0 0 0 0 0 0) - 0
#(0 0 0 0 0 0) - 0
#(0 0.017857144 0 0 0 0) - 1
#(0 0 0 0 0 0) - 0
#(0 0 0 0 0 0) - 0
#(0 0 0 0 0 0) - 0
#(0 0 0 0 0 0) - 0
#(0 0 0 0 0 0) - 0
#(0 0 0 0 0 0) - 0
#(0 0 0 0 0 0) - 0
#(0 0 0 0 0 0) - 0
#(0 0 0 0 0 0) - 0
#(0 0 0 0 0 0) - 0
#(0 0 0 0 0 0) - 0
#(0 0 0 0 0 0) - 0
#(0 0 0 0 0 0) - 0
#(0 0 0 0 0 0) - 0
#(0 0 0 0 0 0) - 0
#(0 0 0 0 0 0) - 0
#(0 0 0 0 0 0) - 0
#(0 0 0 0 0 0) - 0
#(0 0 0 0 0 0) - 0
#(0 0 0 0 0 0) - 0
#(0 0 0 0 0 0) - 0
#(0 0.017857144 0 0 0 0) - 1
#(0 0 0 0 0 0) - 0
#(0 0 0 0 0 0) - 0
#(0 0 0 0 0 0) - 0
#(0 0 0 0 0 0) - 0
#(0 0 0 0 0 0) - 0
#(0 0 0 0 0 0) - 0
#(0 0 0 0 0 0) - 0
#(0 0 0 0 0 0) - 0
#(0 0 0 0 0 0) - 0
#(0 0 0 0 0 0) - 0
#(0 0 0 0 0 0) - 0
#(0 0 0 0 0 0) - 0
#(0 0 0 0 0 0) - 0
#(0 0 0 0 0 0) - 0
#(0 0 0 0 0 0) - 0
#(0 0 0 0 0 0) - 0
#(0 0 0 0 0 0) - 0
#(0 0 0 0 0 0) - 0
#(0 0 0 0 0 0) - 0
#(0 0 0 0 0 0) - 0
#(0 0 0 0 0 0) - 0
#(0 0 0 0 0 0) - 0
#(0 0 0 0 0 0) - 0
#(0 0 0 0 0 0) - 0
#(0 0 0 0 0 0) - 0
#(0 0 0 0 0 0) - 0
#(0 0 0 0 0 0) - 0
#(0 0 0 0 0 0) - 0
#(0 0 0 0 0 0) - 0
#(0 0 0 0 0 0) - 0
#(0 0 0 0 0 0) - 0
#(0 0 0 0 0 0) - 0
#(0 0 0 0 0 0) - 0
#(0 0 0 0 0 0) - 0
#(0 0 0 0 0 0) - 0
#(0 0 0 0 0 0) - 0
#(0 0 0 0 0 0) - 0
#(0 0 0 0 0 0) - 0
#(0 0 0 0 0 0) - 0
#(0 0 0 0 0 0) - 0
#(0 0 0 0 0 0) - 0
#(0 0 0 0 0 0) - 0
#(0 0 0 0 0 0) - 0
#(0 0 0 0 0 0) - 0
#(0 0 0 0 0 0) - 0
#(0 0 0 0 0 0) - 0
#(0 0 0 0 0 0) - 0
#(0 0 0 0 0 0) - 0
#(0 0 0 0 0 0) - 0
#(0 0 0 0 0 0) - 0
#(0 0 0 0 0 0) - 0
#(0 0 0 0 0 0) - 0
#(0 0 0 0 0 0) - 0
#(0 0 0 0 0 0) - 0
#(0 0 0 0 0 0) - 0
#(0 0 0 0 0 0) - 0
#(0 0 0 0 0 0) - 0
#(0 0 0 0 0 0) - 0
#(0 0 0 0 0 0) - 0
#(0 0 0 0 0 0) - 0
#(0 0 0 0 0 0) - 0
#(0 0 0 0 0 0) - 0
#(0 0 0 0 0 0) - 0
#(0 0 0 0 0 0) - 0
#(0 0 0 0 0 0) - 0
#(0 0.017857144 0 0 0 0) - 1
#(0 0.017857144 0 0 0 0) - 1
#(0 0 0 0 0 0) - 0
#(0 0 0 0 0 0) - 0
#(0 0 0 0 0 0) - 0
#(0 0 0 0 0 0) - 0
#(0 0 0 0 0 0) - 0
#(0 0 0 0 0 0) - 0
#(0 0 0 0 0 0) - 0
#(0 0 0 0 0 0) - 0
#(0 0 0 0 0 0) - 0
#(0 0 0 0 0 0) - 0
#(0 0 0 0 0 0) - 0
#(0 0 0 0 0 0) - 0
#(0 0 0 0 0 0) - 0
#(0 0 0 0 0 0) - 0
#(0 0 0 0 0 0) - 0
#(0 0 0 0 0 0) - 0
#(0 0 0 0 0 0) - 0
#(0 0 0 0 0 0) - 0
#(0 0 0 0 0 0) - 0
#(0 0 0 0 0 0) - 0
#(0 0 0 0 0 0) - 0
#(0 0 0 0 0 0) - 0
#(0 0 0 0 0 0) - 0
#(0 0 0 0 0 0) - 0
#(0 0 0 0 0 0) - 0
#(0 0 0 0 0 0) - 0
#(0 0 0 0 0 0) - 0
#(0 0 0 0 0 0) - 0
#(0 0 0 0 0 0) - 0
#(0 0 0 0 0 0) - 0
#(0 0 0 0 0 0) - 0
#(0 0 0 0 0 0) - 0
#(0 0 0 0 0 0) - 0
#(0 0 0 0 0 0) - 0
#(0 0 0 0 0 0) - 0
#(0 0 0 0 0 0) - 0
#(0 0 0 0 0 0) - 0
#(0 0 0 0 0 0) - 0
#(0 0 0 0 0 0) - 0
#(0 0 0 0 0 0) - 0
#(0 0 0 0 0 0) - 0
#(0 0 0 0 0 0) - 0
#(0 0 0 0 0 0) - 0
#(0 0 0 0 0 0) - 0
#(0 0 0 0 0 0) - 0
#(0 0 0 0 0 0) - 0
#(0 0 0 0 0 0) - 0
#(0 0 0 0 0 0) - 0
#(0 0 0 0 0 0) - 0
#(0 0 0 0 0 0) - 0
#(0 0 0 0 0 0) - 0
#(0 0 0 0 0 0) - 0
#(0 0 0 0 0 0) - 0
#(0 0 0 0 0 0) - 0
#(0 0 0 0 0 0) - 0
#(0 0 0 0 0 0) - 0
#(0 0 0 0 0 0) - 0
#(0 0 0 0 0 0) - 0
#(0 0 0 0 0 0) - 0
#(0 0 0 0 0 0) - 0
#(0 0 0 0 0 0) - 0
#(0 0 0 0 0 0) - 0
#(0 0 0 0 0 0) - 0
#(0 0 0 0 0 0) - 0
#(0 0 0 0 0 0) - 0
#(0 0 0 0 0 0) - 0
#(0 0 0 0 0 0) - 0
#(0 0 0 0 0 0) - 0
#(0 0 0 0 0 0) - 0
#(0 0 0 0 0 0) - 0
#(0 0 0 0 0 0) - 0
#(0 0 0 0 0 0) - 0
#(0 0 0 0 0 0) - 0
#(0 0 0 0 0 0) - 0
#(0 0 0 0 0 0) - 0
#(0 0 0 0 0 0) - 0
#(0 0 0 0 0 0) - 0
#(0 0 0 0 0 0) - 0
#(0 0 0 0 0 0) - 0
#(0 0 0 0 0 0) - 0
#(0 0 0 0 0 0) - 0
#(0 0 0 0 0 0) - 0
#(0 0 0 0 0 0) - 0
#(0 0 0 0 0 0) - 0
#(0 0 0 0 0 0) - 0
#(0 0 0 0 0 0) - 0
#(0 0 0 0 0 0) - 0
#(0 0 0 0 0 0) - 0
#(0 0 0 0 0 0) - 0
#(0 0 0 0 0 0) - 0
#(0 0 0 0 0 0) - 0
#(0 0 0 0 0 0) - 0
#(0 0 0 0 0 0) - 0
#(0 0 0 0 0 0) - 0
#(0 0 0 0 0 0) - 0
#(0 0 0 0 0 0) - 0
#(0 0 0 0 0 0) - 0
#(0 0 0 0 0 0) - 0
#(0 0 0 0 0 0) - 0
#(0 0 0 0 0 0) - 0
#(0 0 0 0 0 0) - 0
#(0 0 0 0 0 0) - 0
#(0 0 0 0 0 0) - 0
#(0 0 0 0 0 0) - 0
#(0 0 0 0 0 0) - 0
#(0 0 0 0 0 0) - 0
#(0 0.017857144 0 0 0 0) - 1
#(0 0 0 0 0 0) - 0
#(0 0 0 0 0 0) - 0
#(0 0 0 0 0 0) - 0
#(0 0 0 0 0 0) - 0
#(0 0 0 0 0 0) - 0
#(0 0 0 0 0 0) - 0
#(0 0 0 0 0 0) - 0
#(0 0 0 0 0 0) - 0
#(0 0 0 0 0 0) - 0
#(0 0 0 0 0 0) - 0
#(0 0 0 0 0 0) - 0
#(0 0 0 0 0 0) - 0
#(0 0 0 0 0 0) - 0
#(0 0 0 0 0 0) - 0
#(0 0 0 0 0 0) - 0
#(0 0 0 0 0 0) - 0
#(0 0 0 0 0 0) - 0
#(0 0 0 0 0 0) - 0
#(0 0 0 0 0 0) - 0
#(0 0 0 0 0 0) - 0
#(0 0 0 0 0 0) - 0
#(0 0 0 0 0 0) - 0
#(0 0.017857144 0 0 0 0) - 1
#(0 0 0 0 0 0) - 0
#(0 0 0 0 0 0) - 0
#(0 0.017857144 0 0 0 0) - 1
#(0 0 0 0 0 0) - 0
#(0 0 0 0 0 0) - 0
#(0 0 0 0 0 0) - 0
#(0 0 0 0 0 0) - 0
#(0 0.017857144 0 0 0 0) - 1
#(0 0 0 0 0 0) - 0
#(0 0 0 0 0 0) - 0
#(0 0 0 0 0 0) - 0
#(0 0 0 0 0 0) - 0
#(0 0 0 0 0 0) - 0
#(0 0.017857144 0 0 0 0) - 1
#(0 0.017857144 0 0 0 0) - 1
#(0 0 0 0 0 0) - 0
#(0 0.017857144 0 0 0 0) - 1
#(0 0 0 0 0 0) - 0
#(0 0 0 0 0 0) - 0
#(0 0.30357143 0 0 0 0) - 1
#(0 0.25 0 0 0 0) - 1
#(0 0.30357143 0 0 0 0) - 1
#(0 0.26785713 0 0 0 0) - 1
#(0 0.26785713 0 0 0 0) - 1
#(0 0.21428572 0 0 0 0) - 1
#(0 0.25 0 0 0 0) - 1
#(0 0.23214285 0 0 0 0) - 1
#(0 0.26785713 0 0 0 0) - 1
#(0 0.25 0 0 0 0) - 1
#(0 0.21428572 0 0 0 0) - 1
#(0 0.25 0 0 0 0) - 1
#(0 0.17857143 0 0 0 0) - 1
#(0 0.17857143 0 0 0 0) - 1
#(0 0.19642857 0 0 0 0) - 1
#(0 0.16071428 0 0 0 0) - 1
#(0 0.21428572 0 0 0 0) - 1
#(0 0.19642857 0 0 0 0) - 1
#(0 0.23214285 0 0 0 0) - 1
#(0 0.19642857 0 0 0 0) - 1
#(0 0.23214285 0 0 0 0) - 1
#(0 0.19642857 0 0 0 0) - 1
#(0 0.26785713 0 0 0 0) - 1
#(0 0.23214285 0 0 0 0) - 1
#(0 0.2857143 0 0 0 0) - 1
#(0 0.30357143 0 0 0 0) - 1
#(0 0.26785713 0 0 0 0) - 1
#(0 0.2857143 0 0 0 0) - 1
#(0 0.26785713 0 0 0 0) - 1
#(0 0.2857143 0 0 0 0) - 1
#(0 0.25 0 0 0 0) - 1
#(0 0.21428572 0 0 0 0) - 1
#(0 0.26785713 0 0 0 0) - 1
#(0 0.23214285 0 0 0 0) - 1
#(0 0.26785713 0 0 0 0) - 1
#(0 0.21428572 0 0 0 0) - 1
#(0 0.2857143 0 0 0 0) - 1
#(0 0.2857143 0 0 0 0) - 1
#(0 0.26785713 0 0 0 0) - 1
#(0 0.19642857 0 0 0 0) - 1
#(0 0.23214285 0 0 0 0) - 1
#(0 0.23214285 0 0 0 0) - 1
#(0 0.30357143 0 0 0 0) - 1
#(0 0.21428572 0 0 0 0) - 1
#(0 0.2857143 0 0 0 0) - 1
#(0 0.25 0 0 0 0) - 1
#(0 0.2857143 0 0 0 0) - 1
#(0 0.26785713 0 0 0 0) - 1
#(0 0.23214285 0 0 0 0) - 1
#(0 0.21428572 0 0 0 0) - 1
#(0 0.19642857 0 0 0 0) - 1
#(0 0.21428572 0 0 0 0) - 1
#(0 0.2857143 0 0 0 0) - 1
#(0 0.2857143 0 0 0 0) - 1
#(0 0.19642857 0 0 0 0) - 1
#(0 0.26785713 0 0 0 0) - 1
#(0 0.17857143 0 0 0 0) - 1
#(0 0.25 0 0 0 0) - 1
#(0 0.25 0 0 0 0) - 1
#(0 0.21428572 0 0 0 0) - 1
#(0 0.25 0 0 0 0) - 1
#(0 0.26785713 0 0 0 0) - 1
#(0 0.26785713 0 0 0 0) - 1
#(0 0.17857143 0 0 0 0) - 1
#(0 0 0 0 0 0) - 0
#(0 0 0 0 0 0) - 0
#(0 0 0 0 0 0) - 0
#(0 0 0 0 0 0) - 0
#(0 0 0 0 0 0) - 0
#(0 0 0 0 0 0) - 0
#(0 0 0 0 0 0) - 0
#(0 0 0 0 0 0) - 0
#(0 0 0 0 0 0) - 0
#(0 0 0 0 0 0) - 0
#(0 0 0 0 0 0) - 0
#(0 0 0 0 0 0) - 0
#(0 0 0 0 0 0) - 0
#(0 0 0 0 0 0) - 0
#(0 0 0 0 0 0) - 0
#(0 0 0 0 0 0) - 0
#(0 0 0 0 0 0) - 0
#(0 0 0 0 0 0) - 0
#(0 0 0 0 0 0) - 0
#(0 0 0 0 0 0) - 0
#(0 0 0 0 0 0) - 0
#(0 0 0 0 0 0) - 0
#(0 0 0 0 0 0) - 0
#(0 0 0 0 0 0) - 0
#(0 0 0 0 0 0) - 0
#(0 0 0 0 0 0) - 0
#(0 0 0 0 0 0) - 0
#(0 0 0 0 0 0) - 0
#(0 0 0 0 0 0) - 0
#(0 0 0 0 0 0) - 0
#(0 0 0 0 0 0) - 0
#(0 0 0 0 0 0) - 0
#(0 0 0 0 0 0) - 0
#(0 0 0 0 0 0) - 0
#(0 0 0 0 0 0) - 0
#(0 0 0 0 0 0) - 0
#(0 0 0 0 0 0) - 0
#(0 0 0 0 0 0) - 0
#(0 0 0 0 0 0) - 0
#(0 0 0 0 0 0) - 0
#(0 0 0 0 0 0) - 0
#(0 0 0 0 0 0) - 0
#(0 0 0 0 0 0) - 0
#(0 0 0 0 0 0) - 0
#(0 0 0 0 0 0) - 0
#(0 0 0 0 0 0) - 0
#(0 0 0 0 0 0) - 0
#(0 0.017857144 0 0 0 0) - 1
#(0 0 0 0 0 0) - 0
#(0 0 0 0 0 0) - 0
#(0 0 0 0 0 0) - 0
#(0 0 0 0 0 0) - 0
#(0 0 0 0 0 0) - 0
#(0 0 0 0 0 0) - 0
#(0 0 0 0 0 0) - 0
#(0 0 0 0 0 0) - 0
#(0 0 0 0 0 0) - 0
#(0 0 0 0 0 0) - 0
#(0 0 0 0 0 0) - 0
#(0 0 0 0 0 0) - 0
#(0 0 0 0 0 0) - 0
#(0 0 0 0 0 0) - 0
#(0 0 0 0 0 0) - 0
#(0 0 0 0 0 0) - 0
#(0 0 0 0 0 0) - 0
#(0 0 0 0 0 0) - 0
#(0 0 0 0 0 0) - 0
#(0 0 0 0 0 0) - 0
#(0 0 0 0 0 0) - 0
#(0 0 0 0 0 0) - 0
#(0 0 0 0 0 0) - 0
#(0 0 0 0 0 0) - 0
#(0 0 0 0 0 0) - 0
#(0 0 0 0 0 0) - 0
#(0 0 0 0 0 0) - 0
#(0 0 0 0 0 0) - 0
#(0 0 0 0 0 0) - 0
#(0 0 0 0 0 0) - 0
#(0 0 0 0 0 0) - 0
#(0 0 0 0 0 0) - 0
#(0 0 0 0 0 0) - 0
#(0 0 0 0 0 0) - 0
#(0 0 0 0 0 0) - 0
#(0 0 0 0 0 0) - 0
#(0 0 0 0 0 0) - 0
#(0 0 0 0 0 0) - 0
#(0 0 0 0 0 0) - 0
#(0 0 0 0 0 0) - 0
#(0 0 0 0 0 0) - 0
#(0 0 0 0 0 0) - 0
#(0 0 0 0 0 0) - 0
#(0 0 0 0 0 0) - 0
#(0 0 0 0 0 0) - 0
#(0 0 0 0 0 0) - 0
#(0 0 0 0 0 0) - 0
#(0 0 0 0 0 0) - 0
#(0 0 0 0 0 0) - 0
#(0 0 0 0 0 0) - 0
#(0 0 0 0 0 0) - 0
#(0 0 0 0 0 0) - 0
#(0 0 0 0 0 0) - 0
#(0 0 0 0 0 0) - 0
#(0 0 0 0 0 0) - 0
#(0 0 0 0 0 0) - 0
#(0 0 0 0 0 0) - 0
#(0 0 0 0 0 0) - 0
#(0 0 0 0 0 0) - 0
#(0 0 0 0 0 0) - 0
#(0 0 0 0 0 0) - 0
#(0 0 0 0 0 0) - 0
#(0 0 0 0 0 0) - 0
#(0 0 0 0 0 0) - 0
#(0 0 0 0 0 0) - 0
#(0 0 0 0 0 0) - 0
#(0 0 0 0 0 0) - 0
#(0 0 0 0 0 0) - 0
#(0 0 0 0 0 0) - 0
#(0 0 0 0 0 0) - 0
#(0 0 0 0 0 0) - 0
#(0 0 0 0 0 0) - 0
#(0 0 0 0 0 0) - 0
#(0 0.017857144 0 0 0 0) - 1
#(0 0 0 0 0 0) - 0
#(0 0 0 0 0 0) - 0
#(0 0 0 0 0 0) - 0
#(0 0 0 0 0 0) - 0
#(0 0 0 0 0 0) - 0
#(0 0 0 0 0 0) - 0
#(0 0 0 0 0 0) - 0
#(0 0 0 0 0 0) - 0
#(0 0 0 0 0 0) - 0
#(0 0 0 0 0 0) - 0
#(0 0 0 0 0 0) - 0
#(0 0 0 0 0 0) - 0
#(0 0 0 0 0 0) - 0
#(0 0 0 0 0 0) - 0
#(0 0 0 0 0 0) - 0
#(0 0 0 0 0 0) - 0
#(0 0.017857144 0 0 0 0) - 1
#(0 0 0 0 0 0) - 0
#(0 0 0 0 0 0) - 0
#(0 0 0 0 0 0) - 0
#(0 0 0 0 0 0) - 0
#(0 0 0 0 0 0) - 0
#(0 0 0 0 0 0) - 0
#(0 0 0 0 0 0) - 0
#(0 0 0 0 0 0) - 0
#(0 0 0 0 0 0) - 0
#(0 0 0 0 0 0) - 0
#(0 0 0 0 0 0) - 0
#(0 0 0 0 0 0) - 0
#(0 0 0 0 0 0) - 0
#(0 0 0 0 0 0) - 0
#(0 0 0 0 0 0) - 0
#(0 0 0 0 0 0) - 0
#(0 0 0 0 0 0) - 0
#(0 0 0 0 0 0) - 0
#(0 0 0 0 0 0) - 0
#(0 0 0 0 0 0) - 0
#(0 0 0 0 0 0) - 0
#(0 0 0 0 0 0) - 0
#(0 0 0 0 0 0) - 0
#(0 0 0 0 0 0) - 0
#(0 0 0 0 0 0) - 0
#(0 0 0 0 0 0) - 0
#(0 0 0 0 0 0) - 0
#(0 0 0 0 0 0) - 0
#(0 0 0 0 0 0) - 0
#(0 0 0 0 0 0) - 0
#(0 0 0 0 0 0) - 0
#(0 0 0 0 0 0) - 0
#(0 0 0 0 0 0) - 0
#(0 0 0 0 0 0) - 0
#(0 0 0 0 0 0) - 0
#(0 0 0 0 0 0) - 0
#(0 0 0 0 0 0) - 0
#(0 0 0 0 0 0) - 0
#(0 0 0 0 0 0) - 0
#(0 0 0 0 0 0) - 0
#(0 0 0 0 0 0) - 0
#(0 0 0 0 0 0) - 0
#(0 0.017857144 0 0 0 0) - 1
#(0 0.017857144 0 0 0 0) - 1
#(0 0 0 0 0 0) - 0
#(0 0 0 0 0 0) - 0
#(0 0 0 0 0 0) - 0
#(0 0 0 0 0 0) - 0
#(0 0 0 0 0 0) - 0
#(0 0 0 0 0 0) - 0
#(0 0 0 0 0 0) - 0
#(0 0 0 0 0 0) - 0
#(0 0 0 0 0 0) - 0
#(0 0 0 0 0 0) - 0
#(0 0 0 0 0 0) - 0
#(0 0 0 0 0 0) - 0
#(0 0 0 0 0 0) - 0
#(0 0 0 0 0 0) - 0
#(0 0 0 0 0 0) - 0
#(0 0 0 0 0 0) - 0
#(0 0 0 0 0 0) - 0
#(0 0 0 0 0 0) - 0
#(0 0 0 0 0 0) - 0
#(0 0 0 0 0 0) - 0
#(0 0 0 0 0 0) - 0
#(0 0 0 0 0 0) - 0
#(0 0.017857144 0 0 0 0) - 1
#(0 0 0 0 0 0) - 0
#(0 0 0 0 0 0) - 0
#(0 0 0 0 0 0) - 0
#(0 0.017857144 0 0 0 0) - 1
#(0 0 0 0 0 0) - 0
#(0 0 0 0 0 0) - 0
#(0 0 0 0 0 0) - 0
#(0 0 0 0 0 0) - 0
#(0 0 0 0 0 0) - 0
#(0 0 0 0 0 0) - 0
#(0 0 0 0 0 0) - 0
#(0 0 0 0 0 0) - 0
#(0 0 0 0 0 0) - 0
#(0 0 0 0 0 0) - 0
#(0 0 0 0 0 0) - 0
#(0 0 0 0 0 0) - 0
#(0 0 0 0 0 0) - 0
#(0 0 0 0 0 0) - 0
#(0 0.05357143 0 0 0 0) - 1
#(0 0.08928572 0 0 0 0) - 1
#(0 0.05357143 0 0 0 0) - 1
#(0 0.10714286 0 0 0 0) - 1
#(0 0.071428575 0 0 0 0) - 1
#(0 0.08928572 0 0 0 0) - 1
#(0 0.08928572 0 0 0 0) - 1
#(0 0.05357143 0 0 0 0) - 1
#(0 0.10714286 0 0 0 0) - 1
#(0 0.08928572 0 0 0 0) - 1
#(0 0.08928572 0 0 0 0) - 1
#(0 0.071428575 0 0 0 0) - 1
#(0 0.10714286 0 0 0 0) - 1
#(0 0.125 0 0 0 0) - 1
#(0 0.10714286 0 0 0 0) - 1
#(0 0.10714286 0 0 0 0) - 1
#(0 0.08928572 0 0 0 0) - 1
#(0 0.10714286 0 0 0 0) - 1
#(0 0.08928572 0 0 0 0) - 1
#(0 0.10714286 0 0 0 0) - 1
#(0 0.10714286 0 0 0 0) - 1
#(0 0.125 0 0 0 0) - 1
#(0 0.10714286 0 0 0 0) - 1
#(0 0.125 0 0 0 0) - 1
#(0 0.10714286 0 0 0 0) - 1
#(0 0.071428575 0 0 0 0) - 1
#(0 0.21428572 0 0 0 0) - 1
#(0 0.23214285 0 0 0 0) - 1
#(0 0.23214285 0 0 0 0) - 1
#(0 0.25 0 0 0 0) - 1
#(0 0.21428572 0 0 0 0) - 1
#(0 0.2857143 0 0 0 0) - 1
#(0 0.19642857 0 0 0 0) - 1
#(0 0.23214285 0 0 0 0) - 1
#(0 0.17857143 0 0 0 0) - 1
#(0 0.25 0 0 0 0) - 1
#(0 0.23214285 0 0 0 0) - 1
#(0 0.23214285 0 0 0 0) - 1
#(0 0.2857143 0 0 0 0) - 1
#(0 0.19642857 0 0 0 0) - 1
#(0 0.21428572 0 0 0 0) - 1
#(0 0.17857143 0 0 0 0) - 1
#(0 0.23214285 0 0 0 0) - 1
#(0 0.19642857 0 0 0 0) - 1
#(0 0.17857143 0 0 0 0) - 1
#(0 0.16071428 0 0 0 0) - 1
#(0 0.26785713 0 0 0 0) - 1
#(0 0.26785713 0 0 0 0) - 1
#(0 0.23214285 0 0 0 0) - 1
#(0 0.23214285 0 0 0 0) - 1
#(0 0.14285715 0 0 0 0) - 1
#(0 0.19642857 0 0 0 0) - 1
#(0 0.21428572 0 0 0 0) - 1
#(0 0.25 0 0 0 0) - 1
#(0 0.25 0 0 0 0) - 1
#(0 0.25 0 0 0 0) - 1
#(0 0.26785713 0 0 0 0) - 1
#(0 0.26785713 0 0 0 0) - 1
#(0 0.25 0 0 0 0) - 1
#(0 0.26785713 0 0 0 0) - 1
#(0 0.17857143 0 0 0 0) - 1
#(0 0 0 0 0 0) - 0
#(0 0 0 0 0 0) - 0
#(0 0 0 0 0 0) - 0
#(0 0.017857144 0 0 0 0) - 1
#(0 0 0 0 0 0) - 0
#(0 0 0 0 0 0) - 0
#(0 0 0 0 0 0) - 0
#(0 0 0 0 0 0) - 0
#(0 0.017857144 0 0 0 0) - 1
#(0 0 0 0 0 0) - 0
#(0 0 0 0 0 0) - 0
#(0 0 0 0 0 0) - 0
#(0 0 0 0 0 0) - 0
#(0 0 0 0 0 0) - 0
#(0 0.017857144 0 0 0 0) - 1
#(0 0.017857144 0 0 0 0) - 1
#(0 0 0 0 0 0) - 0
#(0 0 0 0 0 0) - 0
#(0 0 0 0 0 0) - 0
#(0 0 0 0 0 0) - 0
#(0 0 0 0 0 0) - 0
#(0 0 0 0 0 0) - 0
#(0 0 0 0 0 0) - 0
#(0 0 0 0 0 0) - 0
#(0 0 0 0 0 0) - 0
#(0 0 0 0 0 0) - 0
#(0 0 0 0 0 0) - 0
#(0 0.017857144 0 0 0 0) - 1
#(0 0 0 0 0 0) - 0
#(0 0 0 0 0 0) - 0
#(0 0 0 0 0 0) - 0
#(0 0 0 0 0 0) - 0
#(0 0 0 0 0 0) - 0
#(0 0 0 0 0 0) - 0
#(0 0 0 0 0 0) - 0
#(0 0 0 0 0 0) - 0
#(0 0.017857144 0 0 0 0) - 1
#(0 0 0 0 0 0) - 0
#(0 0 0 0 0 0) - 0
#(0 0 0 0 0 0) - 0
#(0 0 0 0 0 0) - 0
#(0 0 0 0 0 0) - 0
#(0 0 0 0 0 0) - 0
#(0 0 0 0 0 0) - 0
#(0 0 0 0 0 0) - 0
#(0 0 0 0 0 0) - 0
#(0 0 0 0 0 0) - 0
#(0 0.017857144 0 0 0 0) - 1
#(0 0.017857144 0 0 0 0) - 1
#(0 0.017857144 0 0 0 0) - 1
#(0 0 0 0 0 0) - 0
#(0 0 0 0 0 0) - 0
#(0 0 0 0 0 0) - 0
#(0 0 0 0 0 0) - 0
#(0 0 0 0 0 0) - 0
#(0 0 0 0 0 0) - 0
#(0 0 0 0 0 0) - 0
#(0 0 0 0 0 0) - 0
#(0 0.017857144 0 0 0 0) - 1
#(0 0 0 0 0 0) - 0
#(0 0.017857144 0 0 0 0) - 1
#(0 0.035714287 0 0 0 0) - 1
#(0 0.017857144 0 0 0 0) - 1
#(0 0.035714287 0 0 0 0) - 1
#(0 0 0 0 0 0) - 0
#(0 0.035714287 0 0 0 0) - 1
#(0 0 0 0 0 0) - 0
#(0 0 0 0 0 0) - 0
#(0 0.17857143 0 0 0 0) - 1
#(0 0.10714286 0 0 0 0) - 1
#(0 0.17857143 0 0 0 0) - 1
#(0 0.125 0 0 0 0) - 1
#(0 0.21428572 0 0 0 0) - 1
#(0 0.125 0 0 0 0) - 1
#(0 0.14285715 0 0 0 0) - 1
#(0 0.17857143 0 0 0 0) - 1
#(0 0.16071428 0 0 0 0) - 1
#(0 0.14285715 0 0 0 0) - 1
#(0 0.17857143 0 0 0 0) - 1
#(0 0.16071428 0 0 0 0) - 1
#(0 0.17857143 0 0 0 0) - 1
#(0 0.14285715 0 0 0 0) - 1
#(0 0.17857143 0 0 0 0) - 1
#(0 0.125 0 0 0 0) - 1
#(0 0.19642857 0 0 0 0) - 1
#(0 0.16071428 0 0 0 0) - 1
#(0 0.17857143 0 0 0 0) - 1
#(0 0.14285715 0 0 0 0) - 1
#(0 0.16071428 0 0 0 0) - 1
#(0 0.16071428 0 0 0 0) - 1
#(0 0.10714286 0 0 0 0) - 1
#(0 0.19642857 0 0 0 0) - 1
#(0 0.16071428 0 0 0 0) - 1
#(0 0.16071428 0 0 0 0) - 1
#(0 0.19642857 0 0 0 0) - 1
#(0 0.17857143 0 0 0 0) - 1
#(0 0.19642857 0 0 0 0) - 1
#(0 0.14285715 0 0 0 0) - 1
#(0 0.17857143 0 0 0 0) - 1
#(0 0.17857143 0 0 0 0) - 1
#(0 0.125 0 0 0 0) - 1
#(0 0.125 0 0 0 0) - 1
#(0 0.16071428 0 0 0 0) - 1
#(0 0.14285715 0 0 0 0) - 1
#(0 0.14285715 0 0 0 0) - 1
#(0 0.21428572 0 0 0 0) - 1
#(0 0.125 0 0 0 0) - 1
#(0 0.125 0 0 0 0) - 1
#(0 0.21428572 0 0 0 0) - 1
#(0 0.21428572 0 0 0 0) - 1
#(0 0.08928572 0 0 0 0) - 1
#(0 0.19642857 0 0 0 0) - 1
#(0 0.14285715 0 0 0 0) - 1
#(0 0.19642857 0 0 0 0) - 1
#(0 0.17857143 0 0 0 0) - 1
#(0 0.17857143 0 0 0 0) - 1
#(0 0.125 0 0 0 0) - 1
#(0 0.125 0 0 0 0) - 1
#(0 0.23214285 0 0 0 0) - 1
#(0 0.17857143 0 0 0 0) - 1
#(0 0.19642857 0 0 0 0) - 1
#(0 0.17857143 0 0 0 0) - 1
#(0 0.17857143 0 0 0 0) - 1
#(0 0.19642857 0 0 0 0) - 1
#(0 0.125 0 0 0 0) - 1
#(0 0.10714286 0 0 0 0) - 1
#(0 0.16071428 0 0 0 0) - 1
#(0 0.14285715 0 0 0 0) - 1
#(0 0.19642857 0 0 0 0) - 1
#(0 0.16071428 0 0 0 0) - 1
#(0 0.035714287 0 0 0 0) - 1
#(0 0.035714287 0 0 0 0) - 1
#(0 0 0 0 0 0) - 0
#(0 0.017857144 0 0 0 0) - 1
#(0 0.017857144 0 0 0 0) - 1
#(0 0 0 0 0 0) - 0
#(0 0 0 0 0 0) - 0
#(0 0 0 0 0 0) - 0
#(0 0 0 0 0 0) - 0
#(0 0 0 0 0 0) - 0
#(0 0.017857144 0 0 0 0) - 1
#(0 0.017857144 0 0 0 0) - 1
#(0 0 0 0 0 0) - 0
#(0 0.017857144 0 0 0 0) - 1
#(0 0 0 0 0 0) - 0
#(0 0 0 0 0 0) - 0
#(0 0 0 0 0 0) - 0
#(0 0 0 0 0 0) - 0
#(0 0.017857144 0 0 0 0) - 1
#(0 0.017857144 0 0 0 0) - 1
#(0 0.035714287 0 0 0 0) - 1
#(0 0.017857144 0 0 0 0) - 1
#(0 0.017857144 0 0 0 0) - 1
#(0 0.017857144 0 0 0 0) - 1
#(0 0.035714287 0 0 0 0) - 1
#(0 0.035714287 0 0 0 0) - 1
#(0 0 0 0 0 0) - 0
#(0 0 0 0 0 0) - 0
#(0 0.035714287 0 0 0 0) - 1
#(0 0 0 0 0 0) - 0
#(0 0 0 0 0 0) - 0
#(0 0 0 0 0 0) - 0
#(0 0 0 0 0 0) - 0
#(0 0.035714287 0 0 0 0) - 1
#(0 0.017857144 0 0 0 0) - 1
#(0 0.017857144 0 0 0 0) - 1
#(0 0.017857144 0 0 0 0) - 1
#(0 0.017857144 0 0 0 0) - 1
#(0 0 0 0 0 0) - 0
#(0 0.017857144 0 0 0 0) - 1
#(0 0.035714287 0 0 0 0) - 1
#(0 0 0 0 0 0) - 0
#(0 0 0 0 0 0) - 0
#(0 0 0 0 0 0) - 0
#(0 0.017857144 0 0 0 0) - 1
#(0 0 0 0 0 0) - 0
#(0 0 0 0 0 0) - 0
#(0 0.017857144 0 0 0 0) - 1
#(0 0.017857144 0 0 0 0) - 1
#(0 0 0 0 0 0) - 0
#(0 0 0 0 0 0) - 0
#(0 0 0 0 0 0) - 0
#(0 0 0 0 0 0) - 0
#(0 0 0 0 0 0) - 0
#(0 0 0 0 0 0) - 0
#(0 0 0 0 0 0) - 0
#(0 0 0 0 0 0) - 0
#(0 0.017857144 0 0 0 0) - 1
#(0 0 0 0 0 0) - 0
#(0 0 0 0 0 0) - 0
#(0 0.017857144 0 0 0 0) - 1
#(0 0 0 0 0 0) - 0
#(0 0 0 0 0 0) - 0
#(0 0.035714287 0 0 0 0) - 1
#(0 0.035714287 0 0 0 0) - 1
#(0 0.017857144 0 0 0 0) - 1
#(0 0 0 0 0 0) - 0
#(0 0 0 0 0 0) - 0
#(0 0.017857144 0 0 0 0) - 1
#(0 0.017857144 0 0 0 0) - 1
#(0 0.017857144 0 0 0 0) - 1
#(0 0 0 0 0 0) - 0
#(0 0.017857144 0 0 0 0) - 1
#(0 0.035714287 0 0 0 0) - 1
#(0 0.035714287 0 0 0 0) - 1
#(0 0.017857144 0 0 0 0) - 1
#(0 0 0 0 0 0) - 0
#(0 0 0 0 0 0) - 0
#(0 0.017857144 0 0 0 0) - 1
#(0 0.017857144 0 0 0 0) - 1
#(0 0.017857144 0 0 0 0) - 1
#(0 0 0 0 0 0) - 0
#(0 0 0 0 0 0) - 0
#(0 0 0 0 0 0) - 0
#(0 0.035714287 0 0 0 0) - 1
#(0 0.035714287 0 0 0 0) - 1
#(0 0.017857144 0 0 0 0) - 1
#(0 0.017857144 0 0 0 0) - 1
#(0 0.017857144 0 0 0 0) - 1
#(0 0.017857144 0 0 0 0) - 1
#(0 0.017857144 0 0 0 0) - 1
#(0 0.035714287 0 0 0 0) - 1
#(0 0.017857144 0 0 0 0) - 1
#(0 0.017857144 0 0 0 0) - 1
#(0 0 0 0 0 0) - 0
#(0 0 0 0 0 0) - 0
#(0 0.017857144 0 0 0 0) - 1
#(0 0.017857144 0 0 0 0) - 1
#(0 0.017857144 0 0 0 0) - 1
#(0 0.017857144 0 0 0 0) - 1
#(0 0.017857144 0 0 0 0) - 1
#(0 0 0 0 0 0) - 0
#(0 0 0 0 0 0) - 0
#(0 0.017857144 0 0 0 0) - 1
#(0 0 0 0 0 0) - 0
#(0 0 0 0 0 0) - 0
#(0 0.017857144 0 0 0 0) - 1
#(0 0.017857144 0 0 0 0) - 1
#(0 0.017857144 0 0 0 0) - 1
#(0 0.017857144 0 0 0 0) - 1
#(0 0 0 0 0 0) - 0
#(0 0 0 0 0 0) - 0
#(0 0 0 0 0 0) - 0
#(0 0.035714287 0 0 0 0) - 1
#(0 0 0 0 0 0) - 0
#(0 0.035714287 0 0 0 0) - 1
#(0 0.017857144 0 0 0 0) - 1
#(0 0.017857144 0 0 0 0) - 1
#(0 0.035714287 0 0 0 0) - 1
#(0 0 0 0 0 0) - 0
#(0 0 0 0 0 0) - 0
#(0 0 0 0 0 0) - 0
#(0 0 0 0 0 0) - 0
#(0 0 0 0 0 0) - 0
#(0 0 0 0 0 0) - 0
#(0 0 0 0 0 0) - 0
#(0 0 0 0 0 0) - 0
#(0 0.017857144 0 0 0 0) - 1
#(0 0.017857144 0 0 0 0) - 1
#(0 0 0 0 0 0) - 0
#(0 0 0 0 0 0) - 0
#(0 0 0 0 0 0) - 0
#(0 0 0 0 0 0) - 0
#(0 0 0 0 0 0) - 0
#(0 0.017857144 0 0 0 0) - 1
#(0 0 0 0 0 0) - 0
#(0 0 0 0 0 0) - 0
#(0 0 0 0 0 0) - 0
#(0 0 0 0 0 0) - 0
#(0 0 0 0 0 0) - 0
#(0 0 0 0 0 0) - 0
#(0 0 0 0 0 0) - 0
#(0 0 0 0 0 0) - 0
#(0 0 0 0 0 0) - 0
#(0 0 0 0 0 0) - 0
#(0 0 0 0 0 0) - 0
#(0 0 0 0 0 0) - 0
#(0 0 0 0 0 0) - 0
#(0 0 0 0 0 0) - 0
#(0 0 0 0 0 0) - 0
#(0 0 0 0 0 0) - 0
#(0 0 0 0 0 0) - 0
#(0 0 0 0 0 0) - 0
#(0 0 0 0 0 0) - 0
#(0 0 0 0 0 0) - 0
#(0 0 0 0 0 0) - 0
#(0 0 0 0 0 0) - 0
#(0 0 0 0 0 0) - 0
#(0 0 0 0 0 0) - 0
#(0 0 0 0 0 0) - 0
#(0 0 0 0 0 0) - 0
#(0 0 0 0 0 0) - 0
#(0 0 0 0 0 0) - 0
#(0 0 0 0 0 0) - 0
#(0 0 0 0 0 0) - 0
#(0 0 0 0 0 0) - 0
#(0 0 0 0 0 0) - 0
#(0 0.017857144 0 0 0 0) - 1
#(0 0 0 0 0 0) - 0
#(0 0.017857144 0 0 0 0) - 1
#(0 0 0 0 0 0) - 0
#(0 0.017857144 0 0 0 0) - 1
#(0 0.05357143 0 0 0 0) - 1
#(0 0.017857144 0 0 0 0) - 1
#(0 0.017857144 0 0 0 0) - 1
#(0 0.035714287 0 0 0 0) - 1
#(0 0.017857144 0 0 0 0) - 1
#(0 0.017857144 0 0 0 0) - 1
#(0 0.035714287 0 0 0 0) - 1
#(0 0.035714287 0 0 0 0) - 1
#(0 0 0 0 0 0) - 0
#(0 0.017857144 0 0 0 0) - 1
#(0 0.017857144 0 0 0 0) - 1
#(0 0.017857144 0 0 0 0) - 1
#(0 0 0 0 0 0) - 0
#(0 0 0 0 0 0) - 0
#(0 0.017857144 0 0 0 0) - 1
#(0 0.017857144 0 0 0 0) - 1
#(0 0.017857144 0 0 0 0) - 1
#(0 0.017857144 0 0 0 0) - 1
#(0 0.017857144 0 0 0 0) - 1
#(0 0.017857144 0 0 0 0) - 1
#(0 0.017857144 0 0 0 0) - 1
#(0 0.017857144 0 0 0 0) - 1
#(0 0 0 0 0 0) - 0
#(0 0 0 0 0 0) - 0
#(0 0 0 0 0 0) - 0
#(0 0.017857144 0 0 0 0) - 1
#(0 0.035714287 0 0 0 0) - 1
#(0 0.017857144 0 0 0 0) - 1
#(0 0.017857144 0 0 0 0) - 1
#(0 0.035714287 0 0 0 0) - 1
#(0 0 0 0 0 0) - 0
#(0 0 0 0 0 0) - 0
#(0 0 0 0 0 0) - 0
#(0 0.035714287 0 0 0 0) - 1
#(0 0.035714287 0 0 0 0) - 1
#(0 0.035714287 0 0 0 0) - 1
#(0 0.035714287 0 0 0 0) - 1
#(0 0.035714287 0 0 0 0) - 1
#(0 0.035714287 0 0 0 0) - 1
#(0 0 0 0 0 0) - 0
#(0 0.017857144 0 0 0 0) - 1
#(0 0.017857144 0 0 0 0) - 1
#(0 0.017857144 0 0 0 0) - 1
#(0 0 0 0 0 0) - 0
#(0 0 0 0 0 0) - 0
#(0 0 0 0 0 0) - 0
#(0 0 0 0 0 0) - 0
#(0 0 0 0 0 0) - 0
#(0 0.035714287 0 0 0 0) - 1
#(0 0.017857144 0 0 0 0) - 1
#(0 0 0 0 0 0) - 0
#(0 0 0 0 0 0) - 0
#(0 0.017857144 0 0 0 0) - 1
#(0 0 0 0 0 0) - 0
#(0 0 0 0 0 0) - 0
#(0 0.017857144 0 0 0 0) - 1
#(0 0.017857144 0 0 0 0) - 1
#(0 0.017857144 0 0 0 0) - 1
#(0 0.05357143 0 0 0 0) - 1
#(0 0.017857144 0 0 0 0) - 1
#(0 0.017857144 0 0 0 0) - 1
#(0 0.035714287 0 0 0 0) - 1
#(0 0.017857144 0 0 0 0) - 1
#(0 0 0 0 0 0) - 0
#(0 0 0 0 0 0) - 0
#(0 0 0 0 0 0) - 0
#(0 0.035714287 0 0 0 0) - 1
#(0 0.017857144 0 0 0 0) - 1
#(0 0 0 0 0 0) - 0
#(0 0.017857144 0 0 0 0) - 1
#(0 0.017857144 0 0 0 0) - 1
#(0 0.017857144 0 0 0 0) - 1
#(0 0.035714287 0 0 0 0) - 1
#(0 0.035714287 0 0 0 0) - 1
#(0 0.017857144 0 0 0 0) - 1
#(0 0 0 0 0 0) - 0
#(0 0 0 0 0 0) - 0
#(0 0 0 0 0 0) - 0
#(0 0 0 0 0 0) - 0
#(0 0 0 0 0 0) - 0
#(0 0 0 0 0 0) - 0
#(0 0 0 0 0 0) - 0
#(0 0 0 0 0 0) - 0
#(0 0 0 0 0 0) - 0
#(0 0 0 0 0 0) - 0
#(0 0 0 0 0 0) - 0
#(0 0 0 0 0 0) - 0
#(0 0 0 0 0 0) - 0
#(0 0 0 0 0 0) - 0
#(0 0 0 0 0 0) - 0
#(0 0 0 0 0 0) - 0
#(0 0 0 0 0 0) - 0
#(0 0 0 0 0 0) - 0
#(0 0 0 0 0 0) - 0
#(0 0.017857144 0 0 0 0) - 1
#(0 0 0 0 0 0) - 0
#(0 0.017857144 0 0 0 0) - 1
#(0 0 0 0 0 0) - 0
#(0 0 0 0 0 0) - 0
#(0 0 0 0 0 0) - 0
#(0 0.017857144 0 0 0 0) - 1
#(0 0 0 0 0 0) - 0
#(0 0.017857144 0 0 0 0) - 1
#(0 0 0 0 0 0) - 0
#(0 0 0 0 0 0) - 0
#(0 0 0 0 0 0) - 0
#(0 0.017857144 0 0 0 0) - 1
#(0 0 0 0 0 0) - 0
#(0 0.017857144 0 0 0 0) - 1
#(0 0 0 0 0 0) - 0
#(0 0 0 0 0 0) - 0
#(0 0 0 0 0 0) - 0
#(0 0 0 0 0 0) - 0
#(0 0 0 0 0 0) - 0
#(0 0 0 0 0 0) - 0
#(0 0 0 0 0 0) - 0
#(0 0 0 0 0 0) - 0
#(0 0 0 0 0 0) - 0
#(0 0 0 0 0 0) - 0
#(0 0 0 0 0 0) - 0
#(0 0 0 0 0 0) - 0
#(0 0 0 0 0 0) - 0
#(0 0 0 0 0 0) - 0
#(0 0 0 0 0 0) - 0
#(0 0 0 0 0 0) - 0
#(0 0 0 0 0 0) - 0
#(0 0 0 0 0 0) - 0
#(0 0 0 0 0 0) - 0
#(0 0 0 0 0 0) - 0
#(0 0 0 0 0 0) - 0
#(0 0 0 0 0 0) - 0
#(0 0 0 0 0 0) - 0
#(0 0.017857144 0 0 0 0) - 1
#(0 0.017857144 0 0 0 0) - 1
#(0 0 0 0 0 0) - 0
#(0 0 0 0 0 0) - 0
#(0 0 0 0 0 0) - 0
#(0 0 0 0 0 0) - 0
#(0 0.017857144 0 0 0 0) - 1
#(0 0.017857144 0 0 0 0) - 1
#(0 0 0 0 0 0) - 0
#(0 0 0 0 0 0) - 0
#(0 0.017857144 0 0 0 0) - 1
#(0 0.035714287 0 0 0 0) - 1
#(0 0.017857144 0 0 0 0) - 1
#(0 0 0 0 0 0) - 0
#(0 0.017857144 0 0 0 0) - 1
#(0 0.017857144 0 0 0 0) - 1
#(0 0 0 0 0 0) - 0
#(0 0.017857144 0 0 0 0) - 1
#(0 0.017857144 0 0 0 0) - 1
#(0 0.017857144 0 0 0 0) - 1
#(0 0.017857144 0 0 0 0) - 1
#(0 0.017857144 0 0 0 0) - 1
#(0 0 0 0 0 0) - 0
#(0 0 0 0 0 0) - 0
#(0 0.017857144 0 0 0 0) - 1
#(0 0 0 0 0 0) - 0
#(0 0 0 0 0 0) - 0
#(0 0 0 0 0 0) - 0
#(0 0 0 0 0 0) - 0
#(0 0.017857144 0 0 0 0) - 1
#(0 0 0 0 0 0) - 0
#(0 0.017857144 0 0 0 0) - 1
#(0 0 0 0 0 0) - 0
#(0 0.017857144 0 0 0 0) - 1
#(0 0.017857144 0 0 0 0) - 1
#(0 0 0 0 0 0) - 0
#(0 0 0 0 0 0) - 0
#(0 0 0 0 0 0) - 0
#(0 0 0 0 0 0) - 0
#(0 0.017857144 0 0 0 0) - 1
#(0 0.017857144 0 0 0 0) - 1
#(0 0 0 0 0 0) - 0
#(0 0 0 0 0 0) - 0
#(0 0 0 0 0 0) - 0
#(0 0 0 0 0 0) - 0
#(0 0 0 0 0 0) - 0
#(0 0 0 0 0 0) - 0
#(0 0 0 0 0 0) - 0
#(0 0 0 0 0 0) - 0
#(0 0.017857144 0 0 0 0) - 1
#(0 0.017857144 0 0 0 0) - 1
#(0 0 0 0 0 0) - 0
#(0 0 0 0 0 0) - 0
#(0 0 0 0 0 0) - 0
#(0 0 0 0 0 0) - 0
#(0 0 0 0 0 0) - 0
#(0 0 0 0 0 0) - 0
#(0 0 0 0 0 0) - 0
#(0 0 0 0 0 0) - 0
#(0 0.017857144 0 0 0 0) - 1
#(0 0 0 0 0 0) - 0
#(0 0 0 0 0 0) - 0
#(0 0 0 0 0 0) - 0
#(0 0 0 0 0 0) - 0
#(0 0 0 0 0 0) - 0
#(0 0.017857144 0 0 0 0) - 1
#(0 0 0 0 0 0) - 0
#(0 0.035714287 0 0 0 0) - 1
#(0 0.05357143 0 0 0 0) - 1
#(0 0.017857144 0 0 0 0) - 1
#(0 0.017857144 0 0 0 0) - 1
#(0 0.017857144 0 0 0 0) - 1
#(0 0.05357143 0 0 0 0) - 1
#(0 0 0 0 0 0) - 0
#(0 0.017857144 0 0 0 0) - 1
#(0 0 0 0 0 0) - 0
#(0 0.017857144 0 0 0 0) - 1
#(0 0.035714287 0 0 0 0) - 1
#(0 0.017857144 0 0 0 0) - 1
#(0 0 0 0 0 0) - 0
#(0 0 0 0 0 0) - 0
#(0 0.017857144 0 0 0 0) - 1
#(0 0.017857144 0 0 0 0) - 1
#(0 0.017857144 0 0 0 0) - 1
#(0 0.017857144 0 0 0 0) - 1
#(0 0.017857144 0 0 0 0) - 1
#(0 0 0 0 0 0) - 0
#(0 0.017857144 0 0 0 0) - 1
#(0 0 0 0 0 0) - 0
#(0 0 0 0 0 0) - 0
#(0 0 0 0 0 0) - 0
#(0 0 0 0 0 0) - 0
#(0 0 0 0 0 0) - 0
#(0 0 0 0 0 0) - 0
#(0 0 0 0 0 0) - 0
#(0 0 0 0 0 0) - 0
#(0 0 0 0 0 0) - 0
#(0 0 0 0 0 0) - 0
#(0 0 0 0 0 0) - 0
#(0 0 0 0 0 0) - 0
#(0 0 0 0 0 0) - 0
#(0 0 0 0 0 0) - 0
#(0 0 0 0 0 0) - 0
#(0 0 0 0 0 0) - 0
#(0 0 0 0 0 0) - 0
#(0 0 0 0 0 0) - 0
#(0 0 0 0 0 0) - 0
#(0 0 0 0 0 0) - 0
#(0 0 0 0 0 0) - 0
#(0 0 0 0 0 0) - 0
#(0 0 0 0 0 0) - 0
#(0 0 0 0 0 0) - 0
#(0 0 0 0 0 0) - 0
#(0 0 0 0 0 0) - 0
#(0 0 0 0 0 0) - 0
#(0 0 0 0 0 0) - 0
#(0 0 0 0 0 0) - 0
#(0 0 0 0 0 0) - 0
#(0 0 0 0 0 0) - 0
#(0 0 0 0 0 0) - 0
#(0 0 0 0 0 0) - 0
#(0 0 0 0 0 0) - 0
#(0 0 0 0 0 0) - 0
#(0 0 0 0 0 0) - 0
#(0 0 0 0 0 0) - 0
#(0 0 0 0 0 0) - 0
#(0 0 0 0 0 0) - 0
#(0 0 0 0 0 0) - 0
#(0 0 0 0 0 0) - 0
#(0 0 0 0 0 0) - 0
#(0 0 0 0 0 0) - 0
#(0 0 0 0 0 0) - 0
#(0 0.10714286 0 0 0 0) - 1
#(0 0.10714286 0 0 0 0) - 1
#(0 0.10714286 0 0 0 0) - 1
#(0 0.10714286 0 0 0 0) - 1
#(0 0.10714286 0 0 0 0) - 1
#(0 0.10714286 0 0 0 0) - 1
#(0 0.10714286 0 0 0 0) - 1
#(0 0.125 0 0 0 0) - 1
#(0 0.10714286 0 0 0 0) - 1
#(0 0.10714286 0 0 0 0) - 1
#(0 0.125 0 0 0 0) - 1
#(0 0.10714286 0 0 0 0) - 1
#(0 0.10714286 0 0 0 0) - 1
#(0 0.10714286 0 0 0 0) - 1
#(0 0.10714286 0 0 0 0) - 1
#(0 0.071428575 0 0 0 0) - 1
#(0 0.08928572 0 0 0 0) - 1
#(0 0 0 0 0 0) - 0
#(0 0 0 0 0 0) - 0
#(0 0 0 0 0 0) - 0
#(0 0 0 0 0 0) - 0
#(0 0 0 0 0 0) - 0
#(0 0 0 0 0 0) - 0
#(0 0 0 0 0 0) - 0
#(0 0.017857144 0 0 0 0) - 1
#(0 0 0 0 0 0) - 0
#(0 0 0 0 0 0) - 0
#(0 0 0 0 0 0) - 0
#(0 0 0 0 0 0) - 0
#(0 0 0 0 0 0) - 0
#(0 0 0 0 0 0) - 0
#(0 0 0 0 0 0) - 0
#(0 0 0 0 0 0) - 0
#(0 0 0 0 0 0) - 0
#(0 0 0 0 0 0) - 0
#(0 0 0 0 0 0) - 0
#(0 0 0 0 0 0) - 0
#(0 0 0 0 0 0) - 0
#(0 0 0 0 0 0) - 0
#(0 0 0 0 0 0) - 0
#(0 0 0 0 0 0) - 0
#(0 0 0 0 0 0) - 0
#(0 0 0 0 0 0) - 0
#(0 0 0 0 0 0) - 0
#(0 0 0 0 0 0) - 0
#(0 0 0 0 0 0) - 0
#(0 0.017857144 0 0 0 0) - 1
#(0 0.017857144 0 0 0 0) - 1
#(0 0 0 0 0 0) - 0
#(0 0 0 0 0 0) - 0
#(0 0 0 0 0 0) - 0
#(0 0 0 0 0 0) - 0
#(0 0 0 0 0 0) - 0
#(0 0 0 0 0 0) - 0
#(0 0 0 0 0 0) - 0
#(0 0 0 0 0 0) - 0
#(0 0 0 0 0 0) - 0
#(0 0 0 0 0 0) - 0
#(0 0 0 0 0 0) - 0
#(0 0 0 0 0 0) - 0
#(0 0 0 0 0 0) - 0
#(0 0 0 0 0 0) - 0
#(0 0 0 0 0 0) - 0
#(0 0 0 0 0 0) - 0
#(0 0 0 0 0 0) - 0

Grupo 2
#(0 0 0.008571428 0 0 0) - 2
#(0 0 0.0014285714 0 0 0) - 2
#(0 0 0.015714286 0 0 0) - 2
#(0 0 0.0028571428 0 0 0) - 2
#(0 0 0 0 0 0) - 0
#(0 0 0 0 0 0) - 0
#(0 0 0.0057142857 0 0 0) - 2
#(0 0 0.004285714 0 0 0) - 2
#(0 0 0.024285715 0 0 0) - 2
#(0 0 0.0014285714 0 0 0) - 2
#(0 0 0 0 0 0) - 0
#(0 0 0 0 0 0) - 0
#(0 0 0 0 0 0) - 0
#(0 0 0 0 0 0) - 0
#(0 0 0 0 0 0) - 0
#(0 0 0 0 0 0) - 0
#(0 0 0 0 0 0) - 0
#(0 0 0.15285714 0 0 0) - 2
#(0 0 0.17714286 0 0 0) - 2
#(0 0 0.15285714 0 0 0) - 2
#(0 0 0.17714286 0 0 0) - 2
#(0 0 0.034285713 0 0 0) - 2
#(0 0 0.025714286 0 0 0) - 2
#(0 0 0.027142856 0 0 0) - 2
#(0 0 0.05142857 0 0 0) - 2
#(0 0 0.074285716 0 0 0) - 2
#(0 0 0.15285714 0 0 0) - 2
#(0 0 0.17714286 0 0 0) - 2
#(0 0 0.15285714 0 0 0) - 2
#(0 0 0.03 0 0 0) - 2
#(0 0 0.044285715 0 0 0) - 2
#(0 0 0.03142857 0 0 0) - 2
#(0 0 0.04857143 0 0 0) - 2
#(0 0 0.04142857 0 0 0) - 2
#(0 0 0.042857144 0 0 0) - 2
#(0 0 0.025714286 0 0 0) - 2
#(0 0 0 0 0 0) - 0
#(0 0 0.008571428 0 0 0) - 2
#(0 0 0.0028571428 0 0 0) - 2
#(0 0 0 0 0 0) - 0
#(0 0 0.03 0 0 0) - 2
#(0 0 0.021428572 0 0 0) - 2
#(0 0 0 0 0 0) - 0
#(0 0 0.0028571428 0 0 0) - 2
#(0 0 0.0014285714 0 0 0) - 2
#(0 0 0.034285713 0 0 0) - 2
#(0 0 0.007142857 0 0 0) - 2
#(0 0 0.0014285714 0 0 0) - 2
#(0 0 0.01 0 0 0) - 2
#(0 0 0.0028571428 0 0 0) - 2
#(0 0 0.0014285714 0 0 0) - 2
#(0 0 0 0 0 0) - 0
#(0 0 0.0028571428 0 0 0) - 2
#(0 0 0.004285714 0 0 0) - 2
#(0 0 0 0 0 0) - 0
#(0 0 0.007142857 0 0 0) - 2
#(0 0 0 0 0 0) - 0
#(0 0 0.0028571428 0 0 0) - 2
#(0 0 0.3557143 0 0 0) - 2
#(0 0 0.34571427 0 0 0) - 2
#(0 0 0 0 0 0) - 0
#(0 0 0.0014285714 0 0 0) - 2
#(0 0 0.3557143 0 0 0) - 2
#(0 0 0.34571427 0 0 0) - 2
#(0 0 0 0 0 0) - 0
#(0 0 0.0028571428 0 0 0) - 2
#(0 0 0.008571428 0 0 0) - 2
#(0 0 0.004285714 0 0 0) - 2
#(0 0 0.042857144 0 0 0) - 2
#(0 0 0.09714286 0 0 0) - 2
#(0 0 0.01 0 0 0) - 2
#(0 0 0.0014285714 0 0 0) - 2
#(0 0 0.09714286 0 0 0) - 2
#(0 0 0.07 0 0 0) - 2
#(0 0 0.01 0 0 0) - 2
#(0 0 0.0014285714 0 0 0) - 2
#(0 0 0.0014285714 0 0 0) - 2
#(0 0 0.34571427 0 0 0) - 2
#(0 0 0.02 0 0 0) - 2
#(0 0 0.004285714 0 0 0) - 2
#(0 0 0.008571428 0 0 0) - 2
#(0 0 0.34571427 0 0 0) - 2
#(0 0 0.02 0 0 0) - 2
#(0 0 0.0028571428 0 0 0) - 2
#(0 0 0.004285714 0 0 0) - 2
#(0 0 0.015714286 0 0 0) - 2
#(0 0 0 0 0 0) - 0
#(0 0 0 0 0 0) - 0
#(0 0 0 0 0 0) - 0
#(0 0 0 0 0 0) - 0
#(0 0 0 0 0 0) - 0
#(0 0 0.007142857 0 0 0) - 2
#(0 0 0.0014285714 0 0 0) - 2
#(0 0 0.0014285714 0 0 0) - 2
#(0 0 0 0 0 0) - 0
#(0 0 0.004285714 0 0 0) - 2
#(0 0 0 0 0 0) - 0
#(0 0 0.0014285714 0 0 0) - 2
#(0 0 0 0 0 0) - 0
#(0 0 0 0 0 0) - 0
#(0 0 0.02 0 0 0) - 2
#(0 0 0.0014285714 0 0 0) - 2
#(0 0 0.022857143 0 0 0) - 2
#(0 0 0.0057142857 0 0 0) - 2
#(0 0 0.04 0 0 0) - 2
#(0 0 0.0028571428 0 0 0) - 2
#(0 0 0.03857143 0 0 0) - 2
#(0 0 0 0 0 0) - 0
#(0 0 0.03857143 0 0 0) - 2
#(0 0 0 0 0 0) - 0
#(0 0 0.07285714 0 0 0) - 2
#(0 0 0.0028571428 0 0 0) - 2
#(0 0 0.004285714 0 0 0) - 2
#(0 0 0.0028571428 0 0 0) - 2
#(0 0 0.007142857 0 0 0) - 2
#(0 0 0 0 0 0) - 0
#(0 0 0 0 0 0) - 0
#(0 0 0.03857143 0 0 0) - 2
#(0 0 0 0 0 0) - 0
#(0 0 0.03857143 0 0 0) - 2
#(0 0 0 0 0 0) - 0
#(0 0 0.07285714 0 0 0) - 2
#(0 0 0 0 0 0) - 0
#(0 0 0.07285714 0 0 0) - 2
#(0 0 0 0 0 0) - 0
#(0 0 0.0028571428 0 0 0) - 2
#(0 0 0 0 0 0) - 0
#(0 0 0.0028571428 0 0 0) - 2
#(0 0 0 0 0 0) - 0
#(0 0 0 0 0 0) - 0
#(0 0 0 0 0 0) - 0
#(0 0 0 0 0 0) - 0
#(0 0 0.0014285714 0 0 0) - 2
#(0 0 0.0057142857 0 0 0) - 2
#(0 0 0 0 0 0) - 0
#(0 0 0.008571428 0 0 0) - 2
#(0 0 0 0 0 0) - 0
#(0 0 0 0 0 0) - 0
#(0 0 0 0 0 0) - 0
#(0 0 0.0028571428 0 0 0) - 2
#(0 0 0 0 0 0) - 0
#(0 0 0.0014285714 0 0 0) - 2
#(0 0 0 0 0 0) - 0
#(0 0 0 0 0 0) - 0
#(0 0 0 0 0 0) - 0
#(0 0 0 0 0 0) - 0
#(0 0 0.0014285714 0 0 0) - 2
#(0 0 0 0 0 0) - 0
#(0 0 0 0 0 0) - 0
#(0 0 0 0 0 0) - 0
#(0 0 0 0 0 0) - 0
#(0 0 0 0 0 0) - 0
#(0 0 0.004285714 0 0 0) - 2
#(0 0 0 0 0 0) - 0
#(0 0 0 0 0 0) - 0
#(0 0 0 0 0 0) - 0
#(0 0 0 0 0 0) - 0
#(0 0 0 0 0 0) - 0
#(0 0 0.0028571428 0 0 0) - 2
#(0 0 0.0014285714 0 0 0) - 2
#(0 0 0 0 0 0) - 0
#(0 0 0.0028571428 0 0 0) - 2
#(0 0 0 0 0 0) - 0
#(0 0 0 0 0 0) - 0
#(0 0 0.0014285714 0 0 0) - 2
#(0 0 0 0 0 0) - 0
#(0 0 0.0014285714 0 0 0) - 2
#(0 0 0 0 0 0) - 0
#(0 0 0 0 0 0) - 0
#(0 0 0 0 0 0) - 0
#(0 0 0.0014285714 0 0 0) - 2
#(0 0 0.008571428 0 0 0) - 2
#(0 0 0.004285714 0 0 0) - 2
#(0 0 0.011428571 0 0 0) - 2
#(0 0 0.0057142857 0 0 0) - 2
#(0 0 0.0014285714 0 0 0) - 2
#(0 0 0 0 0 0) - 0
#(0 0 0 0 0 0) - 0
#(0 0 0.0057142857 0 0 0) - 2
#(0 0 0.0014285714 0 0 0) - 2
#(0 0 0 0 0 0) - 0
#(0 0 0.0014285714 0 0 0) - 2
#(0 0 0 0 0 0) - 0
#(0 0 0.011428571 0 0 0) - 2
#(0 0 0.0014285714 0 0 0) - 2
#(0 0 0.011428571 0 0 0) - 2
#(0 0 0 0 0 0) - 0
#(0 0 0 0 0 0) - 0
#(0 0 0 0 0 0) - 0
#(0 0 0 0 0 0) - 0
#(0 0 0 0 0 0) - 0
#(0 0 0.0057142857 0 0 0) - 2
#(0 0 0.26285714 0 0 0) - 2
#(0 0 0.06428572 0 0 0) - 2
#(0 0 0.25142857 0 0 0) - 2
#(0 0 0.26285714 0 0 0) - 2
#(0 0 0.05 0 0 0) - 2
#(0 0 0.24857143 0 0 0) - 2
#(0 0 0.047142856 0 0 0) - 2
#(0 0 0.08 0 0 0) - 2
#(0 0 0.044285715 0 0 0) - 2
#(0 0 0.044285715 0 0 0) - 2
#(0 0 0.032857142 0 0 0) - 2
#(0 0 0.032857142 0 0 0) - 2
#(0 0 0.24714285 0 0 0) - 2
#(0 0 0.06428572 0 0 0) - 2
#(0 0 0.24428572 0 0 0) - 2
#(0 0 0.074285716 0 0 0) - 2
#(0 0 0.05142857 0 0 0) - 2
#(0 0 0.07 0 0 0) - 2
#(0 0 0.032857142 0 0 0) - 2
#(0 0 0.037142858 0 0 0) - 2
#(0 0 0.024285715 0 0 0) - 2
#(0 0 0.011428571 0 0 0) - 2
#(0 0 0.012857143 0 0 0) - 2
#(0 0 0.004285714 0 0 0) - 2
#(0 0 0.014285714 0 0 0) - 2
#(0 0 0 0 0 0) - 0
#(0 0 0.0028571428 0 0 0) - 2
#(0 0 0.0014285714 0 0 0) - 2
#(0 0 0.008571428 0 0 0) - 2
#(0 0 0.012857143 0 0 0) - 2
#(0 0 0.008571428 0 0 0) - 2
#(0 0 0.0028571428 0 0 0) - 2
#(0 0 0.0057142857 0 0 0) - 2
#(0 0 0 0 0 0) - 0
#(0 0 0 0 0 0) - 0
#(0 0 0 0 0 0) - 0
#(0 0 0.01 0 0 0) - 2
#(0 0 0.0014285714 0 0 0) - 2
#(0 0 0.008571428 0 0 0) - 2
#(0 0 0.004285714 0 0 0) - 2
#(0 0 0.0014285714 0 0 0) - 2
#(0 0 0.0028571428 0 0 0) - 2
#(0 0 0.0028571428 0 0 0) - 2
#(0 0 0 0 0 0) - 0
#(0 0 0 0 0 0) - 0
#(0 0 0 0 0 0) - 0
#(0 0 0.02 0 0 0) - 2
#(0 0 0 0 0 0) - 0
#(0 0 0.0057142857 0 0 0) - 2
#(0 0 0.0014285714 0 0 0) - 2
#(0 0 0 0 0 0) - 0
#(0 0 0 0 0 0) - 0
#(0 0 0 0 0 0) - 0
#(0 0 0 0 0 0) - 0
#(0 0 0 0 0 0) - 0
#(0 0 0 0 0 0) - 0
#(0 0 0.0014285714 0 0 0) - 2
#(0 0 0 0 0 0) - 0
#(0 0 0 0 0 0) - 0
#(0 0 0 0 0 0) - 0
#(0 0 0.0014285714 0 0 0) - 2
#(0 0 0.0028571428 0 0 0) - 2
#(0 0 0.0014285714 0 0 0) - 2
#(0 0 0 0 0 0) - 0
#(0 0 0 0 0 0) - 0
#(0 0 0 0 0 0) - 0
#(0 0 0 0 0 0) - 0
#(0 0 0 0 0 0) - 0
#(0 0 0 0 0 0) - 0
#(0 0 0.0028571428 0 0 0) - 2
#(0 0 0 0 0 0) - 0
#(0 0 0 0 0 0) - 0
#(0 0 0 0 0 0) - 0
#(0 0 0.0014285714 0 0 0) - 2
#(0 0 0 0 0 0) - 0
#(0 0 0 0 0 0) - 0
#(0 0 0 0 0 0) - 0
#(0 0 0 0 0 0) - 0
#(0 0 0 0 0 0) - 0
#(0 0 0 0 0 0) - 0
#(0 0 0.0014285714 0 0 0) - 2
#(0 0 0 0 0 0) - 0
#(0 0 0 0 0 0) - 0
#(0 0 0 0 0 0) - 0
#(0 0 0 0 0 0) - 0
#(0 0 0 0 0 0) - 0
#(0 0 0 0 0 0) - 0
#(0 0 0 0 0 0) - 0
#(0 0 0 0 0 0) - 0

Grupo 3
#(0 0 0 0.0034655372 0 0) - 3
#(0 0 0 0.0042356565 0 0) - 3
#(0 0 0 7.7011937e-4 0 0) - 3
#(0 0 0 0.0019252985 0 0) - 3
#(0 0 0 0.0019252985 0 0) - 3
#(0 0 0 0.0030804775 0 0) - 3
#(0 0 0 0.0023103582 0 0) - 3
#(0 0 0 0.0034655372 0 0) - 3
#(0 0 0 0.0015402387 0 0) - 3
#(0 0 0 0.0030804775 0 0) - 3
#(0 0 0 0.0019252985 0 0) - 3
#(0 0 0 0.0034655372 0 0) - 3
#(0 0 0 0.0019252985 0 0) - 3
#(0 0 0 0.0023103582 0 0) - 3
#(0 0 0 0.0026954177 0 0) - 3
#(0 0 0 3.8505968e-4 0 0) - 3
#(0 0 0 0.0023103582 0 0) - 3
#(0 0 0 0.0026954177 0 0) - 3
#(0 0 0 0.0019252985 0 0) - 3
#(0 0 0 0.0034655372 0 0) - 3
#(0 0 0 3.8505968e-4 0 0) - 3
#(0 0 0 0.0019252985 0 0) - 3
#(0 0 0 0.0011551791 0 0) - 3
#(0 0 0 0.0023103582 0 0) - 3
#(0 0 0 7.7011937e-4 0 0) - 3
#(0 0 0 0.0015402387 0 0) - 3
#(0 0 0 0.0023103582 0 0) - 3
#(0 0 0 0.0015402387 0 0) - 3
#(0 0 0 0.0011551791 0 0) - 3
#(0 0 0 0.0046207164 0 0) - 3
#(0 0 0 0.01193685 0 0) - 3
#(0 0 0 3.8505968e-4 0 0) - 3
#(0 0 0 3.8505968e-4 0 0) - 3
#(0 0 0 3.8505968e-4 0 0) - 3
#(0 0 0 0.0011551791 0 0) - 3
#(0 0 0 0.0023103582 0 0) - 3
#(0 0 0 3.8505968e-4 0 0) - 3
#(0 0 0 7.7011937e-4 0 0) - 3
#(0 0 0 0 0 0) - 0
#(0 0 0 0 0 0) - 0
#(0 0 0 3.8505968e-4 0 0) - 3
#(0 0 0 0 0 0) - 0
#(0 0 0 0.0057758954 0 0) - 3
#(0 0 0 3.8505968e-4 0 0) - 3
#(0 0 0 0 0 0) - 0
#(0 0 0 0 0 0) - 0
#(0 0 0 0 0 0) - 0
#(0 0 0 3.8505968e-4 0 0) - 3
#(0 0 0 0 0 0) - 0
#(0 0 0 0 0 0) - 0
#(0 0 0 7.7011937e-4 0 0) - 3
#(0 0 0 0.57835966 0 0) - 3
#(0 0 0 0.2264151 0 0) - 3
#(0 0 0 0.007701194 0 0) - 3
#(0 0 0 0.009241433 0 0) - 3
#(0 0 0 0.57835966 0 0) - 3
#(0 0 0 0.014632268 0 0) - 3
#(0 0 0 0.0069310744 0 0) - 3
#(0 0 0 0.007316134 0 0) - 3
#(0 0 0 0.0053908355 0 0) - 3
#(0 0 0 0.01193685 0 0) - 3
#(0 0 0 0.57835966 0 0) - 3
#(0 0 0 0.03234501 0 0) - 3
#(0 0 0 0.0735464 0 0) - 3
#(0 0 0 0.09510974 0 0) - 3
#(0 0 0 0.5544859 0 0) - 3
#(0 0 0 0.0057758954 0 0) - 3
#(0 0 0 0.010396612 0 0) - 3
#(0 0 0 0.007701194 0 0) - 3
#(0 0 0 0.008471313 0 0) - 3
#(0 0 0 0.011551791 0 0) - 3
#(0 0 0 0.0065460145 0 0) - 3
#(0 0 0 0.57835966 0 0) - 3
#(0 0 0 0.03234501 0 0) - 3
#(0 0 0 0.0735464 0 0) - 3
#(0 0 0 0.09510974 0 0) - 3
#(0 0 0 0.5544859 0 0) - 3
#(0 0 0 0.009241433 0 0) - 3
#(0 0 0 0.056218714 0 0) - 3
#(0 0 0 0.021948403 0 0) - 3
#(0 0 0 0.02271852 0 0) - 3
#(0 0 0 0.040816326 0 0) - 3
#(0 0 0 0.041586448 0 0) - 3
#(0 0 0 0.051597998 0 0) - 3
#(0 0 0 0.047362342 0 0) - 3
#(0 0 0 0.018482866 0 0) - 3
#(0 0 0 0.018867925 0 0) - 3
#(0 0 0 0.019638045 0 0) - 3
#(0 0 0 0.021948403 0 0) - 3
#(0 0 0 0.0238737 0 0) - 3
#(0 0 0 0.03696573 0 0) - 3
#(0 0 0 0.03619561 0 0) - 3
#(0 0 0 0.025798999 0 0) - 3
#(0 0 0 0.022333462 0 0) - 3
#(0 0 0 0.040816326 0 0) - 3
#(0 0 0 0.03504043 0 0) - 3
#(0 0 0 0.03350019 0 0) - 3
#(0 0 0 0.021563342 0 0) - 3
#(0 0 0 0.03889103 0 0) - 3
#(0 0 0 0.051212937 0 0) - 3
#(0 0 0 0.031959955 0 0) - 3
#(0 0 0 0.07855218 0 0) - 3
#(0 0 0 0.0716211 0 0) - 3
#(0 0 0 0.05082788 0 0) - 3
#(0 0 0 0.03696573 0 0) - 3
#(0 0 0 0.026954178 0 0) - 3
#(0 0 0 0.027339237 0 0) - 3
#(0 0 0 0.040046208 0 0) - 3
#(0 0 0 0.056218714 0 0) - 3
#(0 0 0 0.017712746 0 0) - 3
#(0 0 0 0.016942626 0 0) - 3
#(0 0 0 0.013477089 0 0) - 3
#(0 0 0 0.045051984 0 0) - 3
#(0 0 0 0.027339237 0 0) - 3
#(0 0 0 0.044281863 0 0) - 3
#(0 0 0 0.022333462 0 0) - 3
#(0 0 0 0.077397 0 0) - 3
#(0 0 0 0.03234501 0 0) - 3
#(0 0 0 0.009241433 0 0) - 3
#(0 0 0 0.009241433 0 0) - 3
#(0 0 0 0.054678474 0 0) - 3
#(0 0 0 0.042741627 0 0) - 3
#(0 0 0 0.031189835 0 0) - 3
#(0 0 0 0.020793224 0 0) - 3
#(0 0 0 0.008471313 0 0) - 3
#(0 0 0 0.033115134 0 0) - 3
#(0 0 0 0.079707354 0 0) - 3
#(0 0 0 0.02541394 0 0) - 3
#(0 0 0 0.03658067 0 0) - 3
#(0 0 0 0.06122449 0 0) - 3
#(0 0 0 0.009626492 0 0) - 3
#(0 0 0 0.041971505 0 0) - 3
#(0 0 0 0.01270697 0 0) - 3
#(0 0 0 0.0238737 0 0) - 3
#(0 0 0 3.8505968e-4 0 0) - 3
#(0 0 0 0.03465537 0 0) - 3
#(0 0 0 0.021563342 0 0) - 3
#(0 0 0 0.017327685 0 0) - 3
#(0 0 0 0.0026954177 0 0) - 3
#(0 0 0 0.0019252985 0 0) - 3
#(0 0 0 0.0046207164 0 0) - 3
#(0 0 0 0.0046207164 0 0) - 3
#(0 0 0 7.7011937e-4 0 0) - 3
#(0 0 0 3.8505968e-4 0 0) - 3
#(0 0 0 0 0 0) - 0
#(0 0 0 0 0 0) - 0
#(0 0 0 0 0 0) - 0
#(0 0 0 0.003850597 0 0) - 3
#(0 0 0 0.0015402387 0 0) - 3
#(0 0 0 0 0 0) - 0
#(0 0 0 0.026569119 0 0) - 3
#(0 0 0 0.011166731 0 0) - 3
#(0 0 0 0.019252984 0 0) - 3
#(0 0 0 0.008856373 0 0) - 3
#(0 0 0 0.0019252985 0 0) - 3
#(0 0 0 0.013862149 0 0) - 3
#(0 0 0 0.018867925 0 0) - 3
#(0 0 0 0.016557567 0 0) - 3
#(0 0 0 0.017327685 0 0) - 3
#(0 0 0 0.0057758954 0 0) - 3
#(0 0 0 0.02271852 0 0) - 3
#(0 0 0 0.008086253 0 0) - 3
#(0 0 0 0.013092029 0 0) - 3
#(0 0 0 0.007701194 0 0) - 3
#(0 0 0 0.022333462 0 0) - 3
#(0 0 0 0.04928764 0 0) - 3
#(0 0 0 0.019252984 0 0) - 3
#(0 0 0 0.010781671 0 0) - 3
#(0 0 0 0.023103582 0 0) - 3
#(0 0 0 0.02348864 0 0) - 3
#(0 0 0 0.020023104 0 0) - 3
#(0 0 0 0.0026954177 0 0) - 3
#(0 0 0 0.0034655372 0 0) - 3
#(0 0 0 0 0 0) - 0
#(0 0 0 0.0019252985 0 0) - 3
#(0 0 0 0.003850597 0 0) - 3
#(0 0 0 0.0030804775 0 0) - 3
#(0 0 0 0.0030804775 0 0) - 3
#(0 0 0 0.005005776 0 0) - 3
#(0 0 0 3.8505968e-4 0 0) - 3
#(0 0 0 3.8505968e-4 0 0) - 3
#(0 0 0 0.003850597 0 0) - 3
#(0 0 0 0.0046207164 0 0) - 3
#(0 0 0 0.009626492 0 0) - 3
#(0 0 0 0.008471313 0 0) - 3
#(0 0 0 0.0065460145 0 0) - 3
#(0 0 0 0.0019252985 0 0) - 3
#(0 0 0 7.7011937e-4 0 0) - 3
#(0 0 0 3.8505968e-4 0 0) - 3
#(0 0 0 0.019638045 0 0) - 3
#(0 0 0 0.007316134 0 0) - 3
#(0 0 0 0.011166731 0 0) - 3
#(0 0 0 0.0057758954 0 0) - 3
#(0 0 0 0.010011552 0 0) - 3
#(0 0 0 0.007316134 0 0) - 3
#(0 0 0 0.0042356565 0 0) - 3
#(0 0 0 0.0065460145 0 0) - 3
#(0 0 0 0.0034655372 0 0) - 3
#(0 0 0 0.003850597 0 0) - 3
#(0 0 0 0.0019252985 0 0) - 3
#(0 0 0 0 0 0) - 0
#(0 0 0 0 0 0) - 0
#(0 0 0 0 0 0) - 0
#(0 0 0 0 0 0) - 0
#(0 0 0 0.0026954177 0 0) - 3
#(0 0 0 0 0 0) - 0
#(0 0 0 0.0019252985 0 0) - 3
#(0 0 0 0.005005776 0 0) - 3
#(0 0 0 0 0 0) - 0
#(0 0 0 7.7011937e-4 0 0) - 3
#(0 0 0 0.010011552 0 0) - 3
#(0 0 0 0.007316134 0 0) - 3
#(0 0 0 0.0042356565 0 0) - 3
#(0 0 0 0.0042356565 0 0) - 3
#(0 0 0 0.007316134 0 0) - 3
#(0 0 0 0.020408163 0 0) - 3
#(0 0 0 0.014632268 0 0) - 3
#(0 0 0 0.0046207164 0 0) - 3
#(0 0 0 0.0026954177 0 0) - 3
#(0 0 0 0.006160955 0 0) - 3
#(0 0 0 0.0046207164 0 0) - 3
#(0 0 0 0.0057758954 0 0) - 3
#(0 0 0 0.0057758954 0 0) - 3
#(0 0 0 0.0053908355 0 0) - 3
#(0 0 0 0.0011551791 0 0) - 3
#(0 0 0 0.0053908355 0 0) - 3
#(0 0 0 0.0065460145 0 0) - 3
#(0 0 0 0.0053908355 0 0) - 3
#(0 0 0 0 0 0) - 0
#(0 0 0 0.0019252985 0 0) - 3
#(0 0 0 0.003850597 0 0) - 3
#(0 0 0 0.0053908355 0 0) - 3
#(0 0 0 0.009241433 0 0) - 3
#(0 0 0 0.010011552 0 0) - 3
#(0 0 0 0.010011552 0 0) - 3
#(0 0 0 0.0069310744 0 0) - 3
#(0 0 0 7.7011937e-4 0 0) - 3
#(0 0 0 3.8505968e-4 0 0) - 3
#(0 0 0 0 0 0) - 0
#(0 0 0 0 0 0) - 0
#(0 0 0 7.7011937e-4 0 0) - 3
#(0 0 0 3.8505968e-4 0 0) - 3
#(0 0 0 0 0 0) - 0
#(0 0 0 3.8505968e-4 0 0) - 3
#(0 0 0 0 0 0) - 0
#(0 0 0 0.0026954177 0 0) - 3
#(0 0 0 0.0023103582 0 0) - 3
#(0 0 0 7.7011937e-4 0 0) - 3
#(0 0 0 0.0011551791 0 0) - 3
#(0 0 0 0.0023103582 0 0) - 3
#(0 0 0 0.0026954177 0 0) - 3
#(0 0 0 0.0026954177 0 0) - 3
#(0 0 0 7.7011937e-4 0 0) - 3
#(0 0 0 3.8505968e-4 0 0) - 3
#(0 0 0 0 0 0) - 0

Grupo 4
#(0 0 0 0 0.0035211267 0) - 4
#(0 0 0 0 0.0017605633 0) - 4
#(0 0 0 0 0.01584507 0) - 4
#(0 0 0 0 0 0) - 0
#(0 0 0 0 0 0) - 0
#(0 0 0 0 0 0) - 0
#(0 0 0 0 0 0) - 0
#(0 0 0 0 0 0) - 0
#(0 0 0 0 0.00528169 0) - 4
#(0 0 0 0 0.061619718 0) - 4
#(0 0 0 0 0.024647888 0) - 4
#(0 0 0 0 0 0) - 0
#(0 0 0 0 0.0017605633 0) - 4
#(0 0 0 0 0.0070422534 0) - 4
#(0 0 0 0 0 0) - 0
#(0 0 0 0 0 0) - 0
#(0 0 0 0 0.0070422534 0) - 4
#(0 0 0 0 0.014084507 0) - 4
#(0 0 0 0 0.0035211267 0) - 4
#(0 0 0 0 0.0035211267 0) - 4
#(0 0 0 0 0.00528169 0) - 4
#(0 0 0 0 0.0035211267 0) - 4
#(0 0 0 0 0.0017605633 0) - 4
#(0 0 0 0 0.0035211267 0) - 4
#(0 0 0 0 0 0) - 0
#(0 0 0 0 0.0017605633 0) - 4
#(0 0 0 0 0.0070422534 0) - 4
#(0 0 0 0 0.019366197 0) - 4
#(0 0 0 0 0.02112676 0) - 4
#(0 0 0 0 0.04049296 0) - 4
#(0 0 0 0 0.06338028 0) - 4
#(0 0 0 0 0.038732395 0) - 4
#(0 0 0 0 0.06690141 0) - 4
#(0 0 0 0 0.029929578 0) - 4
#(0 0 0 0 0.044014085 0) - 4
#(0 0 0 0 0.03521127 0) - 4
#(0 0 0 0 0.049295776 0) - 4
#(0 0 0 0 0.033450704 0) - 4
#(0 0 0 0 0.04049296 0) - 4
#(0 0 0 0 0.02112676 0) - 4
#(0 0 0 0 0.03169014 0) - 4
#(0 0 0 0 0.082746476 0) - 4
#(0 0 0 0 0.045774646 0) - 4
#(0 0 0 0 0.061619718 0) - 4
#(0 0 0 0 0.03521127 0) - 4
#(0 0 0 0 0.0017605633 0) - 4
#(0 0 0 0 0.0035211267 0) - 4
#(0 0 0 0 0.008802817 0) - 4
#(0 0 0 0 0.0017605633 0) - 4
#(0 0 0 0 0.00528169 0) - 4
#(0 0 0 0 0 0) - 0
#(0 0 0 0 0.019366197 0) - 4
#(0 0 0 0 0.024647888 0) - 4
#(0 0 0 0 0.1056338 0) - 4
#(0 0 0 0 0.1056338 0) - 4
#(0 0 0 0 0.13380282 0) - 4
#(0 0 0 0 0.1056338 0) - 4
#(0 0 0 0 0.06866197 0) - 4
#(0 0 0 0 0.112676054 0) - 4
#(0 0 0 0 0.11091549 0) - 4
#(0 0 0 0 0.1056338 0) - 4
#(0 0 0 0 0.14788732 0) - 4
#(0 0 0 0 0.06514084 0) - 4
#(0 0 0 0 0.09683099 0) - 4
#(0 0 0 0 0.06338028 0) - 4
#(0 0 0 0 0.04225352 0) - 4
#(0 0 0 0 0.061619718 0) - 4
#(0 0 0 0 0.09683099 0) - 4
#(0 0 0 0 0.09154929 0) - 4
#(0 0 0 0 0.10739437 0) - 4
#(0 0 0 0 0.09507042 0) - 4
#(0 0 0 0 0.059859157 0) - 4
#(0 0 0 0 0.014084507 0) - 4
#(0 0 0 0 0.01584507 0) - 4
#(0 0 0 0 0.01584507 0) - 4
#(0 0 0 0 0.051056337 0) - 4
#(0 0 0 0 0.04225352 0) - 4
#(0 0 0 0 0.06338028 0) - 4
#(0 0 0 0 0.051056337 0) - 4
#(0 0 0 0 0.061619718 0) - 4
#(0 0 0 0 0.11091549 0) - 4
#(0 0 0 0 0.12852113 0) - 4
#(0 0 0 0 0.112676054 0) - 4
#(0 0 0 0 0.075704224 0) - 4
#(0 0 0 0 0.10739437 0) - 4
#(0 0 0 0 0.08098592 0) - 4
#(0 0 0 0 0.06514084 0) - 4
#(0 0 0 0 0.06338028 0) - 4
#(0 0 0 0 0.056338027 0) - 4
#(0 0 0 0 0.028169014 0) - 4
#(0 0 0 0 0.04753521 0) - 4
#(0 0 0 0 0.03697183 0) - 4
#(0 0 0 0 0.00528169 0) - 4
#(0 0 0 0 0.0017605633 0) - 4
#(0 0 0 0 0.0017605633 0) - 4
#(0 0 0 0 0.019366197 0) - 4
#(0 0 0 0 0.012323944 0) - 4
#(0 0 0 0 0 0) - 0
#(0 0 0 0 0.00528169 0) - 4
#(0 0 0 0 0.017605634 0) - 4
#(0 0 0 0 0.012323944 0) - 4
#(0 0 0 0 0.01056338 0) - 4
#(0 0 0 0 0.014084507 0) - 4
#(0 0 0 0 0 0) - 0
#(0 0 0 0 0.01056338 0) - 4
#(0 0 0 0 0.0070422534 0) - 4
#(0 0 0 0 0.0035211267 0) - 4
#(0 0 0 0 0.0017605633 0) - 4
#(0 0 0 0 0.00528169 0) - 4
#(0 0 0 0 0.00528169 0) - 4
#(0 0 0 0 0.01584507 0) - 4
#(0 0 0 0 0.0017605633 0) - 4
#(0 0 0 0 0.00528169 0) - 4
#(0 0 0 0 0.0017605633 0) - 4
#(0 0 0 0 0.014084507 0) - 4
#(0 0 0 0 0 0) - 0
#(0 0 0 0 0.012323944 0) - 4
#(0 0 0 0 0.01584507 0) - 4
#(0 0 0 0 0.012323944 0) - 4
#(0 0 0 0 0.00528169 0) - 4
#(0 0 0 0 0.01584507 0) - 4
#(0 0 0 0 0.09507042 0) - 4
#(0 0 0 0 0.09859155 0) - 4
#(0 0 0 0 0.019366197 0) - 4
#(0 0 0 0 0.019366197 0) - 4
#(0 0 0 0 0.012323944 0) - 4
#(0 0 0 0 0.012323944 0) - 4
#(0 0 0 0 0.008802817 0) - 4
#(0 0 0 0 0.024647888 0) - 4
#(0 0 0 0 0.019366197 0) - 4
#(0 0 0 0 0.10387324 0) - 4
#(0 0 0 0 0.06690141 0) - 4
#(0 0 0 0 0.08802817 0) - 4
#(0 0 0 0 0.0528169 0) - 4
#(0 0 0 0 0.082746476 0) - 4
#(0 0 0 0 0.01584507 0) - 4
#(0 0 0 0 0.033450704 0) - 4
#(0 0 0 0 0.03521127 0) - 4
#(0 0 0 0 0.022887323 0) - 4
#(0 0 0 0 0.014084507 0) - 4
#(0 0 0 0 0.051056337 0) - 4
#(0 0 0 0 0.08098592 0) - 4
#(0 0 0 0 0.07042254 0) - 4
#(0 0 0 0 0.019366197 0) - 4
#(0 0 0 0 0.019366197 0) - 4
#(0 0 0 0 0.008802817 0) - 4
#(0 0 0 0 0.012323944 0) - 4
#(0 0 0 0 0.008802817 0) - 4
#(0 0 0 0 0.029929578 0) - 4
#(0 0 0 0 0.019366197 0) - 4
#(0 0 0 0 0.10387324 0) - 4
#(0 0 0 0 0.033450704 0) - 4
#(0 0 0 0 0.03169014 0) - 4
#(0 0 0 0 0.029929578 0) - 4
#(0 0 0 0 0.017605634 0) - 4
#(0 0 0 0 0.038732395 0) - 4
#(0 0 0 0 0.028169014 0) - 4
#(0 0 0 0 0.033450704 0) - 4
#(0 0 0 0 0.033450704 0) - 4
#(0 0 0 0 0.00528169 0) - 4
#(0 0 0 0 0.0035211267 0) - 4
#(0 0 0 0 0.01584507 0) - 4
#(0 0 0 0 0.0017605633 0) - 4
#(0 0 0 0 0 0) - 0
#(0 0 0 0 0.01056338 0) - 4
#(0 0 0 0 0.01056338 0) - 4
#(0 0 0 0 0.045774646 0) - 4
#(0 0 0 0 0.02640845 0) - 4
#(0 0 0 0 0.033450704 0) - 4
#(0 0 0 0 0.012323944 0) - 4
#(0 0 0 0 0.014084507 0) - 4
#(0 0 0 0 0.02640845 0) - 4
#(0 0 0 0 0.04225352 0) - 4
#(0 0 0 0 0.06866197 0) - 4
#(0 0 0 0 0.03169014 0) - 4
#(0 0 0 0 0.024647888 0) - 4
#(0 0 0 0 0.024647888 0) - 4
#(0 0 0 0 0.028169014 0) - 4
#(0 0 0 0 0.029929578 0) - 4
#(0 0 0 0 0.09154929 0) - 4
#(0 0 0 0 0.06866197 0) - 4
#(0 0 0 0 0.038732395 0) - 4
#(0 0 0 0 0.03521127 0) - 4
#(0 0 0 0 0.022887323 0) - 4
#(0 0 0 0 0.03697183 0) - 4
#(0 0 0 0 0.02640845 0) - 4
#(0 0 0 0 0.02640845 0) - 4
#(0 0 0 0 0.024647888 0) - 4
#(0 0 0 0 0.03169014 0) - 4
#(0 0 0 0 0.02640845 0) - 4
#(0 0 0 0 0.024647888 0) - 4
#(0 0 0 0 0.02112676 0) - 4
#(0 0 0 0 0.028169014 0) - 4
#(0 0 0 0 0.024647888 0) - 4
#(0 0 0 0 0.024647888 0) - 4
#(0 0 0 0 0.02112676 0) - 4
#(0 0 0 0 0.028169014 0) - 4
#(0 0 0 0 0.022887323 0) - 4
#(0 0 0 0 0 0) - 0
#(0 0 0 0 0.0035211267 0) - 4
#(0 0 0 0 0.0035211267 0) - 4
#(0 0 0 0 0.0017605633 0) - 4
#(0 0 0 0 0.008802817 0) - 4
#(0 0 0 0 0.0017605633 0) - 4
#(0 0 0 0 0 0) - 0
#(0 0 0 0 0.00528169 0) - 4
#(0 0 0 0 0 0) - 0
#(0 0 0 0 0 0) - 0
#(0 0 0 0 0.00528169 0) - 4

Grupo 5
#(0 0 0 0 0 0.0018518518) - 5
#(0 0 0 0 0 0) - 0
#(0 0 0 0 0 0.0018518518) - 5
#(0 0 0 0 0 0) - 0
#(0 0 0 0 0 0.0018518518) - 5
#(0 0 0 0 0 0.0018518518) - 5
#(0 0 0 0 0 0.0018518518) - 5
#(0 0 0 0 0 0.0018518518) - 5
#(0 0 0 0 0 0) - 0
#(0 0 0 0 0 0.0037037036) - 5
#(0 0 0 0 0 0.022222223) - 5
#(0 0 0 0 0 0.0055555557) - 5
#(0 0 0 0 0 0.018518519) - 5
#(0 0 0 0 0 0.0037037036) - 5
#(0 0 0 0 0 0.0055555557) - 5
#(0 0 0 0 0 0.0037037036) - 5
#(0 0 0 0 0 0.0037037036) - 5
#(0 0 0 0 0 0.0018518518) - 5
#(0 0 0 0 0 0.009259259) - 5
#(0 0 0 0 0 0.022222223) - 5
#(0 0 0 0 0 0.0055555557) - 5
#(0 0 0 0 0 0.018518519) - 5
#(0 0 0 0 0 0.0055555557) - 5
#(0 0 0 0 0 0) - 0
#(0 0 0 0 0 0.024074074) - 5
#(0 0 0 0 0 0.072222225) - 5
#(0 0 0 0 0 0.075925924) - 5
#(0 0 0 0 0 0.05925926) - 5
#(0 0 0 0 0 0.024074074) - 5
#(0 0 0 0 0 0.027777778) - 5
#(0 0 0 0 0 0) - 0
#(0 0 0 0 0 0.0037037036) - 5
#(0 0 0 0 0 0.0074074073) - 5
#(0 0 0 0 0 0.12222222) - 5
#(0 0 0 0 0 0.009259259) - 5
#(0 0 0 0 0 0.011111111) - 5
#(0 0 0 0 0 0) - 0
#(0 0 0 0 0 0.12222222) - 5
#(0 0 0 0 0 0.014814815) - 5
#(0 0 0 0 0 0.0129629625) - 5
#(0 0 0 0 0 0) - 0
#(0 0 0 0 0 0.0037037036) - 5
#(0 0 0 0 0 0.0074074073) - 5
#(0 0 0 0 0 0.0037037036) - 5
#(0 0 0 0 0 0.02037037) - 5
#(0 0 0 0 0 0.0037037036) - 5
#(0 0 0 0 0 0.0037037036) - 5
#(0 0 0 0 0 0.0074074073) - 5
#(0 0 0 0 0 0.0018518518) - 5
#(0 0 0 0 0 0.0037037036) - 5
#(0 0 0 0 0 0) - 0
#(0 0 0 0 0 0.0018518518) - 5
#(0 0 0 0 0 0) - 0
#(0 0 0 0 0 0) - 0
#(0 0 0 0 0 0) - 0
#(0 0 0 0 0 0.07962963) - 5
#(0 0 0 0 0 0.009259259) - 5
#(0 0 0 0 0 0.011111111) - 5
#(0 0 0 0 0 0.0129629625) - 5
#(0 0 0 0 0 0.0018518518) - 5
#(0 0 0 0 0 0) - 0
#(0 0 0 0 0 0.022222223) - 5
#(0 0 0 0 0 0.09074074) - 5
#(0 0 0 0 0 0.009259259) - 5
#(0 0 0 0 0 0) - 0
#(0 0 0 0 0 0.0018518518) - 5
#(0 0 0 0 0 0.07777778) - 5
#(0 0 0 0 0 0.042592593) - 5
#(0 0 0 0 0 0.0037037036) - 5
#(0 0 0 0 0 0.0055555557) - 5
#(0 0 0 0 0 0.0074074073) - 5
#(0 0 0 0 0 0.016666668) - 5
#(0 0 0 0 0 0.027777778) - 5
#(0 0 0 0 0 0.018518519) - 5
#(0 0 0 0 0 0.06481481) - 5
#(0 0 0 0 0 0.1037037) - 5
#(0 0 0 0 0 0.018518519) - 5
#(0 0 0 0 0 0) - 0
#(0 0 0 0 0 0.06481481) - 5
#(0 0 0 0 0 0.09259259) - 5
#(0 0 0 0 0 0.05185185) - 5
#(0 0 0 0 0 0) - 0
#(0 0 0 0 0 0.025925925) - 5
#(0 0 0 0 0 0.1425926) - 5
#(0 0 0 0 0 0.016666668) - 5
#(0 0 0 0 0 0.0037037036) - 5
#(0 0 0 0 0 0) - 0
#(0 0 0 0 0 0.06666667) - 5
#(0 0 0 0 0 0.0037037036) - 5
#(0 0 0 0 0 0.0055555557) - 5
#(0 0 0 0 0 0.0037037036) - 5
#(0 0 0 0 0 0.07037037) - 5
#(0 0 0 0 0 0.046296295) - 5
#(0 0 0 0 0 0.0018518518) - 5
#(0 0 0 0 0 0) - 0
#(0 0 0 0 0 0) - 0
#(0 0 0 0 0 0) - 0
#(0 0 0 0 0 0) - 0
#(0 0 0 0 0 0.014814815) - 5
#(0 0 0 0 0 0.02037037) - 5
#(0 0 0 0 0 0) - 0
#(0 0 0 0 0 0.0074074073) - 5
#(0 0 0 0 0 0.0129629625) - 5
#(0 0 0 0 0 0.03888889) - 5
#(0 0 0 0 0 0.009259259) - 5
#(0 0 0 0 0 0.027777778) - 5
#(0 0 0 0 0 0.0074074073) - 5
#(0 0 0 0 0 0.053703703) - 5
#(0 0 0 0 0 0.027777778) - 5
#(0 0 0 0 0 0.014814815) - 5
#(0 0 0 0 0 0.025925925) - 5
#(0 0 0 0 0 0.014814815) - 5
#(0 0 0 0 0 0.0037037036) - 5
#(0 0 0 0 0 0.0074074073) - 5
#(0 0 0 0 0 0) - 0
#(0 0 0 0 0 0.0074074073) - 5
#(0 0 0 0 0 0.0055555557) - 5
#(0 0 0 0 0 0.016666668) - 5
#(0 0 0 0 0 0.011111111) - 5
#(0 0 0 0 0 0.027777778) - 5
#(0 0 0 0 0 0.0037037036) - 5
#(0 0 0 0 0 0.0018518518) - 5
#(0 0 0 0 0 0) - 0
#(0 0 0 0 0 0.037037037) - 5
#(0 0 0 0 0 0.0018518518) - 5
#(0 0 0 0 0 0.009259259) - 5
#(0 0 0 0 0 0.0055555557) - 5
#(0 0 0 0 0 0.022222223) - 5
#(0 0 0 0 0 0.053703703) - 5
#(0 0 0 0 0 0.024074074) - 5
#(0 0 0 0 0 0.027777778) - 5
#(0 0 0 0 0 0) - 0
#(0 0 0 0 0 0.014814815) - 5
#(0 0 0 0 0 0.024074074) - 5
#(0 0 0 0 0 0.075925924) - 5
#(0 0 0 0 0 0.016666668) - 5
#(0 0 0 0 0 0.016666668) - 5
#(0 0 0 0 0 0.08888889) - 5
#(0 0 0 0 0 0.05925926) - 5
#(0 0 0 0 0 0.025925925) - 5
#(0 0 0 0 0 0.02037037) - 5
#(0 0 0 0 0 0.014814815) - 5
#(0 0 0 0 0 0.074074075) - 5
#(0 0 0 0 0 0.06111111) - 5
#(0 0 0 0 0 0.072222225) - 5
#(0 0 0 0 0 0.085185185) - 5
#(0 0 0 0 0 0.0129629625) - 5
#(0 0 0 0 0 0.031481482) - 5
#(0 0 0 0 0 0.025925925) - 5
#(0 0 0 0 0 0.0037037036) - 5
#(0 0 0 0 0 0.022222223) - 5
#(0 0 0 0 0 0.031481482) - 5
#(0 0 0 0 0 0.07037037) - 5
#(0 0 0 0 0 0.062962964) - 5
#(0 0 0 0 0 0.035185184) - 5
#(0 0 0 0 0 0.022222223) - 5
#(0 0 0 0 0 0.033333335) - 5
#(0 0 0 0 0 0.022222223) - 5
#(0 0 0 0 0 0.037037037) - 5
#(0 0 0 0 0 0.0129629625) - 5
#(0 0 0 0 0 0.02037037) - 5
#(0 0 0 0 0 0.016666668) - 5
#(0 0 0 0 0 0.0074074073) - 5
#(0 0 0 0 0 0.024074074) - 5
#(0 0 0 0 0 0.0055555557) - 5
#(0 0 0 0 0 0.024074074) - 5
#(0 0 0 0 0 0.042592593) - 5
#(0 0 0 0 0 0.0018518518) - 5
#(0 0 0 0 0 0.014814815) - 5
#(0 0 0 0 0 0.046296295) - 5
#(0 0 0 0 0 0.0037037036) - 5
#(0 0 0 0 0 0.02037037) - 5
#(0 0 0 0 0 0.0129629625) - 5
#(0 0 0 0 0 0.022222223) - 5
#(0 0 0 0 0 0.025925925) - 5
#(0 0 0 0 0 0.0129629625) - 5
#(0 0 0 0 0 0.024074074) - 5
#(0 0 0 0 0 0.025925925) - 5
#(0 0 0 0 0 0.04074074) - 5
#(0 0 0 0 0 0.025925925) - 5
#(0 0 0 0 0 0.016666668) - 5
#(0 0 0 0 0 0.06481481) - 5
#(0 0 0 0 0 0.0037037036) - 5
#(0 0 0 0 0 0.048148148) - 5
#(0 0 0 0 0 0.037037037) - 5
#(0 0 0 0 0 0.107407406) - 5
#(0 0 0 0 0 0.074074075) - 5
#(0 0 0 0 0 0.10185185) - 5
#(0 0 0 0 0 0.035185184) - 5
#(0 0 0 0 0 0.0074074073) - 5
#(0 0 0 0 0 0) - 0
#(0 0 0 0 0 0.0129629625) - 5
#(0 0 0 0 0 0.083333336) - 5
#(0 0 0 0 0 0.06111111) - 5
#(0 0 0 0 0 0.083333336) - 5
#(0 0 0 0 0 0) - 0
#(0 0 0 0 0 0.0018518518) - 5
#(0 0 0 0 0 0.014814815) - 5
#(0 0 0 0 0 0.0055555557) - 5
#(0 0 0 0 0 0.0055555557) - 5
#(0 0 0 0 0 0.014814815) - 5
#(0 0 0 0 0 0.0129629625) - 5
#(0 0 0 0 0 0) - 0
#(0 0 0 0 0 0.06481481) - 5
#(0 0 0 0 0 0.05925926) - 5
#(0 0 0 0 0 0.0074074073) - 5
#(0 0 0 0 0 0.014814815) - 5
#(0 0 0 0 0 0.074074075) - 5
#(0 0 0 0 0 0.074074075) - 5
#(0 0 0 0 0 0.06851852) - 5
#(0 0 0 0 0 0.0074074073) - 5
#(0 0 0 0 0 0) - 0
#(0 0 0 0 0 0) - 0
#(0 0 0 0 0 0.05) - 5
#(0 0 0 0 0 0.07037037) - 5
#(0 0 0 0 0 0.016666668) - 5
#(0 0 0 0 0 0.033333335) - 5
#(0 0 0 0 0 0.0037037036) - 5
#(0 0 0 0 0 0.02037037) - 5
#(0 0 0 0 0 0.0018518518) - 5
#(0 0 0 0 0 0.014814815) - 5
#(0 0 0 0 0 0.014814815) - 5
#(0 0 0 0 0 0.05) - 5
#(0 0 0 0 0 0.07037037) - 5
#(0 0 0 0 0 0.016666668) - 5
#(0 0 0 0 0 0.024074074) - 5
#(0 0 0 0 0 0.0037037036) - 5
#(0 0 0 0 0 0.016666668) - 5
#(0 0 0 0 0 0.011111111) - 5
#(0 0 0 0 0 0.0037037036) - 5
#(0 0 0 0 0 0.014814815) - 5
#(0 0 0 0 0 0.0018518518) - 5
#(0 0 0 0 0 0.0037037036) - 5
#(0 0 0 0 0 0.03888889) - 5
#(0 0 0 0 0 0.018518519) - 5
#(0 0 0 0 0 0) - 0
#(0 0 0 0 0 0) - 0
#(0 0 0 0 0 0.0055555557) - 5
#(0 0 0 0 0 0) - 0
#(0 0 0 0 0 0) - 0
#(0 0 0 0 0 0) - 0
#(0 0 0 0 0 0.044444446) - 5
#(0 0 0 0 0 0.0074074073) - 5
#(0 0 0 0 0 0.027777778) - 5
#(0 0 0 0 0 0.0018518518) - 5
#(0 0 0 0 0 0.027777778) - 5
#(0 0 0 0 0 0.018518519) - 5
#(0 0 0 0 0 0.027777778) - 5
#(0 0 0 0 0 0.0037037036) - 5
#(0 0 0 0 0 0.0074074073) - 5
#(0 0 0 0 0 0.0018518518) - 5
#(0 0 0 0 0 0.06111111) - 5
#(0 0 0 0 0 0.0037037036) - 5
#(0 0 0 0 0 0.0037037036) - 5
#(0 0 0 0 0 0) - 0
#(0 0 0 0 0 0) - 0
#(0 0 0 0 0 0.0018518518) - 5
#(0 0 0 0 0 0.014814815) - 5
#(0 0 0 0 0 0.018518519) - 5
#(0 0 0 0 0 0.07037037) - 5
#(0 0 0 0 0 0.055555556) - 5
#(0 0 0 0 0 0) - 0
#(0 0 0 0 0 0.0018518518) - 5
#(0 0 0 0 0 0.0129629625) - 5
#(0 0 0 0 0 0.02962963) - 5
#(0 0 0 0 0 0.0129629625) - 5
#(0 0 0 0 0 0.022222223) - 5
#(0 0 0 0 0 0.0037037036) - 5
#(0 0 0 0 0 0.0074074073) - 5
#(0 0 0 0 0 0.0037037036) - 5
#(0 0 0 0 0 0.0018518518) - 5
#(0 0 0 0 0 0.018518519) - 5
#(0 0 0 0 0 0.05) - 5
#(0 0 0 0 0 0.025925925) - 5
#(0 0 0 0 0 0.06111111) - 5
#(0 0 0 0 0 0.011111111) - 5
#(0 0 0 0 0 0.042592593) - 5
#(0 0 0 0 0 0.025925925) - 5
#(0 0 0 0 0 0.046296295) - 5
#(0 0 0 0 0 0.03888889) - 5
#(0 0 0 0 0 0.062962964) - 5
#(0 0 0 0 0 0.08148148) - 5
#(0 0 0 0 0 0.016666668) - 5
#(0 0 0 0 0 0.072222225) - 5
#(0 0 0 0 0 0.0037037036) - 5
#(0 0 0 0 0 0.0055555557) - 5
#(0 0 0 0 0 0.037037037) - 5
#(0 0 0 0 0 0.014814815) - 5
#(0 0 0 0 0 0.025925925) - 5
#(0 0 0 0 0 0.035185184) - 5
#(0 0 0 0 0 0.02037037) - 5
#(0 0 0 0 0 0.05925926) - 5
#(0 0 0 0 0 0.009259259) - 5
#(0 0 0 0 0 0.0055555557) - 5
#(0 0 0 0 0 0.0018518518) - 5
#(0 0 0 0 0 0.035185184) - 5
#(0 0 0 0 0 0.0129629625) - 5
#(0 0 0 0 0 0.011111111) - 5
#(0 0 0 0 0 0.011111111) - 5
#(0 0 0 0 0 0.02037037) - 5
#(0 0 0 0 0 0.0129629625) - 5
#(0 0 0 0 0 0.0129629625) - 5
#(0 0 0 0 0 0.0018518518) - 5
#(0 0 0 0 0 0.022222223) - 5
#(0 0 0 0 0 0.014814815) - 5
#(0 0 0 0 0 0.0074074073) - 5
#(0 0 0 0 0 0.0074074073) - 5
#(0 0 0 0 0 0.0018518518) - 5
#(0 0 0 0 0 0.12222222) - 5
#(0 0 0 0 0 0.046296295) - 5
#(0 0 0 0 0 0.042592593) - 5
#(0 0 0 0 0 0.107407406) - 5
#(0 0 0 0 0 0.055555556) - 5
#(0 0 0 0 0 0.035185184) - 5
#(0 0 0 0 0 0.05185185) - 5
#(0 0 0 0 0 0.009259259) - 5
#(0 0 0 0 0 0.053703703) - 5
#(0 0 0 0 0 0.05740741) - 5
#(0 0 0 0 0 0.046296295) - 5
#(0 0 0 0 0 0.02037037) - 5
#(0 0 0 0 0 0.018518519) - 5
#(0 0 0 0 0 0.035185184) - 5
#(0 0 0 0 0 0.031481482) - 5
#(0 0 0 0 0 0.024074074) - 5
#(0 0 0 0 0 0.011111111) - 5
#(0 0 0 0 0 0.0018518518) - 5
#(0 0 0 0 0 0.0018518518) - 5
#(0 0 0 0 0 0.0037037036) - 5
#(0 0 0 0 0 0.037037037) - 5
#(0 0 0 0 0 0.035185184) - 5
#(0 0 0 0 0 0.031481482) - 5
#(0 0 0 0 0 0.024074074) - 5
#(0 0 0 0 0 0.0037037036) - 5
#(0 0 0 0 0 0.0074074073) - 5
#(0 0 0 0 0 0.062962964) - 5
#(0 0 0 0 0 0.05740741) - 5
#(0 0 0 0 0 0.13333334) - 5
#(0 0 0 0 0 0.037037037) - 5
#(0 0 0 0 0 0.048148148) - 5
#(0 0 0 0 0 0) - 0
#(0 0 0 0 0 0.018518519) - 5
#(0 0 0 0 0 0.011111111) - 5
#(0 0 0 0 0 0.044444446) - 5
#(0 0 0 0 0 0.044444446) - 5
#(0 0 0 0 0 0.037037037) - 5
#(0 0 0 0 0 0.10185185) - 5
#(0 0 0 0 0 0.05) - 5
#(0 0 0 0 0 0.0129629625) - 5
#(0 0 0 0 0 0.0074074073) - 5
#(0 0 0 0 0 0.0074074073) - 5
#(0 0 0 0 0 0.0018518518) - 5
#(0 0 0 0 0 0.0037037036) - 5
#(0 0 0 0 0 0.04074074) - 5
#(0 0 0 0 0 0.07037037) - 5
#(0 0 0 0 0 0.0037037036) - 5
#(0 0 0 0 0 0.05185185) - 5
#(0 0 0 0 0 0.011111111) - 5
#(0 0 0 0 0 0.024074074) - 5
#(0 0 0 0 0 0.044444446) - 5
#(0 0 0 0 0 0.07962963) - 5
#(0 0 0 0 0 0.083333336) - 5
#(0 0 0 0 0 0.094444446) - 5
#(0 0 0 0 0 0.05185185) - 5
#(0 0 0 0 0 0.06481481) - 5
#(0 0 0 0 0 0.06481481) - 5
#(0 0 0 0 0 0.018518519) - 5
#(0 0 0 0 0 0.037037037) - 5
#(0 0 0 0 0 0.05740741) - 5
#(0 0 0 0 0 0.014814815) - 5
#(0 0 0 0 0 0.0129629625) - 5
#(0 0 0 0 0 0.016666668) - 5
#(0 0 0 0 0 0.031481482) - 5
#(0 0 0 0 0 0.033333335) - 5
#(0 0 0 0 0 0.0129629625) - 5
#(0 0 0 0 0 0.011111111) - 5
#(0 0 0 0 0 0.027777778) - 5
#(0 0 0 0 0 0.009259259) - 5
#(0 0 0 0 0 0.024074074) - 5
#(0 0 0 0 0 0.0037037036) - 5
#(0 0 0 0 0 0.035185184) - 5
#(0 0 0 0 0 0.06481481) - 5
#(0 0 0 0 0 0.014814815) - 5
#(0 0 0 0 0 0.016666668) - 5
#(0 0 0 0 0 0.0074074073) - 5
#(0 0 0 0 0 0.022222223) - 5
#(0 0 0 0 0 0) - 0
#(0 0 0 0 0 0.027777778) - 5
#(0 0 0 0 0 0.0074074073) - 5
#(0 0 0 0 0 0.022222223) - 5
#(0 0 0 0 0 0.022222223) - 5
#(0 0 0 0 0 0.027777778) - 5
#(0 0 0 0 0 0.0037037036) - 5
#(0 0 0 0 0 0.016666668) - 5
#(0 0 0 0 0 0.011111111) - 5
#(0 0 0 0 0 0.009259259) - 5
#(0 0 0 0 0 0) - 0
#(0 0 0 0 0 0.022222223) - 5
#(0 0 0 0 0 0.031481482) - 5
#(0 0 0 0 0 0.009259259) - 5
#(0 0 0 0 0 0.053703703) - 5
#(0 0 0 0 0 0.022222223) - 5
#(0 0 0 0 0 0.031481482) - 5
#(0 0 0 0 0 0.025925925) - 5
#(0 0 0 0 0 0.07777778) - 5
#(0 0 0 0 0 0) - 0
#(0 0 0 0 0 0.02962963) - 5
#(0 0 0 0 0 0.016666668) - 5
#(0 0 0 0 0 0) - 0
#(0 0 0 0 0 0) - 0
#(0 0 0 0 0 0.0129629625) - 5
#(0 0 0 0 0 0.035185184) - 5
#(0 0 0 0 0 0.0129629625) - 5
#(0 0 0 0 0 0.0037037036) - 5
#(0 0 0 0 0 0.0074074073) - 5
#(0 0 0 0 0 0) - 0
#(0 0 0 0 0 0.011111111) - 5
#(0 0 0 0 0 0.0129629625) - 5
#(0 0 0 0 0 0) - 0
#(0 0 0 0 0 0) - 0
#(0 0 0 0 0 0.027777778) - 5
#(0 0 0 0 0 0.018518519) - 5
#(0 0 0 0 0 0.044444446) - 5
#(0 0 0 0 0 0.0074074073) - 5
#(0 0 0 0 0 0) - 0
#(0 0 0 0 0 0.02962963) - 5
#(0 0 0 0 0 0.014814815) - 5
#(0 0 0 0 0 0.04074074) - 5
#(0 0 0 0 0 0.024074074) - 5
#(0 0 0 0 0 0.014814815) - 5
#(0 0 0 0 0 0.011111111) - 5
#(0 0 0 0 0 0.016666668) - 5
#(0 0 0 0 0 0.022222223) - 5
#(0 0 0 0 0 0.025925925) - 5
#(0 0 0 0 0 0.027777778) - 5
#(0 0 0 0 0 0.014814815) - 5
#(0 0 0 0 0 0.027777778) - 5
#(0 0 0 0 0 0.024074074) - 5
#(0 0 0 0 0 0.037037037) - 5
#(0 0 0 0 0 0.0037037036) - 5
#(0 0 0 0 0 0.016666668) - 5
#(0 0 0 0 0 0.05740741) - 5
#(0 0 0 0 0 0.033333335) - 5
#(0 0 0 0 0 0.062962964) - 5
#(0 0 0 0 0 0.062962964) - 5
#(0 0 0 0 0 0.07037037) - 5
#(0 0 0 0 0 0.07037037) - 5
#(0 0 0 0 0 0.062962964) - 5
#(0 0 0 0 0 0.062962964) - 5
#(0 0 0 0 0 0.031481482) - 5
#(0 0 0 0 0 0.09074074) - 5
#(0 0 0 0 0 0.053703703) - 5
#(0 0 0 0 0 0.062962964) - 5
#(0 0 0 0 0 0.025925925) - 5
#(0 0 0 0 0 0) - 0
#(0 0 0 0 0 0.02962963) - 5
#(0 0 0 0 0 0.014814815) - 5
#(0 0 0 0 0 0.05185185) - 5
#(0 0 0 0 0 0.083333336) - 5
#(0 0 0 0 0 0.044444446) - 5
#(0 0 0 0 0 0.07962963) - 5
#(0 0 0 0 0 0.07037037) - 5
#(0 0 0 0 0 0.027777778) - 5
#(0 0 0 0 0 0.014814815) - 5
#(0 0 0 0 0 0.072222225) - 5
#(0 0 0 0 0 0.016666668) - 5
#(0 0 0 0 0 0.05) - 5
#(0 0 0 0 0 0.016666668) - 5
#(0 0 0 0 0 0.042592593) - 5
#(0 0 0 0 0 0.02962963) - 5
#(0 0 0 0 0 0.018518519) - 5
#(0 0 0 0 0 0.018518519) - 5
#(0 0 0 0 0 0) - 0
#(0 0 0 0 0 0.035185184) - 5
#(0 0 0 0 0 0.016666668) - 5
#(0 0 0 0 0 0.05185185) - 5
#(0 0 0 0 0 0.0037037036) - 5
#(0 0 0 0 0 0.02962963) - 5
#(0 0 0 0 0 0.018518519) - 5
#(0 0 0 0 0 0.042592593) - 5
#(0 0 0 0 0 0.022222223) - 5
#(0 0 0 0 0 0.053703703) - 5
#(0 0 0 0 0 0.07037037) - 5
#(0 0 0 0 0 0.035185184) - 5
#(0 0 0 0 0 0.014814815) - 5
#(0 0 0 0 0 0.024074074) - 5
#(0 0 0 0 0 0) - 0
#(0 0 0 0 0 0.0074074073) - 5
#(0 0 0 0 0 0.0129629625) - 5
#(0 0 0 0 0 0.014814815) - 5
#(0 0 0 0 0 0.0055555557) - 5
#(0 0 0 0 0 0.02037037) - 5
#(0 0 0 0 0 0.05740741) - 5
#(0 0 0 0 0 0.018518519) - 5
#(0 0 0 0 0 0.05740741) - 5
#(0 0 0 0 0 0.062962964) - 5
#(0 0 0 0 0 0.035185184) - 5
#(0 0 0 0 0 0.062962964) - 5
#(0 0 0 0 0 0.06666667) - 5
#(0 0 0 0 0 0.05925926) - 5
#(0 0 0 0 0 0.0074074073) - 5
#(0 0 0 0 0 0.062962964) - 5
#(0 0 0 0 0 0.024074074) - 5
#(0 0 0 0 0 0.0074074073) - 5
#(0 0 0 0 0 0.0018518518) - 5
#(0 0 0 0 0 0.031481482) - 5
#(0 0 0 0 0 0.0074074073) - 5
#(0 0 0 0 0 0.0074074073) - 5
#(0 0 0 0 0 0.0129629625) - 5
#(0 0 0 0 0 0.014814815) - 5
#(0 0 0 0 0 0.0055555557) - 5
#(0 0 0 0 0 0.035185184) - 5
#(0 0 0 0 0 0.0037037036) - 5
#(0 0 0 0 0 0.0018518518) - 5
#(0 0 0 0 0 0.0018518518) - 5
#(0 0 0 0 0 0) - 0
#(0 0 0 0 0 0.0018518518) - 5
#(0 0 0 0 0 0) - 0
#(0 0 0 0 0 0.009259259) - 5
#(0 0 0 0 0 0.0018518518) - 5
#(0 0 0 0 0 0.011111111) - 5
#(0 0 0 0 0 0.0018518518) - 5
#(0 0 0 0 0 0.014814815) - 5
#(0 0 0 0 0 0) - 0
#(0 0 0 0 0 0.0037037036) - 5
#(0 0 0 0 0 0.0037037036) - 5
#(0 0 0 0 0 0.0037037036) - 5
#(0 0 0 0 0 0.0037037036) - 5
#(0 0 0 0 0 0.0037037036) - 5
#(0 0 0 0 0 0.0037037036) - 5
#(0 0 0 0 0 0.0018518518) - 5
#(0 0 0 0 0 0.0037037036) - 5
#(0 0 0 0 0 0.0037037036) - 5
#(0 0 0 0 0 0.0037037036) - 5
#(0 0 0 0 0 0.0037037036) - 5
#(0 0 0 0 0 0.0037037036) - 5
#(0 0 0 0 0 0.0055555557) - 5
#(0 0 0 0 0 0.062962964) - 5
#(0 0 0 0 0 0.018518519) - 5
#(0 0 0 0 0 0.011111111) - 5
#(0 0 0 0 0 0.014814815) - 5
#(0 0 0 0 0 0.098148145) - 5
#(0 0 0 0 0 0.11851852) - 5
#(0 0 0 0 0 0.12222222) - 5
#(0 0 0 0 0 0.06851852) - 5
#(0 0 0 0 0 0.05185185) - 5
#(0 0 0 0 0 0.08148148) - 5
#(0 0 0 0 0 0.0129629625) - 5
#(0 0 0 0 0 0.02962963) - 5
#(0 0 0 0 0 0.055555556) - 5
#(0 0 0 0 0 0.0018518518) - 5
#(0 0 0 0 0 0.0074074073) - 5
#(0 0 0 0 0 0.024074074) - 5
#(0 0 0 0 0 0.04074074) - 5
#(0 0 0 0 0 0.07962963) - 5
#(0 0 0 0 0 0.094444446) - 5
#(0 0 0 0 0 0.087037034) - 5
#(0 0 0 0 0 0.037037037) - 5
#(0 0 0 0 0 0.02962963) - 5
#(0 0 0 0 0 0) - 0
#(0 0 0 0 0 0.05925926) - 5
#(0 0 0 0 0 0.02037037) - 5
#(0 0 0 0 0 0.0074074073) - 5
#(0 0 0 0 0 0.018518519) - 5
#(0 0 0 0 0 0.022222223) - 5
#(0 0 0 0 0 0.009259259) - 5
#(0 0 0 0 0 0.031481482) - 5
#(0 0 0 0 0 0.0055555557) - 5
#(0 0 0 0 0 0.03888889) - 5
#(0 0 0 0 0 0.062962964) - 5
#(0 0 0 0 0 0.0037037036) - 5
#(0 0 0 0 0 0.014814815) - 5
#(0 0 0 0 0 0.0018518518) - 5
#(0 0 0 0 0 0.011111111) - 5
#(0 0 0 0 0 0.014814815) - 5
#(0 0 0 0 0 0) - 0
#(0 0 0 0 0 0) - 0
#(0 0 0 0 0 0.0129629625) - 5
#(0 0 0 0 0 0.0018518518) - 5
#(0 0 0 0 0 0.0055555557) - 5
#(0 0 0 0 0 0.024074074) - 5
#(0 0 0 0 0 0) - 0
#(0 0 0 0 0 0.05925926) - 5
#(0 0 0 0 0 0.02037037) - 5
#(0 0 0 0 0 0.016666668) - 5
#(0 0 0 0 0 0.024074074) - 5
#(0 0 0 0 0 0) - 0
#(0 0 0 0 0 0.0055555557) - 5
#(0 0 0 0 0 0.17777778) - 5
#(0 0 0 0 0 0.033333335) - 5
#(0 0 0 0 0 0.1425926) - 5
#(0 0 0 0 0 0.035185184) - 5
#(0 0 0 0 0 0.046296295) - 5
#(0 0 0 0 0 0.027777778) - 5
#(0 0 0 0 0 0.03888889) - 5
#(0 0 0 0 0 0.025925925) - 5
#(0 0 0 0 0 0.02037037) - 5
#(0 0 0 0 0 0.083333336) - 5
#(0 0 0 0 0 0.009259259) - 5
#(0 0 0 0 0 0.025925925) - 5
#(0 0 0 0 0 0.10555556) - 5
#(0 0 0 0 0 0.1) - 5
#(0 0 0 0 0 0.11111111) - 5
#(0 0 0 0 0 0.1037037) - 5
#(0 0 0 0 0 0.05925926) - 5
#(0 0 0 0 0 0.0037037036) - 5
#(0 0 0 0 0 0) - 0
#(0 0 0 0 0 0) - 0
#(0 0 0 0 0 0.0037037036) - 5
#(0 0 0 0 0 0) - 0
#(0 0 0 0 0 0.0037037036) - 5
#(0 0 0 0 0 0) - 0
#(0 0 0 0 0 0.0018518518) - 5
#(0 0 0 0 0 0.0018518518) - 5
#(0 0 0 0 0 0.009259259) - 5
#(0 0 0 0 0 0.0037037036) - 5
#(0 0 0 0 0 0.05185185) - 5
#(0 0 0 0 0 0.0018518518) - 5
#(0 0 0 0 0 0.011111111) - 5
#(0 0 0 0 0 0.0037037036) - 5
#(0 0 0 0 0 0) - 0
#(0 0 0 0 0 0.0018518518) - 5
#(0 0 0 0 0 0.0018518518) - 5
#(0 0 0 0 0 0.0055555557) - 5
#(0 0 0 0 0 0.014814815) - 5
#(0 0 0 0 0 0.035185184) - 5
#(0 0 0 0 0 0.031481482) - 5
#(0 0 0 0 0 0.014814815) - 5
#(0 0 0 0 0 0.0037037036) - 5
#(0 0 0 0 0 0.033333335) - 5
#(0 0 0 0 0 0.035185184) - 5
#(0 0 0 0 0 0.011111111) - 5
#(0 0 0 0 0 0.0018518518) - 5
#(0 0 0 0 0 0) - 0
#(0 0 0 0 0 0.1037037) - 5
#(0 0 0 0 0 0.0018518518) - 5
#(0 0 0 0 0 0.06851852) - 5
#(0 0 0 0 0 0.022222223) - 5
#(0 0 0 0 0 0.02962963) - 5
#(0 0 0 0 0 0.055555556) - 5
#(0 0 0 0 0 0.06851852) - 5
#(0 0 0 0 0 0.02037037) - 5
#(0 0 0 0 0 0.0018518518) - 5
#(0 0 0 0 0 0.011111111) - 5
#(0 0 0 0 0 0.027777778) - 5
#(0 0 0 0 0 0.03888889) - 5
#(0 0 0 0 0 0.016666668) - 5
#(0 0 0 0 0 0.011111111) - 5
#(0 0 0 0 0 0.1037037) - 5
#(0 0 0 0 0 0.0129629625) - 5
#(0 0 0 0 0 0.075925924) - 5
#(0 0 0 0 0 0.022222223) - 5
#(0 0 0 0 0 0.0037037036) - 5
#(0 0 0 0 0 0) - 0
#(0 0 0 0 0 0.035185184) - 5
#(0 0 0 0 0 0.0037037036) - 5
#(0 0 0 0 0 0.0129629625) - 5
#(0 0 0 0 0 0.0129629625) - 5
#(0 0 0 0 0 0.018518519) - 5
#(0 0 0 0 0 0.0037037036) - 5
#(0 0 0 0 0 0.011111111) - 5
#(0 0 0 0 0 0.011111111) - 5
#(0 0 0 0 0 0.016666668) - 5
#(0 0 0 0 0 0.016666668) - 5
#(0 0 0 0 0 0.03888889) - 5
#(0 0 0 0 0 0.0037037036) - 5
#(0 0 0 0 0 0.0018518518) - 5
#(0 0 0 0 0 0.0055555557) - 5
#(0 0 0 0 0 0.0055555557) - 5
#(0 0 0 0 0 0.0037037036) - 5
#(0 0 0 0 0 0.0018518518) - 5
#(0 0 0 0 0 0.02037037) - 5
#(0 0 0 0 0 0.011111111) - 5
#(0 0 0 0 0 0.027777778) - 5
#(0 0 0 0 0 0) - 0
#(0 0 0 0 0 0.0037037036) - 5
#(0 0 0 0 0 0) - 0
#(0 0 0 0 0 0.018518519) - 5
#(0 0 0 0 0 0.027777778) - 5
#(0 0 0 0 0 0.0129629625) - 5
#(0 0 0 0 0 0) - 0
#(0 0 0 0 0 0.02962963) - 5
#(0 0 0 0 0 0.042592593) - 5
#(0 0 0 0 0 0.042592593) - 5
#(0 0 0 0 0 0.018518519) - 5
#(0 0 0 0 0 0.06851852) - 5
#(0 0 0 0 0 0.0129629625) - 5
#(0 0 0 0 0 0.0074074073) - 5
#(0 0 0 0 0 0.022222223) - 5
#(0 0 0 0 0 0.044444446) - 5
#(0 0 0 0 0 0.083333336) - 5
#(0 0 0 0 0 0.05185185) - 5
#(0 0 0 0 0 0.083333336) - 5
#(0 0 0 0 0 0.02037037) - 5
#(0 0 0 0 0 0.06481481) - 5
#(0 0 0 0 0 0.055555556) - 5
#(0 0 0 0 0 0.06481481) - 5
#(0 0 0 0 0 0.04074074) - 5
#(0 0 0 0 0 0.022222223) - 5
#(0 0 0 0 0 0.0018518518) - 5
#(0 0 0 0 0 0.05185185) - 5
#(0 0 0 0 0 0.04074074) - 5
#(0 0 0 0 0 0.05185185) - 5
#(0 0 0 0 0 0.053703703) - 5
#(0 0 0 0 0 0.037037037) - 5
#(0 0 0 0 0 0.05740741) - 5
#(0 0 0 0 0 0.05740741) - 5
#(0 0 0 0 0 0.018518519) - 5
#(0 0 0 0 0 0.035185184) - 5
#(0 0 0 0 0 0.14629629) - 5
#(0 0 0 0 0 0.027777778) - 5
#(0 0 0 0 0 0.15) - 5
#(0 0 0 0 0 0.009259259) - 5
#(0 0 0 0 0 0.009259259) - 5
#(0 0 0 0 0 0.0055555557) - 5
#(0 0 0 0 0 0.009259259) - 5
#(0 0 0 0 0 0.016666668) - 5
#(0 0 0 0 0 0.025925925) - 5
#(0 0 0 0 0 0.05740741) - 5
#(0 0 0 0 0 0.025925925) - 5
#(0 0 0 0 0 0.02037037) - 5
#(0 0 0 0 0 0.0037037036) - 5
#(0 0 0 0 0 0.0129629625) - 5
#(0 0 0 0 0 0.025925925) - 5
#(0 0 0 0 0 0.014814815) - 5
#(0 0 0 0 0 0.025925925) - 5
#(0 0 0 0 0 0.0129629625) - 5
#(0 0 0 0 0 0.011111111) - 5
#(0 0 0 0 0 0.018518519) - 5
#(0 0 0 0 0 0.018518519) - 5
#(0 0 0 0 0 0.035185184) - 5
#(0 0 0 0 0 0.062962964) - 5
#(0 0 0 0 0 0.03888889) - 5
#(0 0 0 0 0 0.042592593) - 5
#(0 0 0 0 0 0.022222223) - 5
#(0 0 0 0 0 0.0018518518) - 5
#(0 0 0 0 0 0.0037037036) - 5
#(0 0 0 0 0 0.035185184) - 5
#(0 0 0 0 0 0.0037037036) - 5
#(0 0 0 0 0 0.0037037036) - 5
#(0 0 0 0 0 0.027777778) - 5
#(0 0 0 0 0 0.044444446) - 5
#(0 0 0 0 0 0.02962963) - 5
#(0 0 0 0 0 0.027777778) - 5
#(0 0 0 0 0 0.024074074) - 5
#(0 0 0 0 0 0.0018518518) - 5
#(0 0 0 0 0 0.0037037036) - 5
#(0 0 0 0 0 0.0055555557) - 5
#(0 0 0 0 0 0.016666668) - 5
#(0 0 0 0 0 0.011111111) - 5
#(0 0 0 0 0 0.0037037036) - 5
#(0 0 0 0 0 0.0018518518) - 5
#(0 0 0 0 0 0) - 0
#(0 0 0 0 0 0.0129629625) - 5
#(0 0 0 0 0 0) - 0
#(0 0 0 0 0 0.0055555557) - 5
#(0 0 0 0 0 0) - 0
#(0 0 0 0 0 0.0037037036) - 5
#(0 0 0 0 0 0.0037037036) - 5
#(0 0 0 0 0 0.0074074073) - 5
#(0 0 0 0 0 0.0037037036) - 5
#(0 0 0 0 0 0.0055555557) - 5
#(0 0 0 0 0 0.0055555557) - 5
#(0 0 0 0 0 0.0055555557) - 5
#(0 0 0 0 0 0.0037037036) - 5
#(0 0 0 0 0 0.0018518518) - 5
#(0 0 0 0 0 0.0018518518) - 5
#(0 0 0 0 0 0.02037037) - 5
#(0 0 0 0 0 0) - 0
#(0 0 0 0 0 0.0018518518) - 5
#(0 0 0 0 0 0.009259259) - 5
#(0 0 0 0 0 0.014814815) - 5
#(0 0 0 0 0 0.0018518518) - 5
#(0 0 0 0 0 0.02037037) - 5
#(0 0 0 0 0 0.009259259) - 5
#(0 0 0 0 0 0.031481482) - 5
#(0 0 0 0 0 0.031481482) - 5
#(0 0 0 0 0 0.031481482) - 5
#(0 0 0 0 0 0) - 0
#(0 0 0 0 0 0.011111111) - 5
#(0 0 0 0 0 0) - 0
#(0 0 0 0 0 0) - 0
#(0 0 0 0 0 0.035185184) - 5
#(0 0 0 0 0 0.05) - 5
#(0 0 0 0 0 0.027777778) - 5
#(0 0 0 0 0 0.037037037) - 5
#(0 0 0 0 0 0.0074074073) - 5
#(0 0 0 0 0 0.07777778) - 5
#(0 0 0 0 0 0.053703703) - 5
#(0 0 0 0 0 0.04074074) - 5
#(0 0 0 0 0 0.016666668) - 5
#(0 0 0 0 0 0.0037037036) - 5
#(0 0 0 0 0 0.096296296) - 5
#(0 0 0 0 0 0.055555556) - 5
#(0 0 0 0 0 0.024074074) - 5
#(0 0 0 0 0 0.046296295) - 5
#(0 0 0 0 0 0.022222223) - 5
#(0 0 0 0 0 0.033333335) - 5
#(0 0 0 0 0 0.02037037) - 5
#(0 0 0 0 0 0.027777778) - 5
#(0 0 0 0 0 0.0037037036) - 5
#(0 0 0 0 0 0.07962963) - 5
#(0 0 0 0 0 0.10555556) - 5
#(0 0 0 0 0 0.048148148) - 5
#(0 0 0 0 0 0.044444446) - 5
#(0 0 0 0 0 0.042592593) - 5
#(0 0 0 0 0 0.062962964) - 5
#(0 0 0 0 0 0.025925925) - 5
#(0 0 0 0 0 0.035185184) - 5
#(0 0 0 0 0 0.12777779) - 5
#(0 0 0 0 0 0.011111111) - 5
#(0 0 0 0 0 0.12592593) - 5
#(0 0 0 0 0 0.009259259) - 5
#(0 0 0 0 0 0.0074074073) - 5
#(0 0 0 0 0 0) - 0
#(0 0 0 0 0 0.025925925) - 5
#(0 0 0 0 0 0.011111111) - 5
#(0 0 0 0 0 0.02962963) - 5
#(0 0 0 0 0 0.014814815) - 5
#(0 0 0 0 0 0.014814815) - 5
#(0 0 0 0 0 0.02037037) - 5
#(0 0 0 0 0 0.025925925) - 5
#(0 0 0 0 0 0.016666668) - 5
#(0 0 0 0 0 0.0055555557) - 5
#(0 0 0 0 0 0.0074074073) - 5
#(0 0 0 0 0 0.02037037) - 5
#(0 0 0 0 0 0.0074074073) - 5
#(0 0 0 0 0 0) - 0
#(0 0 0 0 0 0.016666668) - 5
#(0 0 0 0 0 0.016666668) - 5
#(0 0 0 0 0 0.016666668) - 5
#(0 0 0 0 0 0.0055555557) - 5
#(0 0 0 0 0 0.037037037) - 5
#(0 0 0 0 0 0.05740741) - 5
#(0 0 0 0 0 0.011111111) - 5
#(0 0 0 0 0 0.016666668) - 5
#(0 0 0 0 0 0.0074074073) - 5
#(0 0 0 0 0 0.04074074) - 5
#(0 0 0 0 0 0.02962963) - 5
#(0 0 0 0 0 0.031481482) - 5
#(0 0 0 0 0 0.022222223) - 5
#(0 0 0 0 0 0.0129629625) - 5
#(0 0 0 0 0 0.016666668) - 5
#(0 0 0 0 0 0.014814815) - 5
#(0 0 0 0 0 0.009259259) - 5
#(0 0 0 0 0 0.014814815) - 5
#(0 0 0 0 0 0.05) - 5
#(0 0 0 0 0 0.035185184) - 5
#(0 0 0 0 0 0.022222223) - 5
#(0 0 0 0 0 0.011111111) - 5
#(0 0 0 0 0 0.07962963) - 5
#(0 0 0 0 0 0.05925926) - 5
#(0 0 0 0 0 0.031481482) - 5
#(0 0 0 0 0 0.05185185) - 5
#(0 0 0 0 0 0.02962963) - 5
#(0 0 0 0 0 0.04074074) - 5
#(0 0 0 0 0 0.02962963) - 5
#(0 0 0 0 0 0.053703703) - 5
#(0 0 0 0 0 0.0055555557) - 5
#(0 0 0 0 0 0.0055555557) - 5
#(0 0 0 0 0 0.0129629625) - 5
#(0 0 0 0 0 0) - 0
#(0 0 0 0 0 0.014814815) - 5
#(0 0 0 0 0 0.0055555557) - 5
#(0 0 0 0 0 0.018518519) - 5
#(0 0 0 0 0 0.027777778) - 5
#(0 0 0 0 0 0.033333335) - 5
#(0 0 0 0 0 0.009259259) - 5
#(0 0 0 0 0 0.0074074073) - 5
#(0 0 0 0 0 0.0129629625) - 5
#(0 0 0 0 0 0.0055555557) - 5
#(0 0 0 0 0 0) - 0
#(0 0 0 0 0 0) - 0
#(0 0 0 0 0 0.009259259) - 5
#(0 0 0 0 0 0.0129629625) - 5
#(0 0 0 0 0 0.0018518518) - 5
#(0 0 0 0 0 0) - 0
#(0 0 0 0 0 0.0018518518) - 5
#(0 0 0 0 0 0.0074074073) - 5
#(0 0 0 0 0 0.011111111) - 5
#(0 0 0 0 0 0.016666668) - 5
#(0 0 0 0 0 0.0055555557) - 5
#(0 0 0 0 0 0.02037037) - 5
#(0 0 0 0 0 0.027777778) - 5
#(0 0 0 0 0 0.037037037) - 5
#(0 0 0 0 0 0.07962963) - 5
#(0 0 0 0 0 0.1388889) - 5
#(0 0 0 0 0 0.046296295) - 5
#(0 0 0 0 0 0.027777778) - 5
#(0 0 0 0 0 0.024074074) - 5
#(0 0 0 0 0 0.0037037036) - 5
#(0 0 0 0 0 0.0037037036) - 5
#(0 0 0 0 0 0.009259259) - 5
#(0 0 0 0 0 0.016666668) - 5
#(0 0 0 0 0 0.027777778) - 5
#(0 0 0 0 0 0.046296295) - 5
#(0 0 0 0 0 0.022222223) - 5
#(0 0 0 0 0 0.094444446) - 5
#(0 0 0 0 0 0.11666667) - 5
#(0 0 0 0 0 0.05185185) - 5
#(0 0 0 0 0 0.022222223) - 5
#(0 0 0 0 0 0.009259259) - 5
#(0 0 0 0 0 0.0055555557) - 5
#(0 0 0 0 0 0.15925926) - 5
#(0 0 0 0 0 0.085185185) - 5
#(0 0 0 0 0 0.05185185) - 5
#(0 0 0 0 0 0.018518519) - 5
#(0 0 0 0 0 0.075925924) - 5
#(0 0 0 0 0 0.06481481) - 5
#(0 0 0 0 0 0.024074074) - 5
#(0 0 0 0 0 0.062962964) - 5
#(0 0 0 0 0 0.04074074) - 5
#(0 0 0 0 0 0.15925926) - 5
#(0 0 0 0 0 0.085185185) - 5
#(0 0 0 0 0 0.05925926) - 5
#(0 0 0 0 0 0.009259259) - 5
#(0 0 0 0 0 0.02962963) - 5
#(0 0 0 0 0 0.011111111) - 5
#(0 0 0 0 0 0.0055555557) - 5
#(0 0 0 0 0 0.0129629625) - 5
#(0 0 0 0 0 0.0055555557) - 5
#(0 0 0 0 0 0.011111111) - 5
#(0 0 0 0 0 0.031481482) - 5
#(0 0 0 0 0 0.024074074) - 5
#(0 0 0 0 0 0.031481482) - 5
#(0 0 0 0 0 0.022222223) - 5
#(0 0 0 0 0 0.0037037036) - 5
#(0 0 0 0 0 0.02962963) - 5
#(0 0 0 0 0 0.025925925) - 5
#(0 0 0 0 0 0.02037037) - 5
#(0 0 0 0 0 0.009259259) - 5
#(0 0 0 0 0 0.053703703) - 5
#(0 0 0 0 0 0.014814815) - 5
#(0 0 0 0 0 0.035185184) - 5
#(0 0 0 0 0 0.02037037) - 5
#(0 0 0 0 0 0.035185184) - 5
#(0 0 0 0 0 0.024074074) - 5
#(0 0 0 0 0 0.018518519) - 5
#(0 0 0 0 0 0.02037037) - 5
#(0 0 0 0 0 0.02037037) - 5
#(0 0 0 0 0 0.031481482) - 5
#(0 0 0 0 0 0.037037037) - 5
#(0 0 0 0 0 0.0129629625) - 5
#(0 0 0 0 0 0.011111111) - 5
#(0 0 0 0 0 0.025925925) - 5
#(0 0 0 0 0 0.025925925) - 5
#(0 0 0 0 0 0.031481482) - 5
#(0 0 0 0 0 0.083333336) - 5
#(0 0 0 0 0 0) - 0
#(0 0 0 0 0 0.0037037036) - 5
#(0 0 0 0 0 0.014814815) - 5
#(0 0 0 0 0 0.0037037036) - 5
#(0 0 0 0 0 0.016666668) - 5
#(0 0 0 0 0 0.018518519) - 5
#(0 0 0 0 0 0.0018518518) - 5
#(0 0 0 0 0 0.0074074073) - 5
#(0 0 0 0 0 0.0018518518) - 5
#(0 0 0 0 0 0.011111111) - 5
#(0 0 0 0 0 0.016666668) - 5
#(0 0 0 0 0 0.024074074) - 5
#(0 0 0 0 0 0.0055555557) - 5
#(0 0 0 0 0 0.0129629625) - 5
#(0 0 0 0 0 0.048148148) - 5
#(0 0 0 0 0 0.0129629625) - 5
#(0 0 0 0 0 0.048148148) - 5
#(0 0 0 0 0 0.024074074) - 5
#(0 0 0 0 0 0) - 0
#(0 0 0 0 0 0.0037037036) - 5
#(0 0 0 0 0 0.025925925) - 5
#(0 0 0 0 0 0.025925925) - 5
#(0 0 0 0 0 0) - 0
#(0 0 0 0 0 0.024074074) - 5
#(0 0 0 0 0 0.011111111) - 5
#(0 0 0 0 0 0.046296295) - 5
#(0 0 0 0 0 0.0074074073) - 5
#(0 0 0 0 0 0.024074074) - 5
#(0 0 0 0 0 0.0129629625) - 5
#(0 0 0 0 0 0.011111111) - 5
#(0 0 0 0 0 0.0129629625) - 5
#(0 0 0 0 0 0) - 0
#(0 0 0 0 0 0.074074075) - 5
#(0 0 0 0 0 0.009259259) - 5
#(0 0 0 0 0 0.072222225) - 5
#(0 0 0 0 0 0) - 0
#(0 0 0 0 0 0.024074074) - 5
#(0 0 0 0 0 0.014814815) - 5
#(0 0 0 0 0 0.016666668) - 5
#(0 0 0 0 0 0.0129629625) - 5
#(0 0 0 0 0 0.044444446) - 5
#(0 0 0 0 0 0.06111111) - 5
#(0 0 0 0 0 0.10185185) - 5
#(0 0 0 0 0 0.035185184) - 5
#(0 0 0 0 0 0.06111111) - 5
#(0 0 0 0 0 0.048148148) - 5
#(0 0 0 0 0 0.072222225) - 5
#(0 0 0 0 0 0.107407406) - 5
#(0 0 0 0 0 0.009259259) - 5
#(0 0 0 0 0 0.035185184) - 5
#(0 0 0 0 0 0.05925926) - 5
#(0 0 0 0 0 0.07777778) - 5
#(0 0 0 0 0 0.06111111) - 5
#(0 0 0 0 0 0.035185184) - 5
#(0 0 0 0 0 0.018518519) - 5
#(0 0 0 0 0 0) - 0
#(0 0 0 0 0 0.0129629625) - 5
#(0 0 0 0 0 0.014814815) - 5
#(0 0 0 0 0 0.0129629625) - 5
#(0 0 0 0 0 0.0074074073) - 5
#(0 0 0 0 0 0.0018518518) - 5
#(0 0 0 0 0 0.024074074) - 5
#(0 0 0 0 0 0.025925925) - 5
#(0 0 0 0 0 0.0037037036) - 5
