
Grupo 0
#(0 0 0 0 0 0) - 0
#(0.031563845 0 0 0 0 0) - 0
#(0 0 0 0 0 0) - 0
#(0.027259685 0 0 0 0 0) - 0
#(0.008608322 0 0 0 0 0) - 0
#(0 0 0 0 0 0) - 0
#(0.0014347202 0 0 0 0 0) - 0
#(0.0028694405 0 0 0 0 0) - 0
#(0.0014347202 0 0 0 0 0) - 0
#(0 0 0 0 0 0) - 0
#(0 0 0 0 0 0) - 0
#(0.0014347202 0 0 0 0 0) - 0
#(0 0 0 0 0 0) - 0
#(0.037302725 0 0 0 0 0) - 0
#(0.05882353 0 0 0 0 0) - 0
#(0.048780486 0 0 0 0 0) - 0
#(0.035868004 0 0 0 0 0) - 0
#(0.055954088 0 0 0 0 0) - 0
#(0.04160689 0 0 0 0 0) - 0
#(0.031563845 0 0 0 0 0) - 0
#(0.05882353 0 0 0 0 0) - 0
#(0.050215207 0 0 0 0 0) - 0
#(0.06456241 0 0 0 0 0) - 0
#(0.040172167 0 0 0 0 0) - 0
#(0.07460545 0 0 0 0 0) - 0
#(0.07747489 0 0 0 0 0) - 0
#(0.05738881 0 0 0 0 0) - 0
#(0.032998566 0 0 0 0 0) - 0
#(0.05882353 0 0 0 0 0) - 0
#(0.050215207 0 0 0 0 0) - 0
#(0.05882353 0 0 0 0 0) - 0
#(0.044476327 0 0 0 0 0) - 0
#(0.038737446 0 0 0 0 0) - 0
#(0.032998566 0 0 0 0 0) - 0
#(0.050215207 0 0 0 0 0) - 0
#(0.035868004 0 0 0 0 0) - 0
#(0.032998566 0 0 0 0 0) - 0
#(0.040172167 0 0 0 0 0) - 0
#(0.050215207 0 0 0 0 0) - 0
#(0.050215207 0 0 0 0 0) - 0
#(0.043041606 0 0 0 0 0) - 0
#(0.028694404 0 0 0 0 0) - 0
#(0.012912482 0 0 0 0 0) - 0
#(0 0 0 0 0 0) - 0
#(0.017216643 0 0 0 0 0) - 0
#(0.010043042 0 0 0 0 0) - 0
#(0.004304161 0 0 0 0 0) - 0
#(0.0014347202 0 0 0 0 0) - 0
#(0.004304161 0 0 0 0 0) - 0
#(0.18220946 0 0 0 0 0) - 0
#(0.19942611 0 0 0 0 0) - 0
#(0.10473458 0 0 0 0 0) - 0
#(0.12195122 0 0 0 0 0) - 0
#(0.07604017 0 0 0 0 0) - 0
#(0.1779053 0 0 0 0 0) - 0
#(0.1764706 0 0 0 0 0) - 0
#(0.1205165 0 0 0 0 0) - 0
#(0.081779055 0 0 0 0 0) - 0
#(0.10473458 0 0 0 0 0) - 0
#(0.13199426 0 0 0 0 0) - 0
#(0.090387374 0 0 0 0 0) - 0
#(0.11764706 0 0 0 0 0) - 0
#(0.14347202 0 0 0 0 0) - 0
#(0.16355811 0 0 0 0 0) - 0
#(0.15208034 0 0 0 0 0) - 0
#(0.031563845 0 0 0 0 0) - 0
#(0.037302725 0 0 0 0 0) - 0
#(0.05738881 0 0 0 0 0) - 0
#(0.032998566 0 0 0 0 0) - 0
#(0.032998566 0 0 0 0 0) - 0
#(0.07604017 0 0 0 0 0) - 0
#(0.0028694405 0 0 0 0 0) - 0
#(0.0028694405 0 0 0 0 0) - 0
#(0.0014347202 0 0 0 0 0) - 0
#(0.010043042 0 0 0 0 0) - 0
#(0.010043042 0 0 0 0 0) - 0
#(0.014347202 0 0 0 0 0) - 0
#(0.004304161 0 0 0 0 0) - 0
#(0 0 0 0 0 0) - 0
#(0 0 0 0 0 0) - 0
#(0.0028694405 0 0 0 0 0) - 0
#(0.005738881 0 0 0 0 0) - 0
#(0.012912482 0 0 0 0 0) - 0
#(0.0028694405 0 0 0 0 0) - 0
#(0.011477762 0 0 0 0 0) - 0
#(0.0014347202 0 0 0 0 0) - 0
#(0.037302725 0 0 0 0 0) - 0
#(0.0028694405 0 0 0 0 0) - 0
#(0 0 0 0 0 0) - 0
#(0.032998566 0 0 0 0 0) - 0
#(0.044476327 0 0 0 0 0) - 0
#(0.070301294 0 0 0 0 0) - 0
#(0.027259685 0 0 0 0 0) - 0
#(0.031563845 0 0 0 0 0) - 0
#(0.045911048 0 0 0 0 0) - 0
#(0.044476327 0 0 0 0 0) - 0
#(0.038737446 0 0 0 0 0) - 0
#(0 0 0 0 0 0) - 0
#(0.007173601 0 0 0 0 0) - 0
#(0.032998566 0 0 0 0 0) - 0
#(0.0014347202 0 0 0 0 0) - 0
#(0.0014347202 0 0 0 0 0) - 0
#(0.005738881 0 0 0 0 0) - 0
#(0.11908178 0 0 0 0 0) - 0
#(0.09612626 0 0 0 0 0) - 0
#(0.08321378 0 0 0 0 0) - 0
#(0.07890961 0 0 0 0 0) - 0
#(0.11764706 0 0 0 0 0) - 0
#(0.10903874 0 0 0 0 0) - 0
#(0.017216643 0 0 0 0 0) - 0
#(0.0014347202 0 0 0 0 0) - 0
#(0.040172167 0 0 0 0 0) - 0
#(0 0 0 0 0 0) - 0
#(0 0 0 0 0 0) - 0
#(0.010043042 0 0 0 0 0) - 0
#(0 0 0 0 0 0) - 0
#(0 0 0 0 0 0) - 0
#(0 0 0 0 0 0) - 0
#(0.0014347202 0 0 0 0 0) - 0
#(0 0 0 0 0 0) - 0
#(0.004304161 0 0 0 0 0) - 0
#(0.070301294 0 0 0 0 0) - 0
#(0.12625538 0 0 0 0 0) - 0
#(0.07317073 0 0 0 0 0) - 0
#(0.111908175 0 0 0 0 0) - 0
#(0.1276901 0 0 0 0 0) - 0
#(0.12195122 0 0 0 0 0) - 0

Grupo 1
#(0 0 0 0 0 0) - 0
#(0 0 0 0 0 0) - 0
#(0 0 0 0 0 0) - 0
#(0 0 0 0 0 0) - 0
#(0 0 0 0 0 0) - 0
#(0 0 0 0 0 0) - 0
#(0 0 0 0 0 0) - 0
#(0 0 0 0 0 0) - 0
#(0 0 0 0 0 0) - 0
#(0 0 0 0 0 0) - 0
#(0 0 0 0 0 0) - 0
#(0 0 0 0 0 0) - 0
#(0 0 0 0 0 0) - 0
#(0 0 0 0 0 0) - 0
#(0 0 0 0 0 0) - 0
#(0 0 0 0 0 0) - 0
#(0 0 0 0 0 0) - 0
#(0 0 0 0 0 0) - 0
#(0 0 0 0 0 0) - 0
#(0 0 0 0 0 0) - 0
#(0 0 0 0 0 0) - 0
#(0 0 0 0 0 0) - 0
#(0 0 0 0 0 0) - 0
#(0 0 0 0 0 0) - 0
#(0 0 0 0 0 0) - 0
#(0 0 0 0 0 0) - 0
#(0 0 0 0 0 0) - 0
#(0 0 0 0 0 0) - 0
#(0 0 0 0 0 0) - 0
#(0 0 0 0 0 0) - 0
#(0 0 0 0 0 0) - 0
#(0 0 0 0 0 0) - 0
#(0 0 0 0 0 0) - 0
#(0 0 0 0 0 0) - 0
#(0 0 0 0 0 0) - 0
#(0 0 0 0 0 0) - 0
#(0 0 0 0 0 0) - 0
#(0 0 0 0 0 0) - 0
#(0 0 0 0 0 0) - 0
#(0 0 0 0 0 0) - 0
#(0 0 0 0 0 0) - 0
#(0 0 0 0 0 0) - 0
#(0 0 0 0 0 0) - 0
#(0 0 0 0 0 0) - 0
#(0 0 0 0 0 0) - 0
#(0 0 0 0 0 0) - 0
#(0 0 0 0 0 0) - 0
#(0 0 0 0 0 0) - 0
#(0 0 0 0 0 0) - 0
#(0 0 0 0 0 0) - 0
#(0 0 0 0 0 0) - 0
#(0 0 0 0 0 0) - 0
#(0 0 0 0 0 0) - 0
#(0 0 0 0 0 0) - 0
#(0 0 0 0 0 0) - 0
#(0 0 0 0 0 0) - 0
#(0 0 0 0 0 0) - 0
#(0 0 0 0 0 0) - 0
#(0 0 0 0 0 0) - 0
#(0 0 0 0 0 0) - 0
#(0 0 0 0 0 0) - 0
#(0 0 0 0 0 0) - 0
#(0 0 0 0 0 0) - 0
#(0 0 0 0 0 0) - 0
#(0 0 0 0 0 0) - 0
#(0 0 0 0 0 0) - 0
#(0 0 0 0 0 0) - 0
#(0 0 0 0 0 0) - 0
#(0 0 0 0 0 0) - 0
#(0 0 0 0 0 0) - 0
#(0 0 0 0 0 0) - 0
#(0 0 0 0 0 0) - 0
#(0 0 0 0 0 0) - 0
#(0 0 0 0 0 0) - 0
#(0 0 0 0 0 0) - 0
#(0 0 0 0 0 0) - 0
#(0 0 0 0 0 0) - 0
#(0 0 0 0 0 0) - 0
#(0 0 0 0 0 0) - 0
#(0 0 0 0 0 0) - 0
#(0 0 0 0 0 0) - 0
#(0 0 0 0 0 0) - 0
#(0 0 0 0 0 0) - 0
#(0 0 0 0 0 0) - 0
#(0 0 0 0 0 0) - 0
#(0 0 0 0 0 0) - 0
#(0 0 0 0 0 0) - 0
#(0 0 0 0 0 0) - 0
#(0 0 0 0 0 0) - 0
#(0 0 0 0 0 0) - 0
#(0 0 0 0 0 0) - 0
#(0 0 0 0 0 0) - 0
#(0 0 0 0 0 0) - 0
#(0 0 0 0 0 0) - 0
#(0 0 0 0 0 0) - 0
#(0 0 0 0 0 0) - 0
#(0 0 0 0 0 0) - 0
#(0 0 0 0 0 0) - 0
#(0 0 0 0 0 0) - 0
#(0 0 0 0 0 0) - 0
#(0 0 0 0 0 0) - 0
#(0 0 0 0 0 0) - 0
#(0 0 0 0 0 0) - 0
#(0 0 0 0 0 0) - 0
#(0 0 0 0 0 0) - 0
#(0 0 0 0 0 0) - 0
#(0 0 0 0 0 0) - 0
#(0 0 0 0 0 0) - 0
#(0 0 0 0 0 0) - 0
#(0 0 0 0 0 0) - 0
#(0 0 0 0 0 0) - 0
#(0 0 0 0 0 0) - 0
#(0 0 0 0 0 0) - 0
#(0 0 0 0 0 0) - 0
#(0 0 0 0 0 0) - 0
#(0 0 0 0 0 0) - 0
#(0 0 0 0 0 0) - 0
#(0 0 0 0 0 0) - 0
#(0 0 0 0 0 0) - 0
#(0 0 0 0 0 0) - 0
#(0 0.22727273 0 0 0 0) - 1
#(0 0.13636364 0 0 0 0) - 1
#(0 0.22727273 0 0 0 0) - 1
#(0 0.22727273 0 0 0 0) - 1
#(0 0.22727273 0 0 0 0) - 1
#(0 0.09090909 0 0 0 0) - 1
#(0 0.09090909 0 0 0 0) - 1
#(0 0.13636364 0 0 0 0) - 1
#(0 0.22727273 0 0 0 0) - 1
#(0 0.22727273 0 0 0 0) - 1
#(0 0.13636364 0 0 0 0) - 1
#(0 0.22727273 0 0 0 0) - 1
#(0 0.22727273 0 0 0 0) - 1
#(0 0.22727273 0 0 0 0) - 1
#(0 0.13636364 0 0 0 0) - 1
#(0 0 0 0 0 0) - 0
#(0 0 0 0 0 0) - 0
#(0 0 0 0 0 0) - 0
#(0 0 0 0 0 0) - 0
#(0 0 0 0 0 0) - 0
#(0 0 0 0 0 0) - 0
#(0 0 0 0 0 0) - 0
#(0 0 0 0 0 0) - 0
#(0 0 0 0 0 0) - 0
#(0 0 0 0 0 0) - 0
#(0 0 0 0 0 0) - 0
#(0 0 0 0 0 0) - 0
#(0 0 0 0 0 0) - 0
#(0 0 0 0 0 0) - 0
#(0 0 0 0 0 0) - 0
#(0 0 0 0 0 0) - 0
#(0 0 0 0 0 0) - 0
#(0 0 0 0 0 0) - 0
#(0 0 0 0 0 0) - 0
#(0 0 0 0 0 0) - 0
#(0 0 0 0 0 0) - 0
#(0 0 0 0 0 0) - 0
#(0 0 0 0 0 0) - 0
#(0 0 0 0 0 0) - 0
#(0 0 0 0 0 0) - 0
#(0 0 0 0 0 0) - 0
#(0 0 0 0 0 0) - 0
#(0 0 0 0 0 0) - 0
#(0 0 0 0 0 0) - 0
#(0 0 0 0 0 0) - 0
#(0 0 0 0 0 0) - 0
#(0 0 0 0 0 0) - 0
#(0 0 0 0 0 0) - 0
#(0 0 0 0 0 0) - 0
#(0 0 0 0 0 0) - 0
#(0 0 0 0 0 0) - 0
#(0 0 0 0 0 0) - 0
#(0 0 0 0 0 0) - 0
#(0 0 0 0 0 0) - 0
#(0 0 0 0 0 0) - 0
#(0 0 0 0 0 0) - 0
#(0 0 0 0 0 0) - 0
#(0 0 0 0 0 0) - 0
#(0 0 0 0 0 0) - 0
#(0 0 0 0 0 0) - 0
#(0 0 0 0 0 0) - 0
#(0 0 0 0 0 0) - 0
#(0 0 0 0 0 0) - 0
#(0 0 0 0 0 0) - 0
#(0 0 0 0 0 0) - 0
#(0 0 0 0 0 0) - 0
#(0 0 0 0 0 0) - 0
#(0 0 0 0 0 0) - 0
#(0 0 0 0 0 0) - 0
#(0 0 0 0 0 0) - 0
#(0 0 0 0 0 0) - 0
#(0 0 0 0 0 0) - 0
#(0 0 0 0 0 0) - 0
#(0 0 0 0 0 0) - 0
#(0 0 0 0 0 0) - 0
#(0 0 0 0 0 0) - 0
#(0 0 0 0 0 0) - 0
#(0 0 0 0 0 0) - 0
#(0 0 0 0 0 0) - 0
#(0 0 0 0 0 0) - 0
#(0 0 0 0 0 0) - 0
#(0 0 0 0 0 0) - 0
#(0 0 0 0 0 0) - 0
#(0 0 0 0 0 0) - 0
#(0 0 0 0 0 0) - 0
#(0 0 0 0 0 0) - 0
#(0 0 0 0 0 0) - 0
#(0 0 0 0 0 0) - 0
#(0 0 0 0 0 0) - 0
#(0 0 0 0 0 0) - 0
#(0 0 0 0 0 0) - 0
#(0 0 0 0 0 0) - 0
#(0 0 0 0 0 0) - 0
#(0 0 0 0 0 0) - 0
#(0 0 0 0 0 0) - 0
#(0 0 0 0 0 0) - 0
#(0 0 0 0 0 0) - 0
#(0 0 0 0 0 0) - 0
#(0 0 0 0 0 0) - 0
#(0 0 0 0 0 0) - 0
#(0 0 0 0 0 0) - 0
#(0 0 0 0 0 0) - 0
#(0 0 0 0 0 0) - 0
#(0 0 0 0 0 0) - 0
#(0 0 0 0 0 0) - 0
#(0 0 0 0 0 0) - 0
#(0 0 0 0 0 0) - 0
#(0 0 0 0 0 0) - 0
#(0 0 0 0 0 0) - 0
#(0 0 0 0 0 0) - 0
#(0 0 0 0 0 0) - 0
#(0 0 0 0 0 0) - 0
#(0 0 0 0 0 0) - 0
#(0 0 0 0 0 0) - 0
#(0 0 0 0 0 0) - 0
#(0 0 0 0 0 0) - 0
#(0 0 0 0 0 0) - 0
#(0 0 0 0 0 0) - 0
#(0 0 0 0 0 0) - 0
#(0 0 0 0 0 0) - 0
#(0 0 0 0 0 0) - 0
#(0 0 0 0 0 0) - 0
#(0 0 0 0 0 0) - 0
#(0 0 0 0 0 0) - 0
#(0 0 0 0 0 0) - 0
#(0 0 0 0 0 0) - 0
#(0 0 0 0 0 0) - 0
#(0 0 0 0 0 0) - 0
#(0 0 0 0 0 0) - 0
#(0 0 0 0 0 0) - 0
#(0 0 0 0 0 0) - 0
#(0 0 0 0 0 0) - 0
#(0 0 0 0 0 0) - 0
#(0 0 0 0 0 0) - 0
#(0 0 0 0 0 0) - 0
#(0 0 0 0 0 0) - 0
#(0 0 0 0 0 0) - 0
#(0 0 0 0 0 0) - 0
#(0 0 0 0 0 0) - 0
#(0 0 0 0 0 0) - 0
#(0 0 0 0 0 0) - 0
#(0 0 0 0 0 0) - 0
#(0 0 0 0 0 0) - 0
#(0 0 0 0 0 0) - 0
#(0 0 0 0 0 0) - 0
#(0 0 0 0 0 0) - 0
#(0 0 0 0 0 0) - 0
#(0 0 0 0 0 0) - 0
#(0 0 0 0 0 0) - 0
#(0 0 0 0 0 0) - 0
#(0 0 0 0 0 0) - 0
#(0 0 0 0 0 0) - 0
#(0 0 0 0 0 0) - 0
#(0 0 0 0 0 0) - 0
#(0 0 0 0 0 0) - 0
#(0 0 0 0 0 0) - 0
#(0 0 0 0 0 0) - 0
#(0 0 0 0 0 0) - 0
#(0 0 0 0 0 0) - 0
#(0 0 0 0 0 0) - 0
#(0 0 0 0 0 0) - 0
#(0 0 0 0 0 0) - 0
#(0 0 0 0 0 0) - 0
#(0 0 0 0 0 0) - 0
#(0 0 0 0 0 0) - 0
#(0 0 0 0 0 0) - 0
#(0 0 0 0 0 0) - 0
#(0 0 0 0 0 0) - 0
#(0 0 0 0 0 0) - 0
#(0 0 0 0 0 0) - 0
#(0 0 0 0 0 0) - 0
#(0 0 0 0 0 0) - 0
#(0 0 0 0 0 0) - 0
#(0 0 0 0 0 0) - 0
#(0 0 0 0 0 0) - 0
#(0 0 0 0 0 0) - 0
#(0 0 0 0 0 0) - 0
#(0 0 0 0 0 0) - 0
#(0 0 0 0 0 0) - 0
#(0 0 0 0 0 0) - 0
#(0 0 0 0 0 0) - 0
#(0 0 0 0 0 0) - 0
#(0 0 0 0 0 0) - 0
#(0 0 0 0 0 0) - 0
#(0 0 0 0 0 0) - 0
#(0 0 0 0 0 0) - 0
#(0 0 0 0 0 0) - 0
#(0 0 0 0 0 0) - 0
#(0 0 0 0 0 0) - 0
#(0 0 0 0 0 0) - 0
#(0 0 0 0 0 0) - 0
#(0 0 0 0 0 0) - 0
#(0 0 0 0 0 0) - 0
#(0 0 0 0 0 0) - 0
#(0 0 0 0 0 0) - 0
#(0 0 0 0 0 0) - 0
#(0 0 0 0 0 0) - 0
#(0 0 0 0 0 0) - 0
#(0 0 0 0 0 0) - 0
#(0 0 0 0 0 0) - 0
#(0 0 0 0 0 0) - 0
#(0 0 0 0 0 0) - 0
#(0 0 0 0 0 0) - 0
#(0 0 0 0 0 0) - 0
#(0 0 0 0 0 0) - 0
#(0 0 0 0 0 0) - 0
#(0 0 0 0 0 0) - 0
#(0 0 0 0 0 0) - 0
#(0 0 0 0 0 0) - 0
#(0 0 0 0 0 0) - 0
#(0 0 0 0 0 0) - 0
#(0 0 0 0 0 0) - 0
#(0 0 0 0 0 0) - 0
#(0 0 0 0 0 0) - 0
#(0 0 0 0 0 0) - 0
#(0 0 0 0 0 0) - 0
#(0 0 0 0 0 0) - 0
#(0 0 0 0 0 0) - 0
#(0 0 0 0 0 0) - 0
#(0 0 0 0 0 0) - 0
#(0 0 0 0 0 0) - 0
#(0 0 0 0 0 0) - 0
#(0 0 0 0 0 0) - 0
#(0 0 0 0 0 0) - 0
#(0 0 0 0 0 0) - 0
#(0 0 0 0 0 0) - 0
#(0 0 0 0 0 0) - 0
#(0 0 0 0 0 0) - 0
#(0 0 0 0 0 0) - 0
#(0 0 0 0 0 0) - 0
#(0 0 0 0 0 0) - 0
#(0 0 0 0 0 0) - 0
#(0 0 0 0 0 0) - 0
#(0 0 0 0 0 0) - 0
#(0 0 0 0 0 0) - 0
#(0 0 0 0 0 0) - 0
#(0 0 0 0 0 0) - 0
#(0 0 0 0 0 0) - 0
#(0 0 0 0 0 0) - 0
#(0 0 0 0 0 0) - 0
#(0 0 0 0 0 0) - 0
#(0 0 0 0 0 0) - 0
#(0 0 0 0 0 0) - 0
#(0 0 0 0 0 0) - 0
#(0 0 0 0 0 0) - 0
#(0 0 0 0 0 0) - 0
#(0 0 0 0 0 0) - 0
#(0 0 0 0 0 0) - 0
#(0 0 0 0 0 0) - 0
#(0 0 0 0 0 0) - 0
#(0 0 0 0 0 0) - 0
#(0 0 0 0 0 0) - 0
#(0 0 0 0 0 0) - 0
#(0 0 0 0 0 0) - 0
#(0 0 0 0 0 0) - 0
#(0 0 0 0 0 0) - 0
#(0 0 0 0 0 0) - 0
#(0 0 0 0 0 0) - 0
#(0 0 0 0 0 0) - 0
#(0 0 0 0 0 0) - 0
#(0 0 0 0 0 0) - 0
#(0 0 0 0 0 0) - 0
#(0 0 0 0 0 0) - 0
#(0 0 0 0 0 0) - 0
#(0 0 0 0 0 0) - 0
#(0 0 0 0 0 0) - 0
#(0 0 0 0 0 0) - 0
#(0 0 0 0 0 0) - 0
#(0 0 0 0 0 0) - 0
#(0 0 0 0 0 0) - 0
#(0 0 0 0 0 0) - 0
#(0 0 0 0 0 0) - 0
#(0 0 0 0 0 0) - 0
#(0 0 0 0 0 0) - 0
#(0 0 0 0 0 0) - 0
#(0 0 0 0 0 0) - 0
#(0 0 0 0 0 0) - 0
#(0 0 0 0 0 0) - 0
#(0 0 0 0 0 0) - 0
#(0 0 0 0 0 0) - 0
#(0 0 0 0 0 0) - 0
#(0 0 0 0 0 0) - 0
#(0 0 0 0 0 0) - 0
#(0 0 0 0 0 0) - 0
#(0 0 0 0 0 0) - 0
#(0 0 0 0 0 0) - 0
#(0 0 0 0 0 0) - 0
#(0 0 0 0 0 0) - 0
#(0 0 0 0 0 0) - 0
#(0 0 0 0 0 0) - 0
#(0 0 0 0 0 0) - 0
#(0 0 0 0 0 0) - 0
#(0 0 0 0 0 0) - 0
#(0 0 0 0 0 0) - 0
#(0 0 0 0 0 0) - 0
#(0 0 0 0 0 0) - 0
#(0 0 0 0 0 0) - 0
#(0 0 0 0 0 0) - 0
#(0 0 0 0 0 0) - 0
#(0 0 0 0 0 0) - 0
#(0 0 0 0 0 0) - 0
#(0 0 0 0 0 0) - 0
#(0 0 0 0 0 0) - 0
#(0 0 0 0 0 0) - 0
#(0 0 0 0 0 0) - 0
#(0 0 0 0 0 0) - 0
#(0 0 0 0 0 0) - 0
#(0 0 0 0 0 0) - 0
#(0 0 0 0 0 0) - 0
#(0 0 0 0 0 0) - 0
#(0 0 0 0 0 0) - 0
#(0 0 0 0 0 0) - 0
#(0 0 0 0 0 0) - 0
#(0 0 0 0 0 0) - 0
#(0 0 0 0 0 0) - 0
#(0 0 0 0 0 0) - 0
#(0 0 0 0 0 0) - 0
#(0 0 0 0 0 0) - 0
#(0 0 0 0 0 0) - 0
#(0 0 0 0 0 0) - 0
#(0 0 0 0 0 0) - 0
#(0 0 0 0 0 0) - 0
#(0 0 0 0 0 0) - 0
#(0 0 0 0 0 0) - 0
#(0 0 0 0 0 0) - 0
#(0 0 0 0 0 0) - 0
#(0 0 0 0 0 0) - 0
#(0 0 0 0 0 0) - 0
#(0 0 0 0 0 0) - 0
#(0 0 0 0 0 0) - 0
#(0 0 0 0 0 0) - 0
#(0 0 0 0 0 0) - 0
#(0 0 0 0 0 0) - 0
#(0 0 0 0 0 0) - 0
#(0 0 0 0 0 0) - 0
#(0 0 0 0 0 0) - 0
#(0 0 0 0 0 0) - 0
#(0 0 0 0 0 0) - 0
#(0 0 0 0 0 0) - 0
#(0 0 0 0 0 0) - 0
#(0 0 0 0 0 0) - 0
#(0 0 0 0 0 0) - 0
#(0 0 0 0 0 0) - 0
#(0 0 0 0 0 0) - 0
#(0 0 0 0 0 0) - 0
#(0 0 0 0 0 0) - 0
#(0 0 0 0 0 0) - 0
#(0 0 0 0 0 0) - 0
#(0 0 0 0 0 0) - 0
#(0 0 0 0 0 0) - 0
#(0 0 0 0 0 0) - 0
#(0 0 0 0 0 0) - 0
#(0 0 0 0 0 0) - 0
#(0 0 0 0 0 0) - 0
#(0 0 0 0 0 0) - 0
#(0 0 0 0 0 0) - 0
#(0 0 0 0 0 0) - 0
#(0 0 0 0 0 0) - 0
#(0 0 0 0 0 0) - 0
#(0 0 0 0 0 0) - 0
#(0 0 0 0 0 0) - 0
#(0 0 0 0 0 0) - 0
#(0 0 0 0 0 0) - 0
#(0 0 0 0 0 0) - 0
#(0 0 0 0 0 0) - 0
#(0 0 0 0 0 0) - 0
#(0 0 0 0 0 0) - 0
#(0 0 0 0 0 0) - 0
#(0 0 0 0 0 0) - 0
#(0 0 0 0 0 0) - 0
#(0 0 0 0 0 0) - 0
#(0 0 0 0 0 0) - 0
#(0 0 0 0 0 0) - 0
#(0 0 0 0 0 0) - 0
#(0 0 0 0 0 0) - 0
#(0 0 0 0 0 0) - 0
#(0 0 0 0 0 0) - 0
#(0 0 0 0 0 0) - 0
#(0 0 0 0 0 0) - 0
#(0 0 0 0 0 0) - 0
#(0 0 0 0 0 0) - 0
#(0 0 0 0 0 0) - 0
#(0 0 0 0 0 0) - 0
#(0 0 0 0 0 0) - 0
#(0 0 0 0 0 0) - 0
#(0 0 0 0 0 0) - 0
#(0 0 0 0 0 0) - 0
#(0 0 0 0 0 0) - 0
#(0 0 0 0 0 0) - 0
#(0 0 0 0 0 0) - 0
#(0 0 0 0 0 0) - 0
#(0 0 0 0 0 0) - 0
#(0 0 0 0 0 0) - 0
#(0 0 0 0 0 0) - 0
#(0 0 0 0 0 0) - 0
#(0 0 0 0 0 0) - 0
#(0 0 0 0 0 0) - 0
#(0 0 0 0 0 0) - 0
#(0 0 0 0 0 0) - 0
#(0 0 0 0 0 0) - 0
#(0 0 0 0 0 0) - 0
#(0 0 0 0 0 0) - 0
#(0 0 0 0 0 0) - 0
#(0 0 0 0 0 0) - 0
#(0 0 0 0 0 0) - 0
#(0 0 0 0 0 0) - 0
#(0 0 0 0 0 0) - 0
#(0 0 0 0 0 0) - 0
#(0 0 0 0 0 0) - 0
#(0 0 0 0 0 0) - 0
#(0 0 0 0 0 0) - 0
#(0 0 0 0 0 0) - 0
#(0 0 0 0 0 0) - 0
#(0 0 0 0 0 0) - 0
#(0 0 0 0 0 0) - 0
#(0 0 0 0 0 0) - 0
#(0 0 0 0 0 0) - 0
#(0 0 0 0 0 0) - 0
#(0 0 0 0 0 0) - 0
#(0 0 0 0 0 0) - 0
#(0 0 0 0 0 0) - 0
#(0 0 0 0 0 0) - 0
#(0 0 0 0 0 0) - 0
#(0 0 0 0 0 0) - 0
#(0 0 0 0 0 0) - 0
#(0 0 0 0 0 0) - 0
#(0 0 0 0 0 0) - 0
#(0 0 0 0 0 0) - 0
#(0 0 0 0 0 0) - 0
#(0 0 0 0 0 0) - 0
#(0 0 0 0 0 0) - 0
#(0 0 0 0 0 0) - 0
#(0 0 0 0 0 0) - 0
#(0 0 0 0 0 0) - 0
#(0 0 0 0 0 0) - 0
#(0 0 0 0 0 0) - 0
#(0 0 0 0 0 0) - 0
#(0 0 0 0 0 0) - 0
#(0 0 0 0 0 0) - 0
#(0 0 0 0 0 0) - 0
#(0 0 0 0 0 0) - 0
#(0 0 0 0 0 0) - 0
#(0 0 0 0 0 0) - 0
#(0 0 0 0 0 0) - 0
#(0 0 0 0 0 0) - 0
#(0 0 0 0 0 0) - 0
#(0 0 0 0 0 0) - 0
#(0 0 0 0 0 0) - 0
#(0 0 0 0 0 0) - 0
#(0 0 0 0 0 0) - 0
#(0 0 0 0 0 0) - 0
#(0 0 0 0 0 0) - 0
#(0 0 0 0 0 0) - 0
#(0 0 0 0 0 0) - 0
#(0 0 0 0 0 0) - 0
#(0 0 0 0 0 0) - 0
#(0 0 0 0 0 0) - 0
#(0 0 0 0 0 0) - 0
#(0 0 0 0 0 0) - 0
#(0 0 0 0 0 0) - 0
#(0 0 0 0 0 0) - 0
#(0 0 0 0 0 0) - 0
#(0 0 0 0 0 0) - 0
#(0 0 0 0 0 0) - 0
#(0 0 0 0 0 0) - 0
#(0 0 0 0 0 0) - 0
#(0 0 0 0 0 0) - 0
#(0 0 0 0 0 0) - 0
#(0 0 0 0 0 0) - 0
#(0 0 0 0 0 0) - 0
#(0 0 0 0 0 0) - 0
#(0 0 0 0 0 0) - 0
#(0 0 0 0 0 0) - 0
#(0 0 0 0 0 0) - 0
#(0 0 0 0 0 0) - 0
#(0 0 0 0 0 0) - 0
#(0 0 0 0 0 0) - 0
#(0 0 0 0 0 0) - 0
#(0 0 0 0 0 0) - 0
#(0 0 0 0 0 0) - 0
#(0 0 0 0 0 0) - 0
#(0 0 0 0 0 0) - 0
#(0 0 0 0 0 0) - 0
#(0 0 0 0 0 0) - 0
#(0 0 0 0 0 0) - 0
#(0 0 0 0 0 0) - 0
#(0 0 0 0 0 0) - 0
#(0 0 0 0 0 0) - 0
#(0 0 0 0 0 0) - 0
#(0 0 0 0 0 0) - 0
#(0 0 0 0 0 0) - 0
#(0 0 0 0 0 0) - 0
#(0 0 0 0 0 0) - 0
#(0 0 0 0 0 0) - 0
#(0 0 0 0 0 0) - 0
#(0 0 0 0 0 0) - 0
#(0 0 0 0 0 0) - 0
#(0 0 0 0 0 0) - 0
#(0 0 0 0 0 0) - 0
#(0 0 0 0 0 0) - 0
#(0 0 0 0 0 0) - 0
#(0 0 0 0 0 0) - 0
#(0 0 0 0 0 0) - 0
#(0 0 0 0 0 0) - 0
#(0 0 0 0 0 0) - 0
#(0 0 0 0 0 0) - 0
#(0 0 0 0 0 0) - 0
#(0 0 0 0 0 0) - 0
#(0 0 0 0 0 0) - 0
#(0 0 0 0 0 0) - 0
#(0 0 0 0 0 0) - 0
#(0 0 0 0 0 0) - 0
#(0 0 0 0 0 0) - 0
#(0 0 0 0 0 0) - 0
#(0 0 0 0 0 0) - 0
#(0 0 0 0 0 0) - 0
#(0 0 0 0 0 0) - 0
#(0 0 0 0 0 0) - 0
#(0 0 0 0 0 0) - 0
#(0 0 0 0 0 0) - 0
#(0 0 0 0 0 0) - 0
#(0 0 0 0 0 0) - 0
#(0 0 0 0 0 0) - 0
#(0 0 0 0 0 0) - 0
#(0 0 0 0 0 0) - 0
#(0 0 0 0 0 0) - 0
#(0 0 0 0 0 0) - 0
#(0 0 0 0 0 0) - 0
#(0 0 0 0 0 0) - 0
#(0 0 0 0 0 0) - 0
#(0 0 0 0 0 0) - 0
#(0 0 0 0 0 0) - 0
#(0 0 0 0 0 0) - 0
#(0 0 0 0 0 0) - 0
#(0 0 0 0 0 0) - 0
#(0 0.6818182 0 0 0 0) - 1
#(0 0.6363636 0 0 0 0) - 1
#(0 0.6818182 0 0 0 0) - 1
#(0 0.6363636 0 0 0 0) - 1
#(0 0.6818182 0 0 0 0) - 1
#(0 0.5 0 0 0 0) - 1
#(0 0.59090906 0 0 0 0) - 1
#(0 0.54545456 0 0 0 0) - 1
#(0 0.6363636 0 0 0 0) - 1
#(0 0.5 0 0 0 0) - 1
#(0 0.54545456 0 0 0 0) - 1
#(0 0.5 0 0 0 0) - 1
#(0 0.45454547 0 0 0 0) - 1
#(0 0.45454547 0 0 0 0) - 1
#(0 0.5 0 0 0 0) - 1
#(0 0.36363637 0 0 0 0) - 1
#(0 0.4090909 0 0 0 0) - 1
#(0 0.36363637 0 0 0 0) - 1
#(0 0.45454547 0 0 0 0) - 1
#(0 0.45454547 0 0 0 0) - 1
#(0 0.45454547 0 0 0 0) - 1
#(0 0.45454547 0 0 0 0) - 1
#(0 0.6363636 0 0 0 0) - 1
#(0 0.59090906 0 0 0 0) - 1
#(0 0.54545456 0 0 0 0) - 1
#(0 0.59090906 0 0 0 0) - 1
#(0 0.59090906 0 0 0 0) - 1
#(0 0.6818182 0 0 0 0) - 1
#(0 0.6363636 0 0 0 0) - 1
#(0 0.6818182 0 0 0 0) - 1
#(0 0.6363636 0 0 0 0) - 1
#(0 0.54545456 0 0 0 0) - 1
#(0 0.54545456 0 0 0 0) - 1
#(0 0.59090906 0 0 0 0) - 1
#(0 0.54545456 0 0 0 0) - 1
#(0 0.5 0 0 0 0) - 1
#(0 0.5 0 0 0 0) - 1
#(0 0.5 0 0 0 0) - 1
#(0 0.45454547 0 0 0 0) - 1
#(0 0.4090909 0 0 0 0) - 1
#(0 0.5 0 0 0 0) - 1
#(0 0.54545456 0 0 0 0) - 1
#(0 0.54545456 0 0 0 0) - 1
#(0 0.5 0 0 0 0) - 1
#(0 0.6818182 0 0 0 0) - 1
#(0 0.6363636 0 0 0 0) - 1
#(0 0.6818182 0 0 0 0) - 1
#(0 0.6363636 0 0 0 0) - 1
#(0 0.54545456 0 0 0 0) - 1
#(0 0.5 0 0 0 0) - 1
#(0 0.5 0 0 0 0) - 1
#(0 0.5 0 0 0 0) - 1
#(0 0.6363636 0 0 0 0) - 1
#(0 0.59090906 0 0 0 0) - 1
#(0 0.4090909 0 0 0 0) - 1
#(0 0.54545456 0 0 0 0) - 1
#(0 0.45454547 0 0 0 0) - 1
#(0 0.59090906 0 0 0 0) - 1
#(0 0.59090906 0 0 0 0) - 1
#(0 0.54545456 0 0 0 0) - 1
#(0 0.59090906 0 0 0 0) - 1
#(0 0.6363636 0 0 0 0) - 1
#(0 0.5 0 0 0 0) - 1
#(0 0.36363637 0 0 0 0) - 1
#(0 0 0 0 0 0) - 0
#(0 0 0 0 0 0) - 0
#(0 0 0 0 0 0) - 0
#(0 0 0 0 0 0) - 0
#(0 0 0 0 0 0) - 0
#(0 0 0 0 0 0) - 0
#(0 0 0 0 0 0) - 0
#(0 0 0 0 0 0) - 0
#(0 0 0 0 0 0) - 0
#(0 0 0 0 0 0) - 0
#(0 0 0 0 0 0) - 0
#(0 0 0 0 0 0) - 0
#(0 0 0 0 0 0) - 0
#(0 0 0 0 0 0) - 0
#(0 0 0 0 0 0) - 0
#(0 0 0 0 0 0) - 0
#(0 0 0 0 0 0) - 0
#(0 0 0 0 0 0) - 0
#(0 0 0 0 0 0) - 0
#(0 0 0 0 0 0) - 0
#(0 0 0 0 0 0) - 0
#(0 0 0 0 0 0) - 0
#(0 0 0 0 0 0) - 0
#(0 0 0 0 0 0) - 0
#(0 0 0 0 0 0) - 0
#(0 0 0 0 0 0) - 0
#(0 0 0 0 0 0) - 0
#(0 0 0 0 0 0) - 0
#(0 0 0 0 0 0) - 0
#(0 0 0 0 0 0) - 0
#(0 0 0 0 0 0) - 0
#(0 0 0 0 0 0) - 0
#(0 0 0 0 0 0) - 0
#(0 0 0 0 0 0) - 0
#(0 0 0 0 0 0) - 0
#(0 0 0 0 0 0) - 0
#(0 0 0 0 0 0) - 0
#(0 0 0 0 0 0) - 0
#(0 0 0 0 0 0) - 0
#(0 0 0 0 0 0) - 0
#(0 0 0 0 0 0) - 0
#(0 0 0 0 0 0) - 0
#(0 0 0 0 0 0) - 0
#(0 0 0 0 0 0) - 0
#(0 0 0 0 0 0) - 0
#(0 0 0 0 0 0) - 0
#(0 0 0 0 0 0) - 0
#(0 0 0 0 0 0) - 0
#(0 0 0 0 0 0) - 0
#(0 0 0 0 0 0) - 0
#(0 0 0 0 0 0) - 0
#(0 0 0 0 0 0) - 0
#(0 0 0 0 0 0) - 0
#(0 0 0 0 0 0) - 0
#(0 0 0 0 0 0) - 0
#(0 0 0 0 0 0) - 0
#(0 0 0 0 0 0) - 0
#(0 0 0 0 0 0) - 0
#(0 0 0 0 0 0) - 0
#(0 0 0 0 0 0) - 0
#(0 0 0 0 0 0) - 0
#(0 0 0 0 0 0) - 0
#(0 0 0 0 0 0) - 0
#(0 0 0 0 0 0) - 0
#(0 0 0 0 0 0) - 0
#(0 0 0 0 0 0) - 0
#(0 0 0 0 0 0) - 0
#(0 0 0 0 0 0) - 0
#(0 0 0 0 0 0) - 0
#(0 0 0 0 0 0) - 0
#(0 0 0 0 0 0) - 0
#(0 0 0 0 0 0) - 0
#(0 0 0 0 0 0) - 0
#(0 0 0 0 0 0) - 0
#(0 0 0 0 0 0) - 0
#(0 0 0 0 0 0) - 0
#(0 0 0 0 0 0) - 0
#(0 0 0 0 0 0) - 0
#(0 0 0 0 0 0) - 0
#(0 0 0 0 0 0) - 0
#(0 0 0 0 0 0) - 0
#(0 0 0 0 0 0) - 0
#(0 0 0 0 0 0) - 0
#(0 0 0 0 0 0) - 0
#(0 0 0 0 0 0) - 0
#(0 0 0 0 0 0) - 0
#(0 0 0 0 0 0) - 0
#(0 0 0 0 0 0) - 0
#(0 0 0 0 0 0) - 0
#(0 0 0 0 0 0) - 0
#(0 0 0 0 0 0) - 0
#(0 0 0 0 0 0) - 0
#(0 0 0 0 0 0) - 0
#(0 0 0 0 0 0) - 0
#(0 0 0 0 0 0) - 0
#(0 0 0 0 0 0) - 0
#(0 0 0 0 0 0) - 0
#(0 0 0 0 0 0) - 0
#(0 0 0 0 0 0) - 0
#(0 0 0 0 0 0) - 0
#(0 0 0 0 0 0) - 0
#(0 0 0 0 0 0) - 0
#(0 0 0 0 0 0) - 0
#(0 0 0 0 0 0) - 0
#(0 0 0 0 0 0) - 0
#(0 0 0 0 0 0) - 0
#(0 0 0 0 0 0) - 0
#(0 0 0 0 0 0) - 0
#(0 0 0 0 0 0) - 0
#(0 0 0 0 0 0) - 0
#(0 0 0 0 0 0) - 0
#(0 0 0 0 0 0) - 0
#(0 0 0 0 0 0) - 0
#(0 0 0 0 0 0) - 0
#(0 0 0 0 0 0) - 0
#(0 0 0 0 0 0) - 0
#(0 0 0 0 0 0) - 0
#(0 0 0 0 0 0) - 0
#(0 0 0 0 0 0) - 0
#(0 0 0 0 0 0) - 0
#(0 0 0 0 0 0) - 0
#(0 0 0 0 0 0) - 0
#(0 0 0 0 0 0) - 0
#(0 0 0 0 0 0) - 0
#(0 0 0 0 0 0) - 0
#(0 0 0 0 0 0) - 0
#(0 0 0 0 0 0) - 0
#(0 0 0 0 0 0) - 0
#(0 0 0 0 0 0) - 0
#(0 0 0 0 0 0) - 0
#(0 0 0 0 0 0) - 0
#(0 0 0 0 0 0) - 0
#(0 0 0 0 0 0) - 0
#(0 0 0 0 0 0) - 0
#(0 0 0 0 0 0) - 0
#(0 0 0 0 0 0) - 0
#(0 0 0 0 0 0) - 0
#(0 0 0 0 0 0) - 0
#(0 0 0 0 0 0) - 0
#(0 0 0 0 0 0) - 0
#(0 0 0 0 0 0) - 0
#(0 0 0 0 0 0) - 0
#(0 0 0 0 0 0) - 0
#(0 0 0 0 0 0) - 0
#(0 0 0 0 0 0) - 0
#(0 0 0 0 0 0) - 0
#(0 0 0 0 0 0) - 0
#(0 0 0 0 0 0) - 0
#(0 0 0 0 0 0) - 0
#(0 0 0 0 0 0) - 0
#(0 0 0 0 0 0) - 0
#(0 0 0 0 0 0) - 0
#(0 0 0 0 0 0) - 0
#(0 0 0 0 0 0) - 0
#(0 0 0 0 0 0) - 0
#(0 0 0 0 0 0) - 0
#(0 0 0 0 0 0) - 0
#(0 0 0 0 0 0) - 0
#(0 0 0 0 0 0) - 0
#(0 0 0 0 0 0) - 0
#(0 0 0 0 0 0) - 0
#(0 0 0 0 0 0) - 0
#(0 0 0 0 0 0) - 0
#(0 0 0 0 0 0) - 0
#(0 0 0 0 0 0) - 0
#(0 0 0 0 0 0) - 0
#(0 0 0 0 0 0) - 0
#(0 0 0 0 0 0) - 0
#(0 0 0 0 0 0) - 0
#(0 0 0 0 0 0) - 0
#(0 0 0 0 0 0) - 0
#(0 0 0 0 0 0) - 0
#(0 0 0 0 0 0) - 0
#(0 0 0 0 0 0) - 0
#(0 0 0 0 0 0) - 0
#(0 0 0 0 0 0) - 0
#(0 0 0 0 0 0) - 0
#(0 0 0 0 0 0) - 0
#(0 0 0 0 0 0) - 0
#(0 0 0 0 0 0) - 0
#(0 0 0 0 0 0) - 0
#(0 0 0 0 0 0) - 0
#(0 0 0 0 0 0) - 0
#(0 0 0 0 0 0) - 0
#(0 0 0 0 0 0) - 0
#(0 0 0 0 0 0) - 0
#(0 0 0 0 0 0) - 0
#(0 0 0 0 0 0) - 0
#(0 0 0 0 0 0) - 0
#(0 0 0 0 0 0) - 0
#(0 0 0 0 0 0) - 0
#(0 0 0 0 0 0) - 0
#(0 0 0 0 0 0) - 0
#(0 0 0 0 0 0) - 0
#(0 0 0 0 0 0) - 0
#(0 0 0 0 0 0) - 0
#(0 0 0 0 0 0) - 0
#(0 0 0 0 0 0) - 0
#(0 0 0 0 0 0) - 0
#(0 0 0 0 0 0) - 0
#(0 0 0 0 0 0) - 0
#(0 0 0 0 0 0) - 0
#(0 0 0 0 0 0) - 0
#(0 0 0 0 0 0) - 0
#(0 0 0 0 0 0) - 0
#(0 0 0 0 0 0) - 0
#(0 0 0 0 0 0) - 0
#(0 0 0 0 0 0) - 0
#(0 0 0 0 0 0) - 0
#(0 0 0 0 0 0) - 0
#(0 0 0 0 0 0) - 0
#(0 0 0 0 0 0) - 0
#(0 0 0 0 0 0) - 0
#(0 0 0 0 0 0) - 0
#(0 0 0 0 0 0) - 0
#(0 0 0 0 0 0) - 0
#(0 0 0 0 0 0) - 0
#(0 0 0 0 0 0) - 0
#(0 0 0 0 0 0) - 0
#(0 0 0 0 0 0) - 0
#(0 0 0 0 0 0) - 0
#(0 0 0 0 0 0) - 0
#(0 0 0 0 0 0) - 0
#(0 0 0 0 0 0) - 0
#(0 0 0 0 0 0) - 0
#(0 0 0 0 0 0) - 0
#(0 0 0 0 0 0) - 0
#(0 0 0 0 0 0) - 0
#(0 0 0 0 0 0) - 0
#(0 0 0 0 0 0) - 0
#(0 0 0 0 0 0) - 0
#(0 0 0 0 0 0) - 0
#(0 0 0 0 0 0) - 0
#(0 0 0 0 0 0) - 0
#(0 0 0 0 0 0) - 0
#(0 0 0 0 0 0) - 0
#(0 0 0 0 0 0) - 0
#(0 0 0 0 0 0) - 0
#(0 0 0 0 0 0) - 0
#(0 0 0 0 0 0) - 0
#(0 0 0 0 0 0) - 0
#(0 0 0 0 0 0) - 0
#(0 0 0 0 0 0) - 0
#(0 0 0 0 0 0) - 0
#(0 0 0 0 0 0) - 0
#(0 0 0 0 0 0) - 0
#(0 0 0 0 0 0) - 0
#(0 0 0 0 0 0) - 0
#(0 0 0 0 0 0) - 0
#(0 0 0 0 0 0) - 0
#(0 0.45454547 0 0 0 0) - 1
#(0 0.4090909 0 0 0 0) - 1
#(0 0.54545456 0 0 0 0) - 1
#(0 0.6363636 0 0 0 0) - 1
#(0 0.5 0 0 0 0) - 1
#(0 0.54545456 0 0 0 0) - 1
#(0 0.45454547 0 0 0 0) - 1
#(0 0.4090909 0 0 0 0) - 1
#(0 0.4090909 0 0 0 0) - 1
#(0 0.45454547 0 0 0 0) - 1
#(0 0.4090909 0 0 0 0) - 1
#(0 0.5 0 0 0 0) - 1
#(0 0.5 0 0 0 0) - 1
#(0 0.5 0 0 0 0) - 1
#(0 0.4090909 0 0 0 0) - 1
#(0 0.4090909 0 0 0 0) - 1
#(0 0.4090909 0 0 0 0) - 1
#(0 0.45454547 0 0 0 0) - 1
#(0 0.3181818 0 0 0 0) - 1
#(0 0.4090909 0 0 0 0) - 1
#(0 0.6363636 0 0 0 0) - 1
#(0 0.6818182 0 0 0 0) - 1
#(0 0.45454547 0 0 0 0) - 1
#(0 0.5 0 0 0 0) - 1
#(0 0.3181818 0 0 0 0) - 1
#(0 0.36363637 0 0 0 0) - 1
#(0 0.4090909 0 0 0 0) - 1
#(0 0.45454547 0 0 0 0) - 1
#(0 0.45454547 0 0 0 0) - 1
#(0 0.45454547 0 0 0 0) - 1
#(0 0.45454547 0 0 0 0) - 1
#(0 0.5 0 0 0 0) - 1
#(0 0.45454547 0 0 0 0) - 1
#(0 0.5 0 0 0 0) - 1
#(0 0.36363637 0 0 0 0) - 1
#(0 0 0 0 0 0) - 0
#(0 0 0 0 0 0) - 0
#(0 0 0 0 0 0) - 0
#(0 0 0 0 0 0) - 0
#(0 0 0 0 0 0) - 0
#(0 0 0 0 0 0) - 0
#(0 0 0 0 0 0) - 0
#(0 0 0 0 0 0) - 0
#(0 0 0 0 0 0) - 0
#(0 0 0 0 0 0) - 0
#(0 0 0 0 0 0) - 0
#(0 0 0 0 0 0) - 0
#(0 0 0 0 0 0) - 0
#(0 0 0 0 0 0) - 0
#(0 0 0 0 0 0) - 0
#(0 0 0 0 0 0) - 0
#(0 0 0 0 0 0) - 0
#(0 0 0 0 0 0) - 0
#(0 0 0 0 0 0) - 0
#(0 0 0 0 0 0) - 0
#(0 0 0 0 0 0) - 0
#(0 0 0 0 0 0) - 0
#(0 0 0 0 0 0) - 0
#(0 0 0 0 0 0) - 0
#(0 0 0 0 0 0) - 0
#(0 0 0 0 0 0) - 0
#(0 0 0 0 0 0) - 0
#(0 0 0 0 0 0) - 0
#(0 0 0 0 0 0) - 0
#(0 0 0 0 0 0) - 0
#(0 0 0 0 0 0) - 0
#(0 0 0 0 0 0) - 0
#(0 0 0 0 0 0) - 0
#(0 0 0 0 0 0) - 0
#(0 0 0 0 0 0) - 0
#(0 0 0 0 0 0) - 0
#(0 0 0 0 0 0) - 0
#(0 0 0 0 0 0) - 0
#(0 0 0 0 0 0) - 0
#(0 0 0 0 0 0) - 0
#(0 0 0 0 0 0) - 0
#(0 0 0 0 0 0) - 0
#(0 0 0 0 0 0) - 0
#(0 0 0 0 0 0) - 0
#(0 0 0 0 0 0) - 0
#(0 0 0 0 0 0) - 0
#(0 0 0 0 0 0) - 0
#(0 0 0 0 0 0) - 0
#(0 0 0 0 0 0) - 0
#(0 0 0 0 0 0) - 0
#(0 0 0 0 0 0) - 0
#(0 0 0 0 0 0) - 0
#(0 0 0 0 0 0) - 0
#(0 0 0 0 0 0) - 0
#(0 0 0 0 0 0) - 0
#(0 0 0 0 0 0) - 0
#(0 0 0 0 0 0) - 0
#(0 0 0 0 0 0) - 0
#(0 0.045454547 0 0 0 0) - 1
#(0 0 0 0 0 0) - 0
#(0 0.045454547 0 0 0 0) - 1
#(0 0.045454547 0 0 0 0) - 1
#(0 0.045454547 0 0 0 0) - 1
#(0 0.045454547 0 0 0 0) - 1
#(0 0 0 0 0 0) - 0
#(0 0.045454547 0 0 0 0) - 1
#(0 0 0 0 0 0) - 0
#(0 0 0 0 0 0) - 0
#(0 0.22727273 0 0 0 0) - 1
#(0 0.13636364 0 0 0 0) - 1
#(0 0.13636364 0 0 0 0) - 1
#(0 0.13636364 0 0 0 0) - 1
#(0 0.22727273 0 0 0 0) - 1
#(0 0.09090909 0 0 0 0) - 1
#(0 0.13636364 0 0 0 0) - 1
#(0 0.09090909 0 0 0 0) - 1
#(0 0.13636364 0 0 0 0) - 1
#(0 0.18181819 0 0 0 0) - 1
#(0 0.22727273 0 0 0 0) - 1
#(0 0.22727273 0 0 0 0) - 1
#(0 0.22727273 0 0 0 0) - 1
#(0 0.22727273 0 0 0 0) - 1
#(0 0.22727273 0 0 0 0) - 1
#(0 0.22727273 0 0 0 0) - 1
#(0 0.22727273 0 0 0 0) - 1
#(0 0.22727273 0 0 0 0) - 1
#(0 0.22727273 0 0 0 0) - 1
#(0 0.22727273 0 0 0 0) - 1
#(0 0.22727273 0 0 0 0) - 1
#(0 0.22727273 0 0 0 0) - 1
#(0 0.09090909 0 0 0 0) - 1
#(0 0.22727273 0 0 0 0) - 1
#(0 0.22727273 0 0 0 0) - 1
#(0 0.22727273 0 0 0 0) - 1
#(0 0.22727273 0 0 0 0) - 1
#(0 0.22727273 0 0 0 0) - 1
#(0 0.22727273 0 0 0 0) - 1
#(0 0.22727273 0 0 0 0) - 1
#(0 0.22727273 0 0 0 0) - 1
#(0 0.18181819 0 0 0 0) - 1
#(0 0.22727273 0 0 0 0) - 1
#(0 0.22727273 0 0 0 0) - 1
#(0 0.22727273 0 0 0 0) - 1
#(0 0.22727273 0 0 0 0) - 1
#(0 0.22727273 0 0 0 0) - 1
#(0 0.22727273 0 0 0 0) - 1
#(0 0.13636364 0 0 0 0) - 1
#(0 0.13636364 0 0 0 0) - 1
#(0 0.22727273 0 0 0 0) - 1
#(0 0.22727273 0 0 0 0) - 1
#(0 0.09090909 0 0 0 0) - 1
#(0 0.22727273 0 0 0 0) - 1
#(0 0.22727273 0 0 0 0) - 1
#(0 0.22727273 0 0 0 0) - 1
#(0 0.22727273 0 0 0 0) - 1
#(0 0.22727273 0 0 0 0) - 1
#(0 0.22727273 0 0 0 0) - 1
#(0 0.22727273 0 0 0 0) - 1
#(0 0.22727273 0 0 0 0) - 1
#(0 0.22727273 0 0 0 0) - 1
#(0 0.22727273 0 0 0 0) - 1
#(0 0.22727273 0 0 0 0) - 1
#(0 0.22727273 0 0 0 0) - 1
#(0 0.22727273 0 0 0 0) - 1
#(0 0.09090909 0 0 0 0) - 1
#(0 0.09090909 0 0 0 0) - 1
#(0 0.09090909 0 0 0 0) - 1
#(0 0.09090909 0 0 0 0) - 1
#(0 0.22727273 0 0 0 0) - 1
#(0 0.13636364 0 0 0 0) - 1
#(0 0.045454547 0 0 0 0) - 1
#(0 0.045454547 0 0 0 0) - 1
#(0 0 0 0 0 0) - 0
#(0 0.045454547 0 0 0 0) - 1
#(0 0.045454547 0 0 0 0) - 1
#(0 0 0 0 0 0) - 0
#(0 0 0 0 0 0) - 0
#(0 0 0 0 0 0) - 0
#(0 0 0 0 0 0) - 0
#(0 0 0 0 0 0) - 0
#(0 0.045454547 0 0 0 0) - 1
#(0 0.045454547 0 0 0 0) - 1
#(0 0 0 0 0 0) - 0
#(0 0.045454547 0 0 0 0) - 1
#(0 0 0 0 0 0) - 0
#(0 0 0 0 0 0) - 0
#(0 0 0 0 0 0) - 0
#(0 0 0 0 0 0) - 0
#(0 0.045454547 0 0 0 0) - 1
#(0 0.045454547 0 0 0 0) - 1
#(0 0.045454547 0 0 0 0) - 1
#(0 0.045454547 0 0 0 0) - 1
#(0 0.045454547 0 0 0 0) - 1
#(0 0.045454547 0 0 0 0) - 1
#(0 0.045454547 0 0 0 0) - 1
#(0 0.045454547 0 0 0 0) - 1
#(0 0 0 0 0 0) - 0
#(0 0 0 0 0 0) - 0
#(0 0.045454547 0 0 0 0) - 1
#(0 0 0 0 0 0) - 0
#(0 0 0 0 0 0) - 0
#(0 0 0 0 0 0) - 0
#(0 0 0 0 0 0) - 0
#(0 0.045454547 0 0 0 0) - 1
#(0 0.045454547 0 0 0 0) - 1
#(0 0.045454547 0 0 0 0) - 1
#(0 0.045454547 0 0 0 0) - 1
#(0 0.045454547 0 0 0 0) - 1
#(0 0 0 0 0 0) - 0
#(0 0.045454547 0 0 0 0) - 1
#(0 0.045454547 0 0 0 0) - 1
#(0 0 0 0 0 0) - 0
#(0 0 0 0 0 0) - 0
#(0 0 0 0 0 0) - 0
#(0 0 0 0 0 0) - 0
#(0 0 0 0 0 0) - 0
#(0 0 0 0 0 0) - 0
#(0 0 0 0 0 0) - 0
#(0 0 0 0 0 0) - 0
#(0 0 0 0 0 0) - 0
#(0 0 0 0 0 0) - 0
#(0 0 0 0 0 0) - 0
#(0 0 0 0 0 0) - 0
#(0 0 0 0 0 0) - 0
#(0 0 0 0 0 0) - 0
#(0 0 0 0 0 0) - 0
#(0 0 0 0 0 0) - 0
#(0 0 0 0 0 0) - 0
#(0 0 0 0 0 0) - 0
#(0 0 0 0 0 0) - 0
#(0 0 0 0 0 0) - 0
#(0 0 0 0 0 0) - 0
#(0 0 0 0 0 0) - 0
#(0 0.045454547 0 0 0 0) - 1
#(0 0.045454547 0 0 0 0) - 1
#(0 0.045454547 0 0 0 0) - 1
#(0 0 0 0 0 0) - 0
#(0 0 0 0 0 0) - 0
#(0 0.045454547 0 0 0 0) - 1
#(0 0.045454547 0 0 0 0) - 1
#(0 0.045454547 0 0 0 0) - 1
#(0 0 0 0 0 0) - 0
#(0 0.045454547 0 0 0 0) - 1
#(0 0.045454547 0 0 0 0) - 1
#(0 0.045454547 0 0 0 0) - 1
#(0 0.045454547 0 0 0 0) - 1
#(0 0 0 0 0 0) - 0
#(0 0 0 0 0 0) - 0
#(0 0.045454547 0 0 0 0) - 1
#(0 0.045454547 0 0 0 0) - 1
#(0 0.045454547 0 0 0 0) - 1
#(0 0 0 0 0 0) - 0
#(0 0 0 0 0 0) - 0
#(0 0 0 0 0 0) - 0
#(0 0.045454547 0 0 0 0) - 1
#(0 0.045454547 0 0 0 0) - 1
#(0 0.045454547 0 0 0 0) - 1
#(0 0.045454547 0 0 0 0) - 1
#(0 0.045454547 0 0 0 0) - 1
#(0 0.045454547 0 0 0 0) - 1
#(0 0.045454547 0 0 0 0) - 1
#(0 0.045454547 0 0 0 0) - 1
#(0 0.045454547 0 0 0 0) - 1
#(0 0.045454547 0 0 0 0) - 1
#(0 0 0 0 0 0) - 0
#(0 0 0 0 0 0) - 0
#(0 0 0 0 0 0) - 0
#(0 0 0 0 0 0) - 0
#(0 0.045454547 0 0 0 0) - 1
#(0 0.045454547 0 0 0 0) - 1
#(0 0.045454547 0 0 0 0) - 1
#(0 0 0 0 0 0) - 0
#(0 0 0 0 0 0) - 0
#(0 0.045454547 0 0 0 0) - 1
#(0 0 0 0 0 0) - 0
#(0 0 0 0 0 0) - 0
#(0 0.045454547 0 0 0 0) - 1
#(0 0.045454547 0 0 0 0) - 1
#(0 0.045454547 0 0 0 0) - 1
#(0 0.045454547 0 0 0 0) - 1
#(0 0 0 0 0 0) - 0
#(0 0 0 0 0 0) - 0
#(0 0 0 0 0 0) - 0
#(0 0.045454547 0 0 0 0) - 1
#(0 0 0 0 0 0) - 0
#(0 0.045454547 0 0 0 0) - 1
#(0 0.045454547 0 0 0 0) - 1
#(0 0.045454547 0 0 0 0) - 1
#(0 0.045454547 0 0 0 0) - 1
#(0 0 0 0 0 0) - 0
#(0 0 0 0 0 0) - 0
#(0 0 0 0 0 0) - 0
#(0 0 0 0 0 0) - 0
#(0 0 0 0 0 0) - 0
#(0 0 0 0 0 0) - 0
#(0 0 0 0 0 0) - 0
#(0 0 0 0 0 0) - 0
#(0 0 0 0 0 0) - 0
#(0 0 0 0 0 0) - 0
#(0 0 0 0 0 0) - 0
#(0 0 0 0 0 0) - 0
#(0 0 0 0 0 0) - 0
#(0 0 0 0 0 0) - 0
#(0 0 0 0 0 0) - 0
#(0 0 0 0 0 0) - 0
#(0 0 0 0 0 0) - 0
#(0 0 0 0 0 0) - 0
#(0 0 0 0 0 0) - 0
#(0 0 0 0 0 0) - 0
#(0 0 0 0 0 0) - 0
#(0 0 0 0 0 0) - 0
#(0 0 0 0 0 0) - 0
#(0 0 0 0 0 0) - 0
#(0 0 0 0 0 0) - 0
#(0 0 0 0 0 0) - 0
#(0 0 0 0 0 0) - 0
#(0 0 0 0 0 0) - 0
#(0 0 0 0 0 0) - 0
#(0 0 0 0 0 0) - 0
#(0 0 0 0 0 0) - 0
#(0 0 0 0 0 0) - 0
#(0 0 0 0 0 0) - 0
#(0 0 0 0 0 0) - 0
#(0 0 0 0 0 0) - 0
#(0 0 0 0 0 0) - 0
#(0 0 0 0 0 0) - 0
#(0 0 0 0 0 0) - 0
#(0 0 0 0 0 0) - 0
#(0 0 0 0 0 0) - 0
#(0 0 0 0 0 0) - 0
#(0 0 0 0 0 0) - 0
#(0 0 0 0 0 0) - 0
#(0 0 0 0 0 0) - 0
#(0 0 0 0 0 0) - 0
#(0 0 0 0 0 0) - 0
#(0 0 0 0 0 0) - 0
#(0 0 0 0 0 0) - 0
#(0 0.045454547 0 0 0 0) - 1
#(0 0 0 0 0 0) - 0
#(0 0.045454547 0 0 0 0) - 1
#(0 0 0 0 0 0) - 0
#(0 0.045454547 0 0 0 0) - 1
#(0 0.045454547 0 0 0 0) - 1
#(0 0.045454547 0 0 0 0) - 1
#(0 0.045454547 0 0 0 0) - 1
#(0 0.045454547 0 0 0 0) - 1
#(0 0.045454547 0 0 0 0) - 1
#(0 0.045454547 0 0 0 0) - 1
#(0 0.045454547 0 0 0 0) - 1
#(0 0.045454547 0 0 0 0) - 1
#(0 0 0 0 0 0) - 0
#(0 0.045454547 0 0 0 0) - 1
#(0 0.045454547 0 0 0 0) - 1
#(0 0.045454547 0 0 0 0) - 1
#(0 0 0 0 0 0) - 0
#(0 0 0 0 0 0) - 0
#(0 0.045454547 0 0 0 0) - 1
#(0 0 0 0 0 0) - 0
#(0 0.045454547 0 0 0 0) - 1
#(0 0.045454547 0 0 0 0) - 1
#(0 0.045454547 0 0 0 0) - 1
#(0 0.045454547 0 0 0 0) - 1
#(0 0.045454547 0 0 0 0) - 1
#(0 0.045454547 0 0 0 0) - 1
#(0 0 0 0 0 0) - 0
#(0 0 0 0 0 0) - 0
#(0 0 0 0 0 0) - 0
#(0 0.045454547 0 0 0 0) - 1
#(0 0.045454547 0 0 0 0) - 1
#(0 0.045454547 0 0 0 0) - 1
#(0 0.045454547 0 0 0 0) - 1
#(0 0.045454547 0 0 0 0) - 1
#(0 0 0 0 0 0) - 0
#(0 0 0 0 0 0) - 0
#(0 0 0 0 0 0) - 0
#(0 0.045454547 0 0 0 0) - 1
#(0 0.045454547 0 0 0 0) - 1
#(0 0.045454547 0 0 0 0) - 1
#(0 0.045454547 0 0 0 0) - 1
#(0 0.045454547 0 0 0 0) - 1
#(0 0.045454547 0 0 0 0) - 1
#(0 0 0 0 0 0) - 0
#(0 0.045454547 0 0 0 0) - 1
#(0 0.045454547 0 0 0 0) - 1
#(0 0.045454547 0 0 0 0) - 1
#(0 0 0 0 0 0) - 0
#(0 0 0 0 0 0) - 0
#(0 0 0 0 0 0) - 0
#(0 0 0 0 0 0) - 0
#(0 0 0 0 0 0) - 0
#(0 0.045454547 0 0 0 0) - 1
#(0 0.045454547 0 0 0 0) - 1
#(0 0 0 0 0 0) - 0
#(0 0 0 0 0 0) - 0
#(0 0.045454547 0 0 0 0) - 1
#(0 0 0 0 0 0) - 0
#(0 0 0 0 0 0) - 0
#(0 0.045454547 0 0 0 0) - 1
#(0 0.045454547 0 0 0 0) - 1
#(0 0.045454547 0 0 0 0) - 1
#(0 0.045454547 0 0 0 0) - 1
#(0 0.045454547 0 0 0 0) - 1
#(0 0.045454547 0 0 0 0) - 1
#(0 0.045454547 0 0 0 0) - 1
#(0 0.045454547 0 0 0 0) - 1
#(0 0 0 0 0 0) - 0
#(0 0 0 0 0 0) - 0
#(0 0 0 0 0 0) - 0
#(0 0.045454547 0 0 0 0) - 1
#(0 0.045454547 0 0 0 0) - 1
#(0 0 0 0 0 0) - 0
#(0 0.045454547 0 0 0 0) - 1
#(0 0.045454547 0 0 0 0) - 1
#(0 0.045454547 0 0 0 0) - 1
#(0 0.045454547 0 0 0 0) - 1
#(0 0.045454547 0 0 0 0) - 1
#(0 0.045454547 0 0 0 0) - 1
#(0 0 0 0 0 0) - 0
#(0 0 0 0 0 0) - 0
#(0 0 0 0 0 0) - 0
#(0 0 0 0 0 0) - 0
#(0 0 0 0 0 0) - 0
#(0 0 0 0 0 0) - 0
#(0 0 0 0 0 0) - 0
#(0 0 0 0 0 0) - 0
#(0 0 0 0 0 0) - 0
#(0 0 0 0 0 0) - 0
#(0 0 0 0 0 0) - 0
#(0 0 0 0 0 0) - 0
#(0 0 0 0 0 0) - 0
#(0 0 0 0 0 0) - 0
#(0 0 0 0 0 0) - 0
#(0 0 0 0 0 0) - 0
#(0 0 0 0 0 0) - 0
#(0 0 0 0 0 0) - 0
#(0 0 0 0 0 0) - 0
#(0 0 0 0 0 0) - 0
#(0 0 0 0 0 0) - 0
#(0 0 0 0 0 0) - 0
#(0 0 0 0 0 0) - 0
#(0 0 0 0 0 0) - 0
#(0 0 0 0 0 0) - 0
#(0 0 0 0 0 0) - 0
#(0 0 0 0 0 0) - 0
#(0 0 0 0 0 0) - 0
#(0 0 0 0 0 0) - 0
#(0 0 0 0 0 0) - 0
#(0 0 0 0 0 0) - 0
#(0 0 0 0 0 0) - 0
#(0 0 0 0 0 0) - 0
#(0 0 0 0 0 0) - 0
#(0 0 0 0 0 0) - 0
#(0 0 0 0 0 0) - 0
#(0 0 0 0 0 0) - 0
#(0 0 0 0 0 0) - 0
#(0 0 0 0 0 0) - 0
#(0 0 0 0 0 0) - 0
#(0 0 0 0 0 0) - 0
#(0 0 0 0 0 0) - 0
#(0 0 0 0 0 0) - 0
#(0 0 0 0 0 0) - 0
#(0 0 0 0 0 0) - 0
#(0 0 0 0 0 0) - 0
#(0 0 0 0 0 0) - 0
#(0 0 0 0 0 0) - 0
#(0 0 0 0 0 0) - 0
#(0 0 0 0 0 0) - 0
#(0 0 0 0 0 0) - 0
#(0 0 0 0 0 0) - 0
#(0 0 0 0 0 0) - 0
#(0 0 0 0 0 0) - 0
#(0 0 0 0 0 0) - 0
#(0 0 0 0 0 0) - 0
#(0 0 0 0 0 0) - 0
#(0 0 0 0 0 0) - 0
#(0 0 0 0 0 0) - 0
#(0 0 0 0 0 0) - 0
#(0 0 0 0 0 0) - 0
#(0 0 0 0 0 0) - 0
#(0 0 0 0 0 0) - 0
#(0 0 0 0 0 0) - 0
#(0 0 0 0 0 0) - 0
#(0 0 0 0 0 0) - 0
#(0 0 0 0 0 0) - 0
#(0 0 0 0 0 0) - 0
#(0 0 0 0 0 0) - 0
#(0 0 0 0 0 0) - 0
#(0 0 0 0 0 0) - 0
#(0 0 0 0 0 0) - 0
#(0 0 0 0 0 0) - 0
#(0 0 0 0 0 0) - 0
#(0 0 0 0 0 0) - 0
#(0 0 0 0 0 0) - 0
#(0 0 0 0 0 0) - 0
#(0 0 0 0 0 0) - 0
#(0 0 0 0 0 0) - 0
#(0 0 0 0 0 0) - 0
#(0 0 0 0 0 0) - 0
#(0 0 0 0 0 0) - 0
#(0 0 0 0 0 0) - 0
#(0 0 0 0 0 0) - 0
#(0 0 0 0 0 0) - 0
#(0 0 0 0 0 0) - 0
#(0 0 0 0 0 0) - 0
#(0 0 0 0 0 0) - 0
#(0 0 0 0 0 0) - 0
#(0 0 0 0 0 0) - 0
#(0 0 0 0 0 0) - 0
#(0 0 0 0 0 0) - 0
#(0 0 0 0 0 0) - 0
#(0 0 0 0 0 0) - 0
#(0 0 0 0 0 0) - 0
#(0 0 0 0 0 0) - 0
#(0 0 0 0 0 0) - 0
#(0 0 0 0 0 0) - 0
#(0 0 0 0 0 0) - 0
#(0 0 0 0 0 0) - 0
#(0 0 0 0 0 0) - 0
#(0 0 0 0 0 0) - 0
#(0 0 0 0 0 0) - 0
#(0 0 0 0 0 0) - 0
#(0 0 0 0 0 0) - 0
#(0 0 0 0 0 0) - 0
#(0 0 0 0 0 0) - 0
#(0 0 0 0 0 0) - 0
#(0 0 0 0 0 0) - 0
#(0 0 0 0 0 0) - 0
#(0 0 0 0 0 0) - 0
#(0 0 0 0 0 0) - 0
#(0 0 0 0 0 0) - 0
#(0 0 0 0 0 0) - 0
#(0 0 0 0 0 0) - 0
#(0 0 0 0 0 0) - 0
#(0 0 0 0 0 0) - 0
#(0 0 0 0 0 0) - 0
#(0 0 0 0 0 0) - 0
#(0 0 0 0 0 0) - 0
#(0 0 0 0 0 0) - 0
#(0 0 0 0 0 0) - 0
#(0 0 0 0 0 0) - 0
#(0 0 0 0 0 0) - 0
#(0 0.045454547 0 0 0 0) - 1
#(0 0.045454547 0 0 0 0) - 1
#(0 0.045454547 0 0 0 0) - 1
#(0 0.045454547 0 0 0 0) - 1
#(0 0.045454547 0 0 0 0) - 1
#(0 0.045454547 0 0 0 0) - 1
#(0 0 0 0 0 0) - 0
#(0 0.045454547 0 0 0 0) - 1
#(0 0 0 0 0 0) - 0
#(0 0 0 0 0 0) - 0
#(0 0.045454547 0 0 0 0) - 1
#(0 0.045454547 0 0 0 0) - 1
#(0 0 0 0 0 0) - 0
#(0 0 0 0 0 0) - 0
#(0 0.045454547 0 0 0 0) - 1
#(0 0.045454547 0 0 0 0) - 1
#(0 0.045454547 0 0 0 0) - 1
#(0 0.045454547 0 0 0 0) - 1
#(0 0 0 0 0 0) - 0
#(0 0 0 0 0 0) - 0
#(0 0 0 0 0 0) - 0
#(0 0 0 0 0 0) - 0
#(0 0 0 0 0 0) - 0
#(0 0 0 0 0 0) - 0
#(0 0 0 0 0 0) - 0
#(0 0 0 0 0 0) - 0
#(0 0 0 0 0 0) - 0
#(0 0 0 0 0 0) - 0
#(0 0 0 0 0 0) - 0
#(0 0 0 0 0 0) - 0
#(0 0 0 0 0 0) - 0
#(0 0 0 0 0 0) - 0
#(0 0 0 0 0 0) - 0
#(0 0 0 0 0 0) - 0
#(0 0 0 0 0 0) - 0
#(0 0 0 0 0 0) - 0
#(0 0 0 0 0 0) - 0
#(0 0 0 0 0 0) - 0
#(0 0 0 0 0 0) - 0
#(0 0 0 0 0 0) - 0
#(0 0 0 0 0 0) - 0
#(0 0 0 0 0 0) - 0
#(0 0 0 0 0 0) - 0
#(0 0 0 0 0 0) - 0
#(0 0 0 0 0 0) - 0
#(0 0 0 0 0 0) - 0
#(0 0 0 0 0 0) - 0
#(0 0 0 0 0 0) - 0
#(0 0 0 0 0 0) - 0
#(0 0 0 0 0 0) - 0
#(0 0 0 0 0 0) - 0
#(0 0 0 0 0 0) - 0
#(0 0 0 0 0 0) - 0
#(0 0 0 0 0 0) - 0
#(0 0 0 0 0 0) - 0
#(0 0 0 0 0 0) - 0
#(0 0 0 0 0 0) - 0
#(0 0 0 0 0 0) - 0
#(0 0 0 0 0 0) - 0
#(0 0 0 0 0 0) - 0
#(0 0 0 0 0 0) - 0
#(0 0 0 0 0 0) - 0
#(0 0 0 0 0 0) - 0
#(0 0 0 0 0 0) - 0
#(0 0 0 0 0 0) - 0
#(0 0 0 0 0 0) - 0
#(0 0 0 0 0 0) - 0
#(0 0 0 0 0 0) - 0
#(0 0 0 0 0 0) - 0
#(0 0 0 0 0 0) - 0
#(0 0 0 0 0 0) - 0
#(0 0 0 0 0 0) - 0
#(0 0 0 0 0 0) - 0
#(0 0 0 0 0 0) - 0
#(0 0 0 0 0 0) - 0
#(0 0 0 0 0 0) - 0
#(0 0 0 0 0 0) - 0
#(0 0 0 0 0 0) - 0
#(0 0 0 0 0 0) - 0
#(0 0 0 0 0 0) - 0
#(0 0 0 0 0 0) - 0
#(0 0 0 0 0 0) - 0
#(0 0 0 0 0 0) - 0
#(0 0 0 0 0 0) - 0
#(0 0 0 0 0 0) - 0
#(0 0 0 0 0 0) - 0
#(0 0 0 0 0 0) - 0
#(0 0 0 0 0 0) - 0
#(0 0 0 0 0 0) - 0
#(0 0 0 0 0 0) - 0
#(0 0 0 0 0 0) - 0
#(0 0 0 0 0 0) - 0
#(0 0 0 0 0 0) - 0
#(0 0 0 0 0 0) - 0
#(0 0 0 0 0 0) - 0
#(0 0 0 0 0 0) - 0
#(0 0 0 0 0 0) - 0
#(0 0 0 0 0 0) - 0
#(0 0 0 0 0 0) - 0
#(0 0 0 0 0 0) - 0
#(0 0 0 0 0 0) - 0
#(0 0 0 0 0 0) - 0
#(0 0 0 0 0 0) - 0
#(0 0 0 0 0 0) - 0
#(0 0 0 0 0 0) - 0
#(0 0 0 0 0 0) - 0
#(0 0 0 0 0 0) - 0
#(0 0 0 0 0 0) - 0
#(0 0 0 0 0 0) - 0
#(0 0 0 0 0 0) - 0
#(0 0 0 0 0 0) - 0
#(0 0 0 0 0 0) - 0
#(0 0 0 0 0 0) - 0
#(0 0 0 0 0 0) - 0
#(0 0 0 0 0 0) - 0
#(0 0 0 0 0 0) - 0
#(0 0 0 0 0 0) - 0
#(0 0 0 0 0 0) - 0
#(0 0 0 0 0 0) - 0
#(0 0 0 0 0 0) - 0
#(0 0 0 0 0 0) - 0
#(0 0 0 0 0 0) - 0
#(0 0 0 0 0 0) - 0
#(0 0 0 0 0 0) - 0
#(0 0 0 0 0 0) - 0
#(0 0 0 0 0 0) - 0
#(0 0 0 0 0 0) - 0
#(0 0 0 0 0 0) - 0
#(0 0 0 0 0 0) - 0
#(0 0 0 0 0 0) - 0

Grupo 2
#(0 0 0.016129032 0 0 0) - 2
#(0 0 0 0 0 0) - 0
#(0 0 0 0 0 0) - 0
#(0 0 0 0 0 0) - 0
#(0 0 0 0 0 0) - 0
#(0 0 0 0 0 0) - 0
#(0 0 0.016129032 0 0 0) - 2
#(0 0 0 0 0 0) - 0
#(0 0 0 0 0 0) - 0
#(0 0 0 0 0 0) - 0
#(0 0 0 0 0 0) - 0
#(0 0 0 0 0 0) - 0
#(0 0 0 0 0 0) - 0
#(0 0 0 0 0 0) - 0
#(0 0 0 0 0 0) - 0
#(0 0 0 0 0 0) - 0
#(0 0 0 0 0 0) - 0
#(0 0 0.61290324 0 0 0) - 2
#(0 0 0.5645161 0 0 0) - 2
#(0 0 0.61290324 0 0 0) - 2
#(0 0 0.5645161 0 0 0) - 2
#(0 0 0.32258064 0 0 0) - 2
#(0 0 0.22580644 0 0 0) - 2
#(0 0 0.2580645 0 0 0) - 2
#(0 0 0.22580644 0 0 0) - 2
#(0 0 0.38709676 0 0 0) - 2
#(0 0 0.61290324 0 0 0) - 2
#(0 0 0.5645161 0 0 0) - 2
#(0 0 0.61290324 0 0 0) - 2
#(0 0 0.29032257 0 0 0) - 2
#(0 0 0.41935483 0 0 0) - 2
#(0 0 0.27419356 0 0 0) - 2
#(0 0 0.43548387 0 0 0) - 2
#(0 0 0.30645162 0 0 0) - 2
#(0 0 0.22580644 0 0 0) - 2
#(0 0 0 0 0 0) - 0
#(0 0 0 0 0 0) - 0
#(0 0 0 0 0 0) - 0
#(0 0 0 0 0 0) - 0
#(0 0 0 0 0 0) - 0
#(0 0 0 0 0 0) - 0
#(0 0 0.016129032 0 0 0) - 2
#(0 0 0 0 0 0) - 0
#(0 0 0 0 0 0) - 0
#(0 0 0 0 0 0) - 0
#(0 0 0 0 0 0) - 0
#(0 0 0 0 0 0) - 0
#(0 0 0 0 0 0) - 0
#(0 0 0.016129032 0 0 0) - 2
#(0 0 0 0 0 0) - 0
#(0 0 0 0 0 0) - 0
#(0 0 0 0 0 0) - 0
#(0 0 0 0 0 0) - 0
#(0 0 0 0 0 0) - 0
#(0 0 0 0 0 0) - 0
#(0 0 0 0 0 0) - 0
#(0 0 0 0 0 0) - 0
#(0 0 0 0 0 0) - 0
#(0 0 0.09677419 0 0 0) - 2
#(0 0 0.09677419 0 0 0) - 2
#(0 0 0 0 0 0) - 0
#(0 0 0 0 0 0) - 0
#(0 0 0.09677419 0 0 0) - 2
#(0 0 0.09677419 0 0 0) - 2
#(0 0 0 0 0 0) - 0
#(0 0 0 0 0 0) - 0
#(0 0 0 0 0 0) - 0
#(0 0 0 0 0 0) - 0
#(0 0 0.06451613 0 0 0) - 2
#(0 0 0.06451613 0 0 0) - 2
#(0 0 0 0 0 0) - 0
#(0 0 0 0 0 0) - 0
#(0 0 0.06451613 0 0 0) - 2
#(0 0 0.06451613 0 0 0) - 2
#(0 0 0 0 0 0) - 0
#(0 0 0 0 0 0) - 0
#(0 0 0 0 0 0) - 0
#(0 0 0.09677419 0 0 0) - 2
#(0 0 0 0 0 0) - 0
#(0 0 0 0 0 0) - 0
#(0 0 0.016129032 0 0 0) - 2
#(0 0 0.09677419 0 0 0) - 2
#(0 0 0 0 0 0) - 0
#(0 0 0 0 0 0) - 0
#(0 0 0 0 0 0) - 0
#(0 0 0 0 0 0) - 0
#(0 0 0 0 0 0) - 0
#(0 0 0 0 0 0) - 0
#(0 0 0 0 0 0) - 0
#(0 0 0 0 0 0) - 0
#(0 0 0 0 0 0) - 0
#(0 0 0 0 0 0) - 0
#(0 0 0 0 0 0) - 0
#(0 0 0 0 0 0) - 0
#(0 0 0 0 0 0) - 0
#(0 0 0 0 0 0) - 0
#(0 0 0 0 0 0) - 0
#(0 0 0 0 0 0) - 0
#(0 0 0 0 0 0) - 0
#(0 0 0 0 0 0) - 0
#(0 0 0.16129032 0 0 0) - 2
#(0 0 0.016129032 0 0 0) - 2
#(0 0 0 0 0 0) - 0
#(0 0 0 0 0 0) - 0
#(0 0 0 0 0 0) - 0
#(0 0 0 0 0 0) - 0
#(0 0 0 0 0 0) - 0
#(0 0 0 0 0 0) - 0
#(0 0 0 0 0 0) - 0
#(0 0 0 0 0 0) - 0
#(0 0 0 0 0 0) - 0
#(0 0 0 0 0 0) - 0
#(0 0 0 0 0 0) - 0
#(0 0 0 0 0 0) - 0
#(0 0 0 0 0 0) - 0
#(0 0 0 0 0 0) - 0
#(0 0 0 0 0 0) - 0
#(0 0 0 0 0 0) - 0
#(0 0 0 0 0 0) - 0
#(0 0 0 0 0 0) - 0
#(0 0 0 0 0 0) - 0
#(0 0 0 0 0 0) - 0
#(0 0 0 0 0 0) - 0
#(0 0 0 0 0 0) - 0
#(0 0 0 0 0 0) - 0
#(0 0 0 0 0 0) - 0
#(0 0 0 0 0 0) - 0
#(0 0 0 0 0 0) - 0
#(0 0 0 0 0 0) - 0
#(0 0 0 0 0 0) - 0
#(0 0 0 0 0 0) - 0
#(0 0 0 0 0 0) - 0
#(0 0 0 0 0 0) - 0
#(0 0 0 0 0 0) - 0
#(0 0 0 0 0 0) - 0
#(0 0 0 0 0 0) - 0
#(0 0 0 0 0 0) - 0
#(0 0 0 0 0 0) - 0
#(0 0 0 0 0 0) - 0
#(0 0 0 0 0 0) - 0
#(0 0 0 0 0 0) - 0
#(0 0 0 0 0 0) - 0
#(0 0 0 0 0 0) - 0
#(0 0 0 0 0 0) - 0
#(0 0 0 0 0 0) - 0
#(0 0 0 0 0 0) - 0
#(0 0 0.016129032 0 0 0) - 2
#(0 0 0 0 0 0) - 0
#(0 0 0 0 0 0) - 0
#(0 0 0 0 0 0) - 0
#(0 0 0 0 0 0) - 0
#(0 0 0 0 0 0) - 0
#(0 0 0 0 0 0) - 0
#(0 0 0 0 0 0) - 0
#(0 0 0 0 0 0) - 0
#(0 0 0 0 0 0) - 0
#(0 0 0 0 0 0) - 0
#(0 0 0 0 0 0) - 0
#(0 0 0 0 0 0) - 0
#(0 0 0 0 0 0) - 0
#(0 0 0 0 0 0) - 0
#(0 0 0 0 0 0) - 0
#(0 0 0 0 0 0) - 0
#(0 0 0 0 0 0) - 0
#(0 0 0 0 0 0) - 0
#(0 0 0 0 0 0) - 0
#(0 0 0 0 0 0) - 0
#(0 0 0 0 0 0) - 0
#(0 0 0 0 0 0) - 0
#(0 0 0 0 0 0) - 0
#(0 0 0 0 0 0) - 0
#(0 0 0 0 0 0) - 0
#(0 0 0 0 0 0) - 0
#(0 0 0 0 0 0) - 0
#(0 0 0 0 0 0) - 0
#(0 0 0 0 0 0) - 0
#(0 0 0 0 0 0) - 0
#(0 0 0 0 0 0) - 0
#(0 0 0 0 0 0) - 0
#(0 0 0 0 0 0) - 0
#(0 0 0 0 0 0) - 0
#(0 0 0 0 0 0) - 0
#(0 0 0 0 0 0) - 0
#(0 0 0 0 0 0) - 0
#(0 0 0 0 0 0) - 0
#(0 0 0 0 0 0) - 0
#(0 0 0 0 0 0) - 0
#(0 0 0 0 0 0) - 0
#(0 0 0 0 0 0) - 0
#(0 0 0 0 0 0) - 0
#(0 0 0 0 0 0) - 0
#(0 0 0 0 0 0) - 0
#(0 0 0.5 0 0 0) - 2
#(0 0 0.41935483 0 0 0) - 2
#(0 0 0.5322581 0 0 0) - 2
#(0 0 0.5 0 0 0) - 2
#(0 0 0.4032258 0 0 0) - 2
#(0 0 0.5322581 0 0 0) - 2
#(0 0 0.3548387 0 0 0) - 2
#(0 0 0.43548387 0 0 0) - 2
#(0 0 0.3548387 0 0 0) - 2
#(0 0 0.3548387 0 0 0) - 2
#(0 0 0.27419356 0 0 0) - 2
#(0 0 0.2580645 0 0 0) - 2
#(0 0 0.5 0 0 0) - 2
#(0 0 0.41935483 0 0 0) - 2
#(0 0 0.5483871 0 0 0) - 2
#(0 0 0.4032258 0 0 0) - 2
#(0 0 0.3548387 0 0 0) - 2
#(0 0 0.3548387 0 0 0) - 2
#(0 0 0.24193548 0 0 0) - 2
#(0 0 0.29032257 0 0 0) - 2
#(0 0 0.22580644 0 0 0) - 2
#(0 0 0.016129032 0 0 0) - 2
#(0 0 0 0 0 0) - 0
#(0 0 0 0 0 0) - 0
#(0 0 0 0 0 0) - 0
#(0 0 0 0 0 0) - 0
#(0 0 0 0 0 0) - 0
#(0 0 0 0 0 0) - 0
#(0 0 0 0 0 0) - 0
#(0 0 0 0 0 0) - 0
#(0 0 0.016129032 0 0 0) - 2
#(0 0 0 0 0 0) - 0
#(0 0 0 0 0 0) - 0
#(0 0 0 0 0 0) - 0
#(0 0 0 0 0 0) - 0
#(0 0 0 0 0 0) - 0
#(0 0 0 0 0 0) - 0
#(0 0 0 0 0 0) - 0
#(0 0 0 0 0 0) - 0
#(0 0 0 0 0 0) - 0
#(0 0 0 0 0 0) - 0
#(0 0 0 0 0 0) - 0
#(0 0 0 0 0 0) - 0
#(0 0 0 0 0 0) - 0
#(0 0 0 0 0 0) - 0
#(0 0 0 0 0 0) - 0
#(0 0 0.16129032 0 0 0) - 2
#(0 0 0 0 0 0) - 0
#(0 0 0 0 0 0) - 0
#(0 0 0 0 0 0) - 0
#(0 0 0 0 0 0) - 0
#(0 0 0 0 0 0) - 0
#(0 0 0 0 0 0) - 0
#(0 0 0 0 0 0) - 0
#(0 0 0 0 0 0) - 0
#(0 0 0 0 0 0) - 0
#(0 0 0 0 0 0) - 0
#(0 0 0 0 0 0) - 0
#(0 0 0 0 0 0) - 0
#(0 0 0 0 0 0) - 0
#(0 0 0 0 0 0) - 0
#(0 0 0 0 0 0) - 0
#(0 0 0 0 0 0) - 0
#(0 0 0 0 0 0) - 0
#(0 0 0 0 0 0) - 0
#(0 0 0 0 0 0) - 0
#(0 0 0 0 0 0) - 0
#(0 0 0 0 0 0) - 0
#(0 0 0 0 0 0) - 0
#(0 0 0 0 0 0) - 0
#(0 0 0 0 0 0) - 0
#(0 0 0 0 0 0) - 0
#(0 0 0 0 0 0) - 0
#(0 0 0 0 0 0) - 0
#(0 0 0 0 0 0) - 0
#(0 0 0 0 0 0) - 0
#(0 0 0 0 0 0) - 0
#(0 0 0 0 0 0) - 0
#(0 0 0 0 0 0) - 0
#(0 0 0 0 0 0) - 0
#(0 0 0 0 0 0) - 0
#(0 0 0 0 0 0) - 0
#(0 0 0 0 0 0) - 0
#(0 0 0 0 0 0) - 0
#(0 0 0 0 0 0) - 0
#(0 0 0 0 0 0) - 0
#(0 0 0 0 0 0) - 0
#(0 0 0 0 0 0) - 0
#(0 0 0 0 0 0) - 0

Grupo 3
#(0 0 0 0 0 0) - 0
#(0 0 0 0 0 0) - 0
#(0 0 0 0 0 0) - 0
#(0 0 0 0 0 0) - 0
#(0 0 0 0 0 0) - 0
#(0 0 0 0 0 0) - 0
#(0 0 0 0 0 0) - 0
#(0 0 0 0 0 0) - 0
#(0 0 0 0 0 0) - 0
#(0 0 0 0 0 0) - 0
#(0 0 0 0 0 0) - 0
#(0 0 0 0 0 0) - 0
#(0 0 0 0 0 0) - 0
#(0 0 0 0.0016474464 0 0) - 3
#(0 0 0 0 0 0) - 0
#(0 0 0 0 0 0) - 0
#(0 0 0 0 0 0) - 0
#(0 0 0 0 0 0) - 0
#(0 0 0 0 0 0) - 0
#(0 0 0 0 0 0) - 0
#(0 0 0 0.0016474464 0 0) - 3
#(0 0 0 0 0 0) - 0
#(0 0 0 0 0 0) - 0
#(0 0 0 0 0 0) - 0
#(0 0 0 0 0 0) - 0
#(0 0 0 0.0016474464 0 0) - 3
#(0 0 0 0 0 0) - 0
#(0 0 0 0 0 0) - 0
#(0 0 0 0.0016474464 0 0) - 3
#(0 0 0 0.0016474464 0 0) - 3
#(0 0 0 0.031301484 0 0) - 3
#(0 0 0 0 0 0) - 0
#(0 0 0 0 0 0) - 0
#(0 0 0 0 0 0) - 0
#(0 0 0 0 0 0) - 0
#(0 0 0 0 0 0) - 0
#(0 0 0 0 0 0) - 0
#(0 0 0 0.0016474464 0 0) - 3
#(0 0 0 0 0 0) - 0
#(0 0 0 0 0 0) - 0
#(0 0 0 0 0 0) - 0
#(0 0 0 0 0 0) - 0
#(0 0 0 0.0049423394 0 0) - 3
#(0 0 0 0 0 0) - 0
#(0 0 0 0 0 0) - 0
#(0 0 0 0 0 0) - 0
#(0 0 0 0 0 0) - 0
#(0 0 0 0 0 0) - 0
#(0 0 0 0 0 0) - 0
#(0 0 0 0 0 0) - 0
#(0 0 0 0 0 0) - 0
#(0 0 0 0.6523888 0 0) - 3
#(0 0 0 0.28995058 0 0) - 3
#(0 0 0 0.028006589 0 0) - 3
#(0 0 0 0.031301484 0 0) - 3
#(0 0 0 0.6523888 0 0) - 3
#(0 0 0 0.0461285 0 0) - 3
#(0 0 0 0.019769358 0 0) - 3
#(0 0 0 0.026359143 0 0) - 3
#(0 0 0 0.019769358 0 0) - 3
#(0 0 0 0.044481054 0 0) - 3
#(0 0 0 0.6523888 0 0) - 3
#(0 0 0 0.11861614 0 0) - 3
#(0 0 0 0.3047776 0 0) - 3
#(0 0 0 0.29159802 0 0) - 3
#(0 0 0 0.6523888 0 0) - 3
#(0 0 0 0.013179571 0 0) - 3
#(0 0 0 0.031301484 0 0) - 3
#(0 0 0 0.016474465 0 0) - 3
#(0 0 0 0.021416804 0 0) - 3
#(0 0 0 0.03294893 0 0) - 3
#(0 0 0 0.018121911 0 0) - 3
#(0 0 0 0.6523888 0 0) - 3
#(0 0 0 0.11861614 0 0) - 3
#(0 0 0 0.3047776 0 0) - 3
#(0 0 0 0.29159802 0 0) - 3
#(0 0 0 0.6523888 0 0) - 3
#(0 0 0 0.026359143 0 0) - 3
#(0 0 0 0.09719934 0 0) - 3
#(0 0 0 0.052718285 0 0) - 3
#(0 0 0 0.057660624 0 0) - 3
#(0 0 0 0.07413509 0 0) - 3
#(0 0 0 0.085667215 0 0) - 3
#(0 0 0 0.11037891 0 0) - 3
#(0 0 0 0.09719934 0 0) - 3
#(0 0 0 0.047775947 0 0) - 3
#(0 0 0 0.052718285 0 0) - 3
#(0 0 0 0.056013178 0 0) - 3
#(0 0 0 0.05436573 0 0) - 3
#(0 0 0 0.07578254 0 0) - 3
#(0 0 0 0.09390445 0 0) - 3
#(0 0 0 0.08896211 0 0) - 3
#(0 0 0 0.06095552 0 0) - 3
#(0 0 0 0.049423393 0 0) - 3
#(0 0 0 0.0675453 0 0) - 3
#(0 0 0 0.06095552 0 0) - 3
#(0 0 0 0.07413509 0 0) - 3
#(0 0 0 0.056013178 0 0) - 3
#(0 0 0 0.0675453 0 0) - 3
#(0 0 0 0.044481054 0 0) - 3
#(0 0 0 0.08072488 0 0) - 3
#(0 0 0 0.10214168 0 0) - 3
#(0 0 0 0.085667215 0 0) - 3
#(0 0 0 0.08237232 0 0) - 3
#(0 0 0 0.056013178 0 0) - 3
#(0 0 0 0.0461285 0 0) - 3
#(0 0 0 0.05930807 0 0) - 3
#(0 0 0 0.08896211 0 0) - 3
#(0 0 0 0.112026356 0 0) - 3
#(0 0 0 0.021416804 0 0) - 3
#(0 0 0 0.0461285 0 0) - 3
#(0 0 0 0.031301484 0 0) - 3
#(0 0 0 0.09390445 0 0) - 3
#(0 0 0 0.08072488 0 0) - 3
#(0 0 0 0.09060956 0 0) - 3
#(0 0 0 0.07578254 0 0) - 3
#(0 0 0 0.12685338 0 0) - 3
#(0 0 0 0.07413509 0 0) - 3
#(0 0 0 0.029654035 0 0) - 3
#(0 0 0 0.026359143 0 0) - 3
#(0 0 0 0.10378913 0 0) - 3
#(0 0 0 0.07742998 0 0) - 3
#(0 0 0 0.05930807 0 0) - 3
#(0 0 0 0.05436573 0 0) - 3
#(0 0 0 0.014827018 0 0) - 3
#(0 0 0 0.08401977 0 0) - 3
#(0 0 0 0.12685338 0 0) - 3
#(0 0 0 0.072487645 0 0) - 3
#(0 0 0 0.092257 0 0) - 3
#(0 0 0 0.031301484 0 0) - 3
#(0 0 0 0.0032948928 0 0) - 3
#(0 0 0 0.019769358 0 0) - 3
#(0 0 0 0.013179571 0 0) - 3
#(0 0 0 0.013179571 0 0) - 3
#(0 0 0 0 0 0) - 0
#(0 0 0 0.031301484 0 0) - 3
#(0 0 0 0.029654035 0 0) - 3
#(0 0 0 0.019769358 0 0) - 3
#(0 0 0 0 0 0) - 0
#(0 0 0 0 0 0) - 0
#(0 0 0 0 0 0) - 0
#(0 0 0 0 0 0) - 0
#(0 0 0 0 0 0) - 0
#(0 0 0 0 0 0) - 0
#(0 0 0 0 0 0) - 0
#(0 0 0 0 0 0) - 0
#(0 0 0 0 0 0) - 0
#(0 0 0 0 0 0) - 0
#(0 0 0 0 0 0) - 0
#(0 0 0 0 0 0) - 0
#(0 0 0 0.011532125 0 0) - 3
#(0 0 0 0.0032948928 0 0) - 3
#(0 0 0 0.019769358 0 0) - 3
#(0 0 0 0.019769358 0 0) - 3
#(0 0 0 0 0 0) - 0
#(0 0 0 0.021416804 0 0) - 3
#(0 0 0 0.02306425 0 0) - 3
#(0 0 0 0.016474465 0 0) - 3
#(0 0 0 0.018121911 0 0) - 3
#(0 0 0 0.0032948928 0 0) - 3
#(0 0 0 0.024711696 0 0) - 3
#(0 0 0 0.018121911 0 0) - 3
#(0 0 0 0.014827018 0 0) - 3
#(0 0 0 0.011532125 0 0) - 3
#(0 0 0 0.024711696 0 0) - 3
#(0 0 0 0.042833608 0 0) - 3
#(0 0 0 0.026359143 0 0) - 3
#(0 0 0 0.019769358 0 0) - 3
#(0 0 0 0.034596376 0 0) - 3
#(0 0 0 0.03789127 0 0) - 3
#(0 0 0 0.028006589 0 0) - 3
#(0 0 0 0.0032948928 0 0) - 3
#(0 0 0 0.0032948928 0 0) - 3
#(0 0 0 0 0 0) - 0
#(0 0 0 0.0032948928 0 0) - 3
#(0 0 0 0 0 0) - 0
#(0 0 0 0.0032948928 0 0) - 3
#(0 0 0 0.0049423394 0 0) - 3
#(0 0 0 0 0 0) - 0
#(0 0 0 0 0 0) - 0
#(0 0 0 0 0 0) - 0
#(0 0 0 0.0016474464 0 0) - 3
#(0 0 0 0 0 0) - 0
#(0 0 0 0.0032948928 0 0) - 3
#(0 0 0 0.0032948928 0 0) - 3
#(0 0 0 0.0032948928 0 0) - 3
#(0 0 0 0 0 0) - 0
#(0 0 0 0 0 0) - 0
#(0 0 0 0 0 0) - 0
#(0 0 0 0.034596376 0 0) - 3
#(0 0 0 0.019769358 0 0) - 3
#(0 0 0 0.02306425 0 0) - 3
#(0 0 0 0.018121911 0 0) - 3
#(0 0 0 0.019769358 0 0) - 3
#(0 0 0 0.016474465 0 0) - 3
#(0 0 0 0.011532125 0 0) - 3
#(0 0 0 0.011532125 0 0) - 3
#(0 0 0 0.009884679 0 0) - 3
#(0 0 0 0.011532125 0 0) - 3
#(0 0 0 0 0 0) - 0
#(0 0 0 0 0 0) - 0
#(0 0 0 0 0 0) - 0
#(0 0 0 0 0 0) - 0
#(0 0 0 0 0 0) - 0
#(0 0 0 0 0 0) - 0
#(0 0 0 0 0 0) - 0
#(0 0 0 0 0 0) - 0
#(0 0 0 0 0 0) - 0
#(0 0 0 0 0 0) - 0
#(0 0 0 0 0 0) - 0
#(0 0 0 0.016474465 0 0) - 3
#(0 0 0 0.014827018 0 0) - 3
#(0 0 0 0.009884679 0 0) - 3
#(0 0 0 0.011532125 0 0) - 3
#(0 0 0 0.009884679 0 0) - 3
#(0 0 0 0.014827018 0 0) - 3
#(0 0 0 0.016474465 0 0) - 3
#(0 0 0 0.008237232 0 0) - 3
#(0 0 0 0.0065897857 0 0) - 3
#(0 0 0 0.009884679 0 0) - 3
#(0 0 0 0.013179571 0 0) - 3
#(0 0 0 0.013179571 0 0) - 3
#(0 0 0 0.013179571 0 0) - 3
#(0 0 0 0.018121911 0 0) - 3
#(0 0 0 0.0032948928 0 0) - 3
#(0 0 0 0.013179571 0 0) - 3
#(0 0 0 0.018121911 0 0) - 3
#(0 0 0 0.009884679 0 0) - 3
#(0 0 0 0 0 0) - 0
#(0 0 0 0 0 0) - 0
#(0 0 0 0 0 0) - 0
#(0 0 0 0.014827018 0 0) - 3
#(0 0 0 0.02306425 0 0) - 3
#(0 0 0 0.026359143 0 0) - 3
#(0 0 0 0.02306425 0 0) - 3
#(0 0 0 0.018121911 0 0) - 3
#(0 0 0 0 0 0) - 0
#(0 0 0 0 0 0) - 0
#(0 0 0 0 0 0) - 0
#(0 0 0 0 0 0) - 0
#(0 0 0 0 0 0) - 0
#(0 0 0 0 0 0) - 0
#(0 0 0 0 0 0) - 0
#(0 0 0 0 0 0) - 0
#(0 0 0 0 0 0) - 0
#(0 0 0 0.0016474464 0 0) - 3
#(0 0 0 0.0016474464 0 0) - 3
#(0 0 0 0.0016474464 0 0) - 3
#(0 0 0 0.0016474464 0 0) - 3
#(0 0 0 0.0016474464 0 0) - 3
#(0 0 0 0.0016474464 0 0) - 3
#(0 0 0 0.0016474464 0 0) - 3
#(0 0 0 0.0016474464 0 0) - 3
#(0 0 0 0.0016474464 0 0) - 3
#(0 0 0 0 0 0) - 0

Grupo 4
#(0 0 0 0 0.0064102565 0) - 4
#(0 0 0 0 0 0) - 0
#(0 0 0 0 0 0) - 0
#(0 0 0 0 0 0) - 0
#(0 0 0 0 0 0) - 0
#(0 0 0 0 0 0) - 0
#(0 0 0 0 0 0) - 0
#(0 0 0 0 0 0) - 0
#(0 0 0 0 0 0) - 0
#(0 0 0 0 0.032051284 0) - 4
#(0 0 0 0 0 0) - 0
#(0 0 0 0 0 0) - 0
#(0 0 0 0 0 0) - 0
#(0 0 0 0 0 0) - 0
#(0 0 0 0 0 0) - 0
#(0 0 0 0 0 0) - 0
#(0 0 0 0 0 0) - 0
#(0 0 0 0 0.0064102565 0) - 4
#(0 0 0 0 0.0064102565 0) - 4
#(0 0 0 0 0 0) - 0
#(0 0 0 0 0 0) - 0
#(0 0 0 0 0 0) - 0
#(0 0 0 0 0 0) - 0
#(0 0 0 0 0 0) - 0
#(0 0 0 0 0 0) - 0
#(0 0 0 0 0 0) - 0
#(0 0 0 0 0 0) - 0
#(0 0 0 0 0.070512824 0) - 4
#(0 0 0 0 0.07692308 0) - 4
#(0 0 0 0 0.07692308 0) - 4
#(0 0 0 0 0.057692308 0) - 4
#(0 0 0 0 0.051282052 0) - 4
#(0 0 0 0 0.06410257 0) - 4
#(0 0 0 0 0.057692308 0) - 4
#(0 0 0 0 0.07692308 0) - 4
#(0 0 0 0 0.051282052 0) - 4
#(0 0 0 0 0.08974359 0) - 4
#(0 0 0 0 0.044871796 0) - 4
#(0 0 0 0 0.07692308 0) - 4
#(0 0 0 0 0.051282052 0) - 4
#(0 0 0 0 0.07692308 0) - 4
#(0 0 0 0 0.07692308 0) - 4
#(0 0 0 0 0.083333336 0) - 4
#(0 0 0 0 0.070512824 0) - 4
#(0 0 0 0 0.03846154 0) - 4
#(0 0 0 0 0 0) - 0
#(0 0 0 0 0 0) - 0
#(0 0 0 0 0.012820513 0) - 4
#(0 0 0 0 0 0) - 0
#(0 0 0 0 0 0) - 0
#(0 0 0 0 0 0) - 0
#(0 0 0 0 0.0064102565 0) - 4
#(0 0 0 0 0 0) - 0
#(0 0 0 0 0.23076923 0) - 4
#(0 0 0 0 0.1923077 0) - 4
#(0 0 0 0 0.28846154 0) - 4
#(0 0 0 0 0.18589744 0) - 4
#(0 0 0 0 0.115384616 0) - 4
#(0 0 0 0 0.25641027 0) - 4
#(0 0 0 0 0.2628205 0) - 4
#(0 0 0 0 0.17307693 0) - 4
#(0 0 0 0 0.2820513 0) - 4
#(0 0 0 0 0.07692308 0) - 4
#(0 0 0 0 0.17948718 0) - 4
#(0 0 0 0 0.14102565 0) - 4
#(0 0 0 0 0.115384616 0) - 4
#(0 0 0 0 0.1474359 0) - 4
#(0 0 0 0 0.1923077 0) - 4
#(0 0 0 0 0.20512821 0) - 4
#(0 0 0 0 0.20512821 0) - 4
#(0 0 0 0 0.22435898 0) - 4
#(0 0 0 0 0.102564104 0) - 4
#(0 0 0 0 0 0) - 0
#(0 0 0 0 0 0) - 0
#(0 0 0 0 0 0) - 0
#(0 0 0 0 0.10897436 0) - 4
#(0 0 0 0 0.10897436 0) - 4
#(0 0 0 0 0.10897436 0) - 4
#(0 0 0 0 0.09615385 0) - 4
#(0 0 0 0 0.115384616 0) - 4
#(0 0 0 0 0.18589744 0) - 4
#(0 0 0 0 0.2628205 0) - 4
#(0 0 0 0 0.22435898 0) - 4
#(0 0 0 0 0.19871795 0) - 4
#(0 0 0 0 0.31410256 0) - 4
#(0 0 0 0 0.21794872 0) - 4
#(0 0 0 0 0.17307693 0) - 4
#(0 0 0 0 0.12179487 0) - 4
#(0 0 0 0 0.12179487 0) - 4
#(0 0 0 0 0.06410257 0) - 4
#(0 0 0 0 0.115384616 0) - 4
#(0 0 0 0 0.06410257 0) - 4
#(0 0 0 0 0.0064102565 0) - 4
#(0 0 0 0 0 0) - 0
#(0 0 0 0 0 0) - 0
#(0 0 0 0 0.012820513 0) - 4
#(0 0 0 0 0.0064102565 0) - 4
#(0 0 0 0 0 0) - 0
#(0 0 0 0 0.012820513 0) - 4
#(0 0 0 0 0.012820513 0) - 4
#(0 0 0 0 0.0064102565 0) - 4
#(0 0 0 0 0.012820513 0) - 4
#(0 0 0 0 0.012820513 0) - 4
#(0 0 0 0 0 0) - 0
#(0 0 0 0 0.0064102565 0) - 4
#(0 0 0 0 0.0064102565 0) - 4
#(0 0 0 0 0 0) - 0
#(0 0 0 0 0 0) - 0
#(0 0 0 0 0 0) - 0
#(0 0 0 0 0.0064102565 0) - 4
#(0 0 0 0 0.012820513 0) - 4
#(0 0 0 0 0 0) - 0
#(0 0 0 0 0.0064102565 0) - 4
#(0 0 0 0 0 0) - 0
#(0 0 0 0 0 0) - 0
#(0 0 0 0 0 0) - 0
#(0 0 0 0 0.01923077 0) - 4
#(0 0 0 0 0.012820513 0) - 4
#(0 0 0 0 0.0064102565 0) - 4
#(0 0 0 0 0.0064102565 0) - 4
#(0 0 0 0 0 0) - 0
#(0 0 0 0 0.03846154 0) - 4
#(0 0 0 0 0.03846154 0) - 4
#(0 0 0 0 0.01923077 0) - 4
#(0 0 0 0 0.012820513 0) - 4
#(0 0 0 0 0 0) - 0
#(0 0 0 0 0 0) - 0
#(0 0 0 0 0 0) - 0
#(0 0 0 0 0 0) - 0
#(0 0 0 0 0 0) - 0
#(0 0 0 0 0.051282052 0) - 4
#(0 0 0 0 0.01923077 0) - 4
#(0 0 0 0 0.083333336 0) - 4
#(0 0 0 0 0.057692308 0) - 4
#(0 0 0 0 0.07692308 0) - 4
#(0 0 0 0 0.0064102565 0) - 4
#(0 0 0 0 0.057692308 0) - 4
#(0 0 0 0 0.032051284 0) - 4
#(0 0 0 0 0.03846154 0) - 4
#(0 0 0 0 0.0064102565 0) - 4
#(0 0 0 0 0.070512824 0) - 4
#(0 0 0 0 0.083333336 0) - 4
#(0 0 0 0 0.08974359 0) - 4
#(0 0 0 0 0.01923077 0) - 4
#(0 0 0 0 0.012820513 0) - 4
#(0 0 0 0 0 0) - 0
#(0 0 0 0 0 0) - 0
#(0 0 0 0 0 0) - 0
#(0 0 0 0 0 0) - 0
#(0 0 0 0 0 0) - 0
#(0 0 0 0 0.051282052 0) - 4
#(0 0 0 0 0.025641026 0) - 4
#(0 0 0 0 0.01923077 0) - 4
#(0 0 0 0 0.012820513 0) - 4
#(0 0 0 0 0.01923077 0) - 4
#(0 0 0 0 0.032051284 0) - 4
#(0 0 0 0 0.025641026 0) - 4
#(0 0 0 0 0.012820513 0) - 4
#(0 0 0 0 0.012820513 0) - 4
#(0 0 0 0 0.0064102565 0) - 4
#(0 0 0 0 0.012820513 0) - 4
#(0 0 0 0 0.012820513 0) - 4
#(0 0 0 0 0.0064102565 0) - 4
#(0 0 0 0 0 0) - 0
#(0 0 0 0 0.012820513 0) - 4
#(0 0 0 0 0.01923077 0) - 4
#(0 0 0 0 0.032051284 0) - 4
#(0 0 0 0 0 0) - 0
#(0 0 0 0 0.012820513 0) - 4
#(0 0 0 0 0.012820513 0) - 4
#(0 0 0 0 0.012820513 0) - 4
#(0 0 0 0 0 0) - 0
#(0 0 0 0 0.025641026 0) - 4
#(0 0 0 0 0.12820514 0) - 4
#(0 0 0 0 0.06410257 0) - 4
#(0 0 0 0 0.057692308 0) - 4
#(0 0 0 0 0.06410257 0) - 4
#(0 0 0 0 0.070512824 0) - 4
#(0 0 0 0 0.08974359 0) - 4
#(0 0 0 0 0.17307693 0) - 4
#(0 0 0 0 0.102564104 0) - 4
#(0 0 0 0 0.083333336 0) - 4
#(0 0 0 0 0.051282052 0) - 4
#(0 0 0 0 0.07692308 0) - 4
#(0 0 0 0 0.102564104 0) - 4
#(0 0 0 0 0.08974359 0) - 4
#(0 0 0 0 0.08974359 0) - 4
#(0 0 0 0 0.070512824 0) - 4
#(0 0 0 0 0.09615385 0) - 4
#(0 0 0 0 0.070512824 0) - 4
#(0 0 0 0 0.070512824 0) - 4
#(0 0 0 0 0.070512824 0) - 4
#(0 0 0 0 0.083333336 0) - 4
#(0 0 0 0 0.07692308 0) - 4
#(0 0 0 0 0.07692308 0) - 4
#(0 0 0 0 0.070512824 0) - 4
#(0 0 0 0 0.07692308 0) - 4
#(0 0 0 0 0.070512824 0) - 4
#(0 0 0 0 0 0) - 0
#(0 0 0 0 0 0) - 0
#(0 0 0 0 0.0064102565 0) - 4
#(0 0 0 0 0 0) - 0
#(0 0 0 0 0.0064102565 0) - 4
#(0 0 0 0 0 0) - 0
#(0 0 0 0 0 0) - 0
#(0 0 0 0 0.01923077 0) - 4
#(0 0 0 0 0 0) - 0
#(0 0 0 0 0 0) - 0
#(0 0 0 0 0.0064102565 0) - 4

Grupo 5
#(0 0 0 0 0 0) - 0
#(0 0 0 0 0 0) - 0
#(0 0 0 0 0 0) - 0
#(0 0 0 0 0 0) - 0
#(0 0 0 0 0 0) - 0
#(0 0 0 0 0 0) - 0
#(0 0 0 0 0 0) - 0
#(0 0 0 0 0 0) - 0
#(0 0 0 0 0 0) - 0
#(0 0 0 0 0 0) - 0
#(0 0 0 0 0 0.016260162) - 5
#(0 0 0 0 0 0) - 0
#(0 0 0 0 0 0) - 0
#(0 0 0 0 0 0) - 0
#(0 0 0 0 0 0) - 0
#(0 0 0 0 0 0) - 0
#(0 0 0 0 0 0) - 0
#(0 0 0 0 0 0) - 0
#(0 0 0 0 0 0) - 0
#(0 0 0 0 0 0.016260162) - 5
#(0 0 0 0 0 0) - 0
#(0 0 0 0 0 0) - 0
#(0 0 0 0 0 0) - 0
#(0 0 0 0 0 0) - 0
#(0 0 0 0 0 0) - 0
#(0 0 0 0 0 0.09756097) - 5
#(0 0 0 0 0 0.09756097) - 5
#(0 0 0 0 0 0.08130081) - 5
#(0 0 0 0 0 0) - 0
#(0 0 0 0 0 0) - 0
#(0 0 0 0 0 0) - 0
#(0 0 0 0 0 0) - 0
#(0 0 0 0 0 0) - 0
#(0 0 0 0 0 0.14634146) - 5
#(0 0 0 0 0 0) - 0
#(0 0 0 0 0 0.032520324) - 5
#(0 0 0 0 0 0) - 0
#(0 0 0 0 0 0.14634146) - 5
#(0 0 0 0 0 0.008130081) - 5
#(0 0 0 0 0 0) - 0
#(0 0 0 0 0 0) - 0
#(0 0 0 0 0 0.016260162) - 5
#(0 0 0 0 0 0.016260162) - 5
#(0 0 0 0 0 0.016260162) - 5
#(0 0 0 0 0 0.024390243) - 5
#(0 0 0 0 0 0.016260162) - 5
#(0 0 0 0 0 0) - 0
#(0 0 0 0 0 0.016260162) - 5
#(0 0 0 0 0 0) - 0
#(0 0 0 0 0 0) - 0
#(0 0 0 0 0 0) - 0
#(0 0 0 0 0 0) - 0
#(0 0 0 0 0 0) - 0
#(0 0 0 0 0 0) - 0
#(0 0 0 0 0 0) - 0
#(0 0 0 0 0 0.15447155) - 5
#(0 0 0 0 0 0) - 0
#(0 0 0 0 0 0) - 0
#(0 0 0 0 0 0) - 0
#(0 0 0 0 0 0) - 0
#(0 0 0 0 0 0) - 0
#(0 0 0 0 0 0.024390243) - 5
#(0 0 0 0 0 0.18699187) - 5
#(0 0 0 0 0 0) - 0
#(0 0 0 0 0 0) - 0
#(0 0 0 0 0 0.008130081) - 5
#(0 0 0 0 0 0.16260162) - 5
#(0 0 0 0 0 0.024390243) - 5
#(0 0 0 0 0 0) - 0
#(0 0 0 0 0 0) - 0
#(0 0 0 0 0 0.008130081) - 5
#(0 0 0 0 0 0.016260162) - 5
#(0 0 0 0 0 0.008130081) - 5
#(0 0 0 0 0 0.024390243) - 5
#(0 0 0 0 0 0.12195122) - 5
#(0 0 0 0 0 0.22764228) - 5
#(0 0 0 0 0 0) - 0
#(0 0 0 0 0 0) - 0
#(0 0 0 0 0 0.12195122) - 5
#(0 0 0 0 0 0.15447155) - 5
#(0 0 0 0 0 0.024390243) - 5
#(0 0 0 0 0 0) - 0
#(0 0 0 0 0 0.032520324) - 5
#(0 0 0 0 0 0.2195122) - 5
#(0 0 0 0 0 0.008130081) - 5
#(0 0 0 0 0 0.016260162) - 5
#(0 0 0 0 0 0) - 0
#(0 0 0 0 0 0.16260162) - 5
#(0 0 0 0 0 0.016260162) - 5
#(0 0 0 0 0 0.008130081) - 5
#(0 0 0 0 0 0.016260162) - 5
#(0 0 0 0 0 0.15447155) - 5
#(0 0 0 0 0 0.032520324) - 5
#(0 0 0 0 0 0) - 0
#(0 0 0 0 0 0) - 0
#(0 0 0 0 0 0) - 0
#(0 0 0 0 0 0) - 0
#(0 0 0 0 0 0) - 0
#(0 0 0 0 0 0.008130081) - 5
#(0 0 0 0 0 0.06504065) - 5
#(0 0 0 0 0 0) - 0
#(0 0 0 0 0 0) - 0
#(0 0 0 0 0 0.008130081) - 5
#(0 0 0 0 0 0.024390243) - 5
#(0 0 0 0 0 0.016260162) - 5
#(0 0 0 0 0 0.016260162) - 5
#(0 0 0 0 0 0.016260162) - 5
#(0 0 0 0 0 0.15447155) - 5
#(0 0 0 0 0 0.10569106) - 5
#(0 0 0 0 0 0.06504065) - 5
#(0 0 0 0 0 0.10569106) - 5
#(0 0 0 0 0 0.040650405) - 5
#(0 0 0 0 0 0.008130081) - 5
#(0 0 0 0 0 0.024390243) - 5
#(0 0 0 0 0 0) - 0
#(0 0 0 0 0 0.008130081) - 5
#(0 0 0 0 0 0.016260162) - 5
#(0 0 0 0 0 0) - 0
#(0 0 0 0 0 0.008130081) - 5
#(0 0 0 0 0 0.008130081) - 5
#(0 0 0 0 0 0.016260162) - 5
#(0 0 0 0 0 0) - 0
#(0 0 0 0 0 0) - 0
#(0 0 0 0 0 0) - 0
#(0 0 0 0 0 0) - 0
#(0 0 0 0 0 0.016260162) - 5
#(0 0 0 0 0 0.016260162) - 5
#(0 0 0 0 0 0.008130081) - 5
#(0 0 0 0 0 0.032520324) - 5
#(0 0 0 0 0 0.016260162) - 5
#(0 0 0 0 0 0.024390243) - 5
#(0 0 0 0 0 0) - 0
#(0 0 0 0 0 0.008130081) - 5
#(0 0 0 0 0 0.06504065) - 5
#(0 0 0 0 0 0.15447155) - 5
#(0 0 0 0 0 0.024390243) - 5
#(0 0 0 0 0 0.024390243) - 5
#(0 0 0 0 0 0.20325203) - 5
#(0 0 0 0 0 0.08130081) - 5
#(0 0 0 0 0 0.06504065) - 5
#(0 0 0 0 0 0.032520324) - 5
#(0 0 0 0 0 0.032520324) - 5
#(0 0 0 0 0 0.12195122) - 5
#(0 0 0 0 0 0.008130081) - 5
#(0 0 0 0 0 0.1300813) - 5
#(0 0 0 0 0 0.08943089) - 5
#(0 0 0 0 0 0) - 0
#(0 0 0 0 0 0.08130081) - 5
#(0 0 0 0 0 0.032520324) - 5
#(0 0 0 0 0 0) - 0
#(0 0 0 0 0 0.008130081) - 5
#(0 0 0 0 0 0.08943089) - 5
#(0 0 0 0 0 0.008130081) - 5
#(0 0 0 0 0 0.09756097) - 5
#(0 0 0 0 0 0.05691057) - 5
#(0 0 0 0 0 0.016260162) - 5
#(0 0 0 0 0 0.07317073) - 5
#(0 0 0 0 0 0.032520324) - 5
#(0 0 0 0 0 0.048780486) - 5
#(0 0 0 0 0 0.032520324) - 5
#(0 0 0 0 0 0.016260162) - 5
#(0 0 0 0 0 0.024390243) - 5
#(0 0 0 0 0 0.008130081) - 5
#(0 0 0 0 0 0.016260162) - 5
#(0 0 0 0 0 0.008130081) - 5
#(0 0 0 0 0 0.032520324) - 5
#(0 0 0 0 0 0.06504065) - 5
#(0 0 0 0 0 0) - 0
#(0 0 0 0 0 0) - 0
#(0 0 0 0 0 0.040650405) - 5
#(0 0 0 0 0 0.008130081) - 5
#(0 0 0 0 0 0.06504065) - 5
#(0 0 0 0 0 0.024390243) - 5
#(0 0 0 0 0 0.06504065) - 5
#(0 0 0 0 0 0.032520324) - 5
#(0 0 0 0 0 0.024390243) - 5
#(0 0 0 0 0 0.040650405) - 5
#(0 0 0 0 0 0.008130081) - 5
#(0 0 0 0 0 0.048780486) - 5
#(0 0 0 0 0 0.008130081) - 5
#(0 0 0 0 0 0.008130081) - 5
#(0 0 0 0 0 0.06504065) - 5
#(0 0 0 0 0 0.008130081) - 5
#(0 0 0 0 0 0.06504065) - 5
#(0 0 0 0 0 0.016260162) - 5
#(0 0 0 0 0 0.16260162) - 5
#(0 0 0 0 0 0.08130081) - 5
#(0 0 0 0 0 0.17073171) - 5
#(0 0 0 0 0 0.048780486) - 5
#(0 0 0 0 0 0.024390243) - 5
#(0 0 0 0 0 0) - 0
#(0 0 0 0 0 0) - 0
#(0 0 0 0 0 0.08943089) - 5
#(0 0 0 0 0 0.08130081) - 5
#(0 0 0 0 0 0.08943089) - 5
#(0 0 0 0 0 0) - 0
#(0 0 0 0 0 0) - 0
#(0 0 0 0 0 0.016260162) - 5
#(0 0 0 0 0 0) - 0
#(0 0 0 0 0 0) - 0
#(0 0 0 0 0 0.016260162) - 5
#(0 0 0 0 0 0.048780486) - 5
#(0 0 0 0 0 0) - 0
#(0 0 0 0 0 0.18699187) - 5
#(0 0 0 0 0 0.16260162) - 5
#(0 0 0 0 0 0.008130081) - 5
#(0 0 0 0 0 0.048780486) - 5
#(0 0 0 0 0 0.14634146) - 5
#(0 0 0 0 0 0.19512194) - 5
#(0 0 0 0 0 0.14634146) - 5
#(0 0 0 0 0 0) - 0
#(0 0 0 0 0 0) - 0
#(0 0 0 0 0 0) - 0
#(0 0 0 0 0 0.06504065) - 5
#(0 0 0 0 0 0.07317073) - 5
#(0 0 0 0 0 0) - 0
#(0 0 0 0 0 0.032520324) - 5
#(0 0 0 0 0 0.008130081) - 5
#(0 0 0 0 0 0) - 0
#(0 0 0 0 0 0.008130081) - 5
#(0 0 0 0 0 0) - 0
#(0 0 0 0 0 0.008130081) - 5
#(0 0 0 0 0 0.06504065) - 5
#(0 0 0 0 0 0.07317073) - 5
#(0 0 0 0 0 0) - 0
#(0 0 0 0 0 0.024390243) - 5
#(0 0 0 0 0 0) - 0
#(0 0 0 0 0 0.016260162) - 5
#(0 0 0 0 0 0.016260162) - 5
#(0 0 0 0 0 0.016260162) - 5
#(0 0 0 0 0 0) - 0
#(0 0 0 0 0 0.008130081) - 5
#(0 0 0 0 0 0.008130081) - 5
#(0 0 0 0 0 0.040650405) - 5
#(0 0 0 0 0 0.016260162) - 5
#(0 0 0 0 0 0) - 0
#(0 0 0 0 0 0) - 0
#(0 0 0 0 0 0) - 0
#(0 0 0 0 0 0) - 0
#(0 0 0 0 0 0) - 0
#(0 0 0 0 0 0) - 0
#(0 0 0 0 0 0) - 0
#(0 0 0 0 0 0.008130081) - 5
#(0 0 0 0 0 0.008130081) - 5
#(0 0 0 0 0 0.008130081) - 5
#(0 0 0 0 0 0) - 0
#(0 0 0 0 0 0) - 0
#(0 0 0 0 0 0) - 0
#(0 0 0 0 0 0) - 0
#(0 0 0 0 0 0) - 0
#(0 0 0 0 0 0) - 0
#(0 0 0 0 0 0.09756097) - 5
#(0 0 0 0 0 0) - 0
#(0 0 0 0 0 0) - 0
#(0 0 0 0 0 0) - 0
#(0 0 0 0 0 0) - 0
#(0 0 0 0 0 0) - 0
#(0 0 0 0 0 0) - 0
#(0 0 0 0 0 0) - 0
#(0 0 0 0 0 0.08943089) - 5
#(0 0 0 0 0 0.09756097) - 5
#(0 0 0 0 0 0) - 0
#(0 0 0 0 0 0) - 0
#(0 0 0 0 0 0.024390243) - 5
#(0 0 0 0 0 0.016260162) - 5
#(0 0 0 0 0 0.024390243) - 5
#(0 0 0 0 0 0.05691057) - 5
#(0 0 0 0 0 0.016260162) - 5
#(0 0 0 0 0 0.016260162) - 5
#(0 0 0 0 0 0.016260162) - 5
#(0 0 0 0 0 0.008130081) - 5
#(0 0 0 0 0 0.008130081) - 5
#(0 0 0 0 0 0.040650405) - 5
#(0 0 0 0 0 0.024390243) - 5
#(0 0 0 0 0 0.05691057) - 5
#(0 0 0 0 0 0.032520324) - 5
#(0 0 0 0 0 0.008130081) - 5
#(0 0 0 0 0 0.008130081) - 5
#(0 0 0 0 0 0.040650405) - 5
#(0 0 0 0 0 0.07317073) - 5
#(0 0 0 0 0 0.08943089) - 5
#(0 0 0 0 0 0.08130081) - 5
#(0 0 0 0 0 0.032520324) - 5
#(0 0 0 0 0 0.13821138) - 5
#(0 0 0 0 0 0) - 0
#(0 0 0 0 0 0.008130081) - 5
#(0 0 0 0 0 0.08130081) - 5
#(0 0 0 0 0 0) - 0
#(0 0 0 0 0 0.008130081) - 5
#(0 0 0 0 0 0.040650405) - 5
#(0 0 0 0 0 0.016260162) - 5
#(0 0 0 0 0 0.08943089) - 5
#(0 0 0 0 0 0.016260162) - 5
#(0 0 0 0 0 0) - 0
#(0 0 0 0 0 0) - 0
#(0 0 0 0 0 0.07317073) - 5
#(0 0 0 0 0 0.016260162) - 5
#(0 0 0 0 0 0) - 0
#(0 0 0 0 0 0.024390243) - 5
#(0 0 0 0 0 0.06504065) - 5
#(0 0 0 0 0 0.024390243) - 5
#(0 0 0 0 0 0.016260162) - 5
#(0 0 0 0 0 0) - 0
#(0 0 0 0 0 0.016260162) - 5
#(0 0 0 0 0 0) - 0
#(0 0 0 0 0 0.016260162) - 5
#(0 0 0 0 0 0) - 0
#(0 0 0 0 0 0) - 0
#(0 0 0 0 0 0.18699187) - 5
#(0 0 0 0 0 0.06504065) - 5
#(0 0 0 0 0 0.07317073) - 5
#(0 0 0 0 0 0.25203252) - 5
#(0 0 0 0 0 0.08130081) - 5
#(0 0 0 0 0 0.05691057) - 5
#(0 0 0 0 0 0.12195122) - 5
#(0 0 0 0 0 0.016260162) - 5
#(0 0 0 0 0 0.040650405) - 5
#(0 0 0 0 0 0.07317073) - 5
#(0 0 0 0 0 0.07317073) - 5
#(0 0 0 0 0 0.06504065) - 5
#(0 0 0 0 0 0.032520324) - 5
#(0 0 0 0 0 0.008130081) - 5
#(0 0 0 0 0 0.05691057) - 5
#(0 0 0 0 0 0.05691057) - 5
#(0 0 0 0 0 0.048780486) - 5
#(0 0 0 0 0 0.008130081) - 5
#(0 0 0 0 0 0) - 0
#(0 0 0 0 0 0) - 0
#(0 0 0 0 0 0.040650405) - 5
#(0 0 0 0 0 0.008130081) - 5
#(0 0 0 0 0 0.05691057) - 5
#(0 0 0 0 0 0.05691057) - 5
#(0 0 0 0 0 0) - 0
#(0 0 0 0 0 0) - 0
#(0 0 0 0 0 0.1300813) - 5
#(0 0 0 0 0 0.016260162) - 5
#(0 0 0 0 0 0.17886178) - 5
#(0 0 0 0 0 0.048780486) - 5
#(0 0 0 0 0 0.08130081) - 5
#(0 0 0 0 0 0) - 0
#(0 0 0 0 0 0.032520324) - 5
#(0 0 0 0 0 0.024390243) - 5
#(0 0 0 0 0 0.032520324) - 5
#(0 0 0 0 0 0.10569106) - 5
#(0 0 0 0 0 0.008130081) - 5
#(0 0 0 0 0 0.08130081) - 5
#(0 0 0 0 0 0.05691057) - 5
#(0 0 0 0 0 0.048780486) - 5
#(0 0 0 0 0 0.024390243) - 5
#(0 0 0 0 0 0.032520324) - 5
#(0 0 0 0 0 0) - 0
#(0 0 0 0 0 0.008130081) - 5
#(0 0 0 0 0 0.040650405) - 5
#(0 0 0 0 0 0.14634146) - 5
#(0 0 0 0 0 0) - 0
#(0 0 0 0 0 0.12195122) - 5
#(0 0 0 0 0 0.048780486) - 5
#(0 0 0 0 0 0.08943089) - 5
#(0 0 0 0 0 0.08130081) - 5
#(0 0 0 0 0 0.19512194) - 5
#(0 0 0 0 0 0.14634146) - 5
#(0 0 0 0 0 0.20325203) - 5
#(0 0 0 0 0 0.12195122) - 5
#(0 0 0 0 0 0.14634146) - 5
#(0 0 0 0 0 0.19512194) - 5
#(0 0 0 0 0 0.032520324) - 5
#(0 0 0 0 0 0.08130081) - 5
#(0 0 0 0 0 0.14634146) - 5
#(0 0 0 0 0 0) - 0
#(0 0 0 0 0 0.008130081) - 5
#(0 0 0 0 0 0.016260162) - 5
#(0 0 0 0 0 0.07317073) - 5
#(0 0 0 0 0 0.024390243) - 5
#(0 0 0 0 0 0) - 0
#(0 0 0 0 0 0) - 0
#(0 0 0 0 0 0.10569106) - 5
#(0 0 0 0 0 0) - 0
#(0 0 0 0 0 0.008130081) - 5
#(0 0 0 0 0 0.016260162) - 5
#(0 0 0 0 0 0.07317073) - 5
#(0 0 0 0 0 0.08130081) - 5
#(0 0 0 0 0 0) - 0
#(0 0 0 0 0 0) - 0
#(0 0 0 0 0 0) - 0
#(0 0 0 0 0 0.008130081) - 5
#(0 0 0 0 0 0) - 0
#(0 0 0 0 0 0) - 0
#(0 0 0 0 0 0) - 0
#(0 0 0 0 0 0.008130081) - 5
#(0 0 0 0 0 0.008130081) - 5
#(0 0 0 0 0 0.008130081) - 5
#(0 0 0 0 0 0) - 0
#(0 0 0 0 0 0) - 0
#(0 0 0 0 0 0) - 0
#(0 0 0 0 0 0) - 0
#(0 0 0 0 0 0) - 0
#(0 0 0 0 0 0.008130081) - 5
#(0 0 0 0 0 0.008130081) - 5
#(0 0 0 0 0 0.016260162) - 5
#(0 0 0 0 0 0.016260162) - 5
#(0 0 0 0 0 0.008130081) - 5
#(0 0 0 0 0 0.008130081) - 5
#(0 0 0 0 0 0.048780486) - 5
#(0 0 0 0 0 0.18699187) - 5
#(0 0 0 0 0 0) - 0
#(0 0 0 0 0 0) - 0
#(0 0 0 0 0 0.016260162) - 5
#(0 0 0 0 0 0) - 0
#(0 0 0 0 0 0) - 0
#(0 0 0 0 0 0) - 0
#(0 0 0 0 0 0) - 0
#(0 0 0 0 0 0) - 0
#(0 0 0 0 0 0) - 0
#(0 0 0 0 0 0) - 0
#(0 0 0 0 0 0) - 0
#(0 0 0 0 0 0) - 0
#(0 0 0 0 0 0) - 0
#(0 0 0 0 0 0) - 0
#(0 0 0 0 0 0) - 0
#(0 0 0 0 0 0.008130081) - 5
#(0 0 0 0 0 0.024390243) - 5
#(0 0 0 0 0 0.12195122) - 5
#(0 0 0 0 0 0.008130081) - 5
#(0 0 0 0 0 0) - 0
#(0 0 0 0 0 0.024390243) - 5
#(0 0 0 0 0 0.048780486) - 5
#(0 0 0 0 0 0.032520324) - 5
#(0 0 0 0 0 0.024390243) - 5
#(0 0 0 0 0 0.032520324) - 5
#(0 0 0 0 0 0.008130081) - 5
#(0 0 0 0 0 0) - 0
#(0 0 0 0 0 0.008130081) - 5
#(0 0 0 0 0 0.008130081) - 5
#(0 0 0 0 0 0.06504065) - 5
#(0 0 0 0 0 0.016260162) - 5
#(0 0 0 0 0 0.008130081) - 5
#(0 0 0 0 0 0.008130081) - 5
#(0 0 0 0 0 0) - 0
#(0 0 0 0 0 0.008130081) - 5
#(0 0 0 0 0 0) - 0
#(0 0 0 0 0 0.13821138) - 5
#(0 0 0 0 0 0.07317073) - 5
#(0 0 0 0 0 0.17073171) - 5
#(0 0 0 0 0 0.17073171) - 5
#(0 0 0 0 0 0.16260162) - 5
#(0 0 0 0 0 0.17886178) - 5
#(0 0 0 0 0 0.17073171) - 5
#(0 0 0 0 0 0.12195122) - 5
#(0 0 0 0 0 0.10569106) - 5
#(0 0 0 0 0 0.17073171) - 5
#(0 0 0 0 0 0.12195122) - 5
#(0 0 0 0 0 0.17073171) - 5
#(0 0 0 0 0 0.048780486) - 5
#(0 0 0 0 0 0) - 0
#(0 0 0 0 0 0.008130081) - 5
#(0 0 0 0 0 0) - 0
#(0 0 0 0 0 0.032520324) - 5
#(0 0 0 0 0 0.19512194) - 5
#(0 0 0 0 0 0.15447155) - 5
#(0 0 0 0 0 0.17886178) - 5
#(0 0 0 0 0 0.17073171) - 5
#(0 0 0 0 0 0.08943089) - 5
#(0 0 0 0 0 0) - 0
#(0 0 0 0 0 0.008130081) - 5
#(0 0 0 0 0 0.008130081) - 5
#(0 0 0 0 0 0.024390243) - 5
#(0 0 0 0 0 0.016260162) - 5
#(0 0 0 0 0 0) - 0
#(0 0 0 0 0 0.05691057) - 5
#(0 0 0 0 0 0.040650405) - 5
#(0 0 0 0 0 0.008130081) - 5
#(0 0 0 0 0 0) - 0
#(0 0 0 0 0 0) - 0
#(0 0 0 0 0 0.008130081) - 5
#(0 0 0 0 0 0.024390243) - 5
#(0 0 0 0 0 0.008130081) - 5
#(0 0 0 0 0 0.07317073) - 5
#(0 0 0 0 0 0.024390243) - 5
#(0 0 0 0 0 0.08130081) - 5
#(0 0 0 0 0 0.024390243) - 5
#(0 0 0 0 0 0.040650405) - 5
#(0 0 0 0 0 0.10569106) - 5
#(0 0 0 0 0 0.06504065) - 5
#(0 0 0 0 0 0.032520324) - 5
#(0 0 0 0 0 0.032520324) - 5
#(0 0 0 0 0 0) - 0
#(0 0 0 0 0 0.016260162) - 5
#(0 0 0 0 0 0.016260162) - 5
#(0 0 0 0 0 0.024390243) - 5
#(0 0 0 0 0 0.016260162) - 5
#(0 0 0 0 0 0.016260162) - 5
#(0 0 0 0 0 0.16260162) - 5
#(0 0 0 0 0 0.008130081) - 5
#(0 0 0 0 0 0.16260162) - 5
#(0 0 0 0 0 0.11382114) - 5
#(0 0 0 0 0 0) - 0
#(0 0 0 0 0 0.16260162) - 5
#(0 0 0 0 0 0.14634146) - 5
#(0 0 0 0 0 0.08130081) - 5
#(0 0 0 0 0 0.016260162) - 5
#(0 0 0 0 0 0.12195122) - 5
#(0 0 0 0 0 0.008130081) - 5
#(0 0 0 0 0 0) - 0
#(0 0 0 0 0 0) - 0
#(0 0 0 0 0 0.032520324) - 5
#(0 0 0 0 0 0) - 0
#(0 0 0 0 0 0.016260162) - 5
#(0 0 0 0 0 0.016260162) - 5
#(0 0 0 0 0 0.024390243) - 5
#(0 0 0 0 0 0.016260162) - 5
#(0 0 0 0 0 0.06504065) - 5
#(0 0 0 0 0 0) - 0
#(0 0 0 0 0 0) - 0
#(0 0 0 0 0 0) - 0
#(0 0 0 0 0 0) - 0
#(0 0 0 0 0 0) - 0
#(0 0 0 0 0 0) - 0
#(0 0 0 0 0 0) - 0
#(0 0 0 0 0 0) - 0
#(0 0 0 0 0 0) - 0
#(0 0 0 0 0 0) - 0
#(0 0 0 0 0 0.016260162) - 5
#(0 0 0 0 0 0) - 0
#(0 0 0 0 0 0) - 0
#(0 0 0 0 0 0) - 0
#(0 0 0 0 0 0) - 0
#(0 0 0 0 0 0) - 0
#(0 0 0 0 0 0) - 0
#(0 0 0 0 0 0) - 0
#(0 0 0 0 0 0) - 0
#(0 0 0 0 0 0) - 0
#(0 0 0 0 0 0) - 0
#(0 0 0 0 0 0) - 0
#(0 0 0 0 0 0) - 0
#(0 0 0 0 0 0) - 0
#(0 0 0 0 0 0) - 0
#(0 0 0 0 0 0.15447155) - 5
#(0 0 0 0 0 0.05691057) - 5
#(0 0 0 0 0 0.048780486) - 5
#(0 0 0 0 0 0.032520324) - 5
#(0 0 0 0 0 0.16260162) - 5
#(0 0 0 0 0 0.23577236) - 5
#(0 0 0 0 0 0.21138212) - 5
#(0 0 0 0 0 0.17073171) - 5
#(0 0 0 0 0 0.15447155) - 5
#(0 0 0 0 0 0.17073171) - 5
#(0 0 0 0 0 0.032520324) - 5
#(0 0 0 0 0 0.12195122) - 5
#(0 0 0 0 0 0.1300813) - 5
#(0 0 0 0 0 0) - 0
#(0 0 0 0 0 0.032520324) - 5
#(0 0 0 0 0 0.06504065) - 5
#(0 0 0 0 0 0) - 0
#(0 0 0 0 0 0.17886178) - 5
#(0 0 0 0 0 0.22764228) - 5
#(0 0 0 0 0 0.18699187) - 5
#(0 0 0 0 0 0.16260162) - 5
#(0 0 0 0 0 0.09756097) - 5
#(0 0 0 0 0 0) - 0
#(0 0 0 0 0 0.05691057) - 5
#(0 0 0 0 0 0.016260162) - 5
#(0 0 0 0 0 0) - 0
#(0 0 0 0 0 0.016260162) - 5
#(0 0 0 0 0 0.008130081) - 5
#(0 0 0 0 0 0.024390243) - 5
#(0 0 0 0 0 0.024390243) - 5
#(0 0 0 0 0 0.016260162) - 5
#(0 0 0 0 0 0.048780486) - 5
#(0 0 0 0 0 0.08130081) - 5
#(0 0 0 0 0 0.016260162) - 5
#(0 0 0 0 0 0.040650405) - 5
#(0 0 0 0 0 0) - 0
#(0 0 0 0 0 0.008130081) - 5
#(0 0 0 0 0 0) - 0
#(0 0 0 0 0 0) - 0
#(0 0 0 0 0 0) - 0
#(0 0 0 0 0 0) - 0
#(0 0 0 0 0 0.008130081) - 5
#(0 0 0 0 0 0) - 0
#(0 0 0 0 0 0.008130081) - 5
#(0 0 0 0 0 0) - 0
#(0 0 0 0 0 0.05691057) - 5
#(0 0 0 0 0 0.016260162) - 5
#(0 0 0 0 0 0) - 0
#(0 0 0 0 0 0) - 0
#(0 0 0 0 0 0) - 0
#(0 0 0 0 0 0) - 0
#(0 0 0 0 0 0.22764228) - 5
#(0 0 0 0 0 0.008130081) - 5
#(0 0 0 0 0 0.2195122) - 5
#(0 0 0 0 0 0.048780486) - 5
#(0 0 0 0 0 0.07317073) - 5
#(0 0 0 0 0 0.07317073) - 5
#(0 0 0 0 0 0.08943089) - 5
#(0 0 0 0 0 0.024390243) - 5
#(0 0 0 0 0 0.008130081) - 5
#(0 0 0 0 0 0.19512194) - 5
#(0 0 0 0 0 0) - 0
#(0 0 0 0 0 0.07317073) - 5
#(0 0 0 0 0 0.2195122) - 5
#(0 0 0 0 0 0.20325203) - 5
#(0 0 0 0 0 0.20325203) - 5
#(0 0 0 0 0 0.21138212) - 5
#(0 0 0 0 0 0.12195122) - 5
#(0 0 0 0 0 0.008130081) - 5
#(0 0 0 0 0 0) - 0
#(0 0 0 0 0 0) - 0
#(0 0 0 0 0 0.016260162) - 5
#(0 0 0 0 0 0) - 0
#(0 0 0 0 0 0) - 0
#(0 0 0 0 0 0) - 0
#(0 0 0 0 0 0) - 0
#(0 0 0 0 0 0.008130081) - 5
#(0 0 0 0 0 0.024390243) - 5
#(0 0 0 0 0 0.008130081) - 5
#(0 0 0 0 0 0.05691057) - 5
#(0 0 0 0 0 0) - 0
#(0 0 0 0 0 0.032520324) - 5
#(0 0 0 0 0 0) - 0
#(0 0 0 0 0 0) - 0
#(0 0 0 0 0 0) - 0
#(0 0 0 0 0 0.008130081) - 5
#(0 0 0 0 0 0) - 0
#(0 0 0 0 0 0) - 0
#(0 0 0 0 0 0.032520324) - 5
#(0 0 0 0 0 0.032520324) - 5
#(0 0 0 0 0 0.048780486) - 5
#(0 0 0 0 0 0) - 0
#(0 0 0 0 0 0.07317073) - 5
#(0 0 0 0 0 0.08130081) - 5
#(0 0 0 0 0 0.024390243) - 5
#(0 0 0 0 0 0) - 0
#(0 0 0 0 0 0) - 0
#(0 0 0 0 0 0.1300813) - 5
#(0 0 0 0 0 0.008130081) - 5
#(0 0 0 0 0 0.048780486) - 5
#(0 0 0 0 0 0.016260162) - 5
#(0 0 0 0 0 0.016260162) - 5
#(0 0 0 0 0 0.10569106) - 5
#(0 0 0 0 0 0.11382114) - 5
#(0 0 0 0 0 0.024390243) - 5
#(0 0 0 0 0 0.008130081) - 5
#(0 0 0 0 0 0.008130081) - 5
#(0 0 0 0 0 0) - 0
#(0 0 0 0 0 0) - 0
#(0 0 0 0 0 0.032520324) - 5
#(0 0 0 0 0 0.024390243) - 5
#(0 0 0 0 0 0.1300813) - 5
#(0 0 0 0 0 0) - 0
#(0 0 0 0 0 0.05691057) - 5
#(0 0 0 0 0 0.016260162) - 5
#(0 0 0 0 0 0.008130081) - 5
#(0 0 0 0 0 0) - 0
#(0 0 0 0 0 0.048780486) - 5
#(0 0 0 0 0 0) - 0
#(0 0 0 0 0 0.024390243) - 5
#(0 0 0 0 0 0.008130081) - 5
#(0 0 0 0 0 0) - 0
#(0 0 0 0 0 0) - 0
#(0 0 0 0 0 0.008130081) - 5
#(0 0 0 0 0 0.024390243) - 5
#(0 0 0 0 0 0) - 0
#(0 0 0 0 0 0.008130081) - 5
#(0 0 0 0 0 0.032520324) - 5
#(0 0 0 0 0 0.016260162) - 5
#(0 0 0 0 0 0) - 0
#(0 0 0 0 0 0.024390243) - 5
#(0 0 0 0 0 0.024390243) - 5
#(0 0 0 0 0 0.008130081) - 5
#(0 0 0 0 0 0) - 0
#(0 0 0 0 0 0.024390243) - 5
#(0 0 0 0 0 0.024390243) - 5
#(0 0 0 0 0 0.032520324) - 5
#(0 0 0 0 0 0) - 0
#(0 0 0 0 0 0) - 0
#(0 0 0 0 0 0) - 0
#(0 0 0 0 0 0.040650405) - 5
#(0 0 0 0 0 0.06504065) - 5
#(0 0 0 0 0 0) - 0
#(0 0 0 0 0 0) - 0
#(0 0 0 0 0 0.07317073) - 5
#(0 0 0 0 0 0.048780486) - 5
#(0 0 0 0 0 0.06504065) - 5
#(0 0 0 0 0 0.032520324) - 5
#(0 0 0 0 0 0.14634146) - 5
#(0 0 0 0 0 0.016260162) - 5
#(0 0 0 0 0 0.016260162) - 5
#(0 0 0 0 0 0.040650405) - 5
#(0 0 0 0 0 0.048780486) - 5
#(0 0 0 0 0 0.25203252) - 5
#(0 0 0 0 0 0.17886178) - 5
#(0 0 0 0 0 0.25203252) - 5
#(0 0 0 0 0 0.05691057) - 5
#(0 0 0 0 0 0.17073171) - 5
#(0 0 0 0 0 0.08130081) - 5
#(0 0 0 0 0 0.17073171) - 5
#(0 0 0 0 0 0.10569106) - 5
#(0 0 0 0 0 0.06504065) - 5
#(0 0 0 0 0 0.008130081) - 5
#(0 0 0 0 0 0.048780486) - 5
#(0 0 0 0 0 0.032520324) - 5
#(0 0 0 0 0 0.048780486) - 5
#(0 0 0 0 0 0.08943089) - 5
#(0 0 0 0 0 0.09756097) - 5
#(0 0 0 0 0 0.10569106) - 5
#(0 0 0 0 0 0.08943089) - 5
#(0 0 0 0 0 0) - 0
#(0 0 0 0 0 0.05691057) - 5
#(0 0 0 0 0 0.15447155) - 5
#(0 0 0 0 0 0.040650405) - 5
#(0 0 0 0 0 0.15447155) - 5
#(0 0 0 0 0 0.032520324) - 5
#(0 0 0 0 0 0.040650405) - 5
#(0 0 0 0 0 0.024390243) - 5
#(0 0 0 0 0 0.032520324) - 5
#(0 0 0 0 0 0.032520324) - 5
#(0 0 0 0 0 0.06504065) - 5
#(0 0 0 0 0 0.08943089) - 5
#(0 0 0 0 0 0.06504065) - 5
#(0 0 0 0 0 0.08943089) - 5
#(0 0 0 0 0 0) - 0
#(0 0 0 0 0 0) - 0
#(0 0 0 0 0 0.032520324) - 5
#(0 0 0 0 0 0.040650405) - 5
#(0 0 0 0 0 0.032520324) - 5
#(0 0 0 0 0 0) - 0
#(0 0 0 0 0 0.024390243) - 5
#(0 0 0 0 0 0.032520324) - 5
#(0 0 0 0 0 0) - 0
#(0 0 0 0 0 0.032520324) - 5
#(0 0 0 0 0 0.08943089) - 5
#(0 0 0 0 0 0.024390243) - 5
#(0 0 0 0 0 0.040650405) - 5
#(0 0 0 0 0 0.032520324) - 5
#(0 0 0 0 0 0) - 0
#(0 0 0 0 0 0) - 0
#(0 0 0 0 0 0.09756097) - 5
#(0 0 0 0 0 0) - 0
#(0 0 0 0 0 0.008130081) - 5
#(0 0 0 0 0 0) - 0
#(0 0 0 0 0 0.024390243) - 5
#(0 0 0 0 0 0.016260162) - 5
#(0 0 0 0 0 0.032520324) - 5
#(0 0 0 0 0 0.032520324) - 5
#(0 0 0 0 0 0) - 0
#(0 0 0 0 0 0) - 0
#(0 0 0 0 0 0) - 0
#(0 0 0 0 0 0) - 0
#(0 0 0 0 0 0) - 0
#(0 0 0 0 0 0) - 0
#(0 0 0 0 0 0) - 0
#(0 0 0 0 0 0) - 0
#(0 0 0 0 0 0) - 0
#(0 0 0 0 0 0) - 0
#(0 0 0 0 0 0.008130081) - 5
#(0 0 0 0 0 0) - 0
#(0 0 0 0 0 0) - 0
#(0 0 0 0 0 0) - 0
#(0 0 0 0 0 0.008130081) - 5
#(0 0 0 0 0 0) - 0
#(0 0 0 0 0 0) - 0
#(0 0 0 0 0 0) - 0
#(0 0 0 0 0 0) - 0
#(0 0 0 0 0 0) - 0
#(0 0 0 0 0 0) - 0
#(0 0 0 0 0 0) - 0
#(0 0 0 0 0 0.016260162) - 5
#(0 0 0 0 0 0) - 0
#(0 0 0 0 0 0) - 0
#(0 0 0 0 0 0) - 0
#(0 0 0 0 0 0) - 0
#(0 0 0 0 0 0) - 0
#(0 0 0 0 0 0.008130081) - 5
#(0 0 0 0 0 0.008130081) - 5
#(0 0 0 0 0 0.040650405) - 5
#(0 0 0 0 0 0.024390243) - 5
#(0 0 0 0 0 0.024390243) - 5
#(0 0 0 0 0 0) - 0
#(0 0 0 0 0 0) - 0
#(0 0 0 0 0 0) - 0
#(0 0 0 0 0 0) - 0
#(0 0 0 0 0 0.008130081) - 5
#(0 0 0 0 0 0.024390243) - 5
#(0 0 0 0 0 0.024390243) - 5
#(0 0 0 0 0 0.06504065) - 5
#(0 0 0 0 0 0) - 0
#(0 0 0 0 0 0.048780486) - 5
#(0 0 0 0 0 0.032520324) - 5
#(0 0 0 0 0 0.040650405) - 5
#(0 0 0 0 0 0.024390243) - 5
#(0 0 0 0 0 0) - 0
#(0 0 0 0 0 0.06504065) - 5
#(0 0 0 0 0 0.040650405) - 5
#(0 0 0 0 0 0.016260162) - 5
#(0 0 0 0 0 0.11382114) - 5
#(0 0 0 0 0 0.008130081) - 5
#(0 0 0 0 0 0.016260162) - 5
#(0 0 0 0 0 0) - 0
#(0 0 0 0 0 0.024390243) - 5
#(0 0 0 0 0 0) - 0
#(0 0 0 0 0 0.048780486) - 5
#(0 0 0 0 0 0.06504065) - 5
#(0 0 0 0 0 0.032520324) - 5
#(0 0 0 0 0 0.08943089) - 5
#(0 0 0 0 0 0.05691057) - 5
#(0 0 0 0 0 0.11382114) - 5
#(0 0 0 0 0 0.08130081) - 5
#(0 0 0 0 0 0.08130081) - 5
#(0 0 0 0 0 0.2682927) - 5
#(0 0 0 0 0 0) - 0
#(0 0 0 0 0 0.27642277) - 5
#(0 0 0 0 0 0.040650405) - 5
#(0 0 0 0 0 0) - 0
#(0 0 0 0 0 0) - 0
#(0 0 0 0 0 0.024390243) - 5
#(0 0 0 0 0 0) - 0
#(0 0 0 0 0 0.024390243) - 5
#(0 0 0 0 0 0.040650405) - 5
#(0 0 0 0 0 0.040650405) - 5
#(0 0 0 0 0 0.016260162) - 5
#(0 0 0 0 0 0.024390243) - 5
#(0 0 0 0 0 0) - 0
#(0 0 0 0 0 0.008130081) - 5
#(0 0 0 0 0 0) - 0
#(0 0 0 0 0 0) - 0
#(0 0 0 0 0 0) - 0
#(0 0 0 0 0 0) - 0
#(0 0 0 0 0 0.032520324) - 5
#(0 0 0 0 0 0.016260162) - 5
#(0 0 0 0 0 0.008130081) - 5
#(0 0 0 0 0 0.008130081) - 5
#(0 0 0 0 0 0.05691057) - 5
#(0 0 0 0 0 0.048780486) - 5
#(0 0 0 0 0 0.032520324) - 5
#(0 0 0 0 0 0.032520324) - 5
#(0 0 0 0 0 0.016260162) - 5
#(0 0 0 0 0 0.032520324) - 5
#(0 0 0 0 0 0.048780486) - 5
#(0 0 0 0 0 0.016260162) - 5
#(0 0 0 0 0 0) - 0
#(0 0 0 0 0 0) - 0
#(0 0 0 0 0 0.06504065) - 5
#(0 0 0 0 0 0.040650405) - 5
#(0 0 0 0 0 0.008130081) - 5
#(0 0 0 0 0 0.024390243) - 5
#(0 0 0 0 0 0.032520324) - 5
#(0 0 0 0 0 0.06504065) - 5
#(0 0 0 0 0 0.016260162) - 5
#(0 0 0 0 0 0.016260162) - 5
#(0 0 0 0 0 0.11382114) - 5
#(0 0 0 0 0 0.10569106) - 5
#(0 0 0 0 0 0.040650405) - 5
#(0 0 0 0 0 0.08943089) - 5
#(0 0 0 0 0 0) - 0
#(0 0 0 0 0 0.008130081) - 5
#(0 0 0 0 0 0) - 0
#(0 0 0 0 0 0.08130081) - 5
#(0 0 0 0 0 0) - 0
#(0 0 0 0 0 0) - 0
#(0 0 0 0 0 0) - 0
#(0 0 0 0 0 0) - 0
#(0 0 0 0 0 0.008130081) - 5
#(0 0 0 0 0 0) - 0
#(0 0 0 0 0 0.024390243) - 5
#(0 0 0 0 0 0.016260162) - 5
#(0 0 0 0 0 0.024390243) - 5
#(0 0 0 0 0 0.016260162) - 5
#(0 0 0 0 0 0.016260162) - 5
#(0 0 0 0 0 0.008130081) - 5
#(0 0 0 0 0 0) - 0
#(0 0 0 0 0 0) - 0
#(0 0 0 0 0 0) - 0
#(0 0 0 0 0 0.008130081) - 5
#(0 0 0 0 0 0.008130081) - 5
#(0 0 0 0 0 0.008130081) - 5
#(0 0 0 0 0 0) - 0
#(0 0 0 0 0 0) - 0
#(0 0 0 0 0 0) - 0
#(0 0 0 0 0 0) - 0
#(0 0 0 0 0 0) - 0
#(0 0 0 0 0 0) - 0
#(0 0 0 0 0 0.008130081) - 5
#(0 0 0 0 0 0.048780486) - 5
#(0 0 0 0 0 0.032520324) - 5
#(0 0 0 0 0 0.1300813) - 5
#(0 0 0 0 0 0.15447155) - 5
#(0 0 0 0 0 0.048780486) - 5
#(0 0 0 0 0 0.040650405) - 5
#(0 0 0 0 0 0) - 0
#(0 0 0 0 0 0) - 0
#(0 0 0 0 0 0.008130081) - 5
#(0 0 0 0 0 0.016260162) - 5
#(0 0 0 0 0 0.048780486) - 5
#(0 0 0 0 0 0.08943089) - 5
#(0 0 0 0 0 0.07317073) - 5
#(0 0 0 0 0 0.05691057) - 5
#(0 0 0 0 0 0.21138212) - 5
#(0 0 0 0 0 0.08943089) - 5
#(0 0 0 0 0 0.13821138) - 5
#(0 0 0 0 0 0.016260162) - 5
#(0 0 0 0 0 0.040650405) - 5
#(0 0 0 0 0 0) - 0
#(0 0 0 0 0 0.22764228) - 5
#(0 0 0 0 0 0.08943089) - 5
#(0 0 0 0 0 0.048780486) - 5
#(0 0 0 0 0 0.07317073) - 5
#(0 0 0 0 0 0.16260162) - 5
#(0 0 0 0 0 0.12195122) - 5
#(0 0 0 0 0 0.008130081) - 5
#(0 0 0 0 0 0.10569106) - 5
#(0 0 0 0 0 0.05691057) - 5
#(0 0 0 0 0 0.22764228) - 5
#(0 0 0 0 0 0.08943089) - 5
#(0 0 0 0 0 0.016260162) - 5
#(0 0 0 0 0 0.016260162) - 5
#(0 0 0 0 0 0.016260162) - 5
#(0 0 0 0 0 0.048780486) - 5
#(0 0 0 0 0 0) - 0
#(0 0 0 0 0 0.048780486) - 5
#(0 0 0 0 0 0) - 0
#(0 0 0 0 0 0.008130081) - 5
#(0 0 0 0 0 0.06504065) - 5
#(0 0 0 0 0 0.008130081) - 5
#(0 0 0 0 0 0.08943089) - 5
#(0 0 0 0 0 0.032520324) - 5
#(0 0 0 0 0 0) - 0
#(0 0 0 0 0 0.07317073) - 5
#(0 0 0 0 0 0.024390243) - 5
#(0 0 0 0 0 0.07317073) - 5
#(0 0 0 0 0 0.040650405) - 5
#(0 0 0 0 0 0.07317073) - 5
#(0 0 0 0 0 0.048780486) - 5
#(0 0 0 0 0 0.05691057) - 5
#(0 0 0 0 0 0.07317073) - 5
#(0 0 0 0 0 0.032520324) - 5
#(0 0 0 0 0 0.06504065) - 5
#(0 0 0 0 0 0.024390243) - 5
#(0 0 0 0 0 0.06504065) - 5
#(0 0 0 0 0 0.016260162) - 5
#(0 0 0 0 0 0.048780486) - 5
#(0 0 0 0 0 0.05691057) - 5
#(0 0 0 0 0 0.048780486) - 5
#(0 0 0 0 0 0.024390243) - 5
#(0 0 0 0 0 0.032520324) - 5
#(0 0 0 0 0 0.008130081) - 5
#(0 0 0 0 0 0.032520324) - 5
#(0 0 0 0 0 0.15447155) - 5
#(0 0 0 0 0 0) - 0
#(0 0 0 0 0 0.016260162) - 5
#(0 0 0 0 0 0) - 0
#(0 0 0 0 0 0.016260162) - 5
#(0 0 0 0 0 0.008130081) - 5
#(0 0 0 0 0 0.008130081) - 5
#(0 0 0 0 0 0) - 0
#(0 0 0 0 0 0) - 0
#(0 0 0 0 0 0.008130081) - 5
#(0 0 0 0 0 0.032520324) - 5
#(0 0 0 0 0 0.06504065) - 5
#(0 0 0 0 0 0.016260162) - 5
#(0 0 0 0 0 0.008130081) - 5
#(0 0 0 0 0 0.008130081) - 5
#(0 0 0 0 0 0.05691057) - 5
#(0 0 0 0 0 0.040650405) - 5
#(0 0 0 0 0 0.05691057) - 5
#(0 0 0 0 0 0.040650405) - 5
#(0 0 0 0 0 0) - 0
#(0 0 0 0 0 0.008130081) - 5
#(0 0 0 0 0 0) - 0
#(0 0 0 0 0 0.024390243) - 5
#(0 0 0 0 0 0) - 0
#(0 0 0 0 0 0) - 0
#(0 0 0 0 0 0) - 0
#(0 0 0 0 0 0.016260162) - 5
#(0 0 0 0 0 0.008130081) - 5
#(0 0 0 0 0 0) - 0
#(0 0 0 0 0 0.016260162) - 5
#(0 0 0 0 0 0.016260162) - 5
#(0 0 0 0 0 0) - 0
#(0 0 0 0 0 0) - 0
#(0 0 0 0 0 0.016260162) - 5
#(0 0 0 0 0 0) - 0
#(0 0 0 0 0 0.016260162) - 5
#(0 0 0 0 0 0) - 0
#(0 0 0 0 0 0) - 0
#(0 0 0 0 0 0.016260162) - 5
#(0 0 0 0 0 0.032520324) - 5
#(0 0 0 0 0 0) - 0
#(0 0 0 0 0 0.14634146) - 5
#(0 0 0 0 0 0.15447155) - 5
#(0 0 0 0 0 0.18699187) - 5
#(0 0 0 0 0 0.10569106) - 5
#(0 0 0 0 0 0.14634146) - 5
#(0 0 0 0 0 0.08943089) - 5
#(0 0 0 0 0 0.19512194) - 5
#(0 0 0 0 0 0.24390244) - 5
#(0 0 0 0 0 0.040650405) - 5
#(0 0 0 0 0 0.12195122) - 5
#(0 0 0 0 0 0.10569106) - 5
#(0 0 0 0 0 0.17886178) - 5
#(0 0 0 0 0 0.11382114) - 5
#(0 0 0 0 0 0.06504065) - 5
#(0 0 0 0 0 0.008130081) - 5
#(0 0 0 0 0 0) - 0
#(0 0 0 0 0 0.05691057) - 5
#(0 0 0 0 0 0) - 0
#(0 0 0 0 0 0) - 0
#(0 0 0 0 0 0) - 0
#(0 0 0 0 0 0) - 0
#(0 0 0 0 0 0.048780486) - 5
#(0 0 0 0 0 0.06504065) - 5
#(0 0 0 0 0 0) - 0
