
Grupo 0
#(0 0 0 0 0 0) - 0
#(0 0 0 0 0 0) - 0
#(0 0 0 0 0 0) - 0
#(0 0 0 0 0 0) - 0
#(0 0 0 0 0 0) - 0
#(0 0 0 0 0 0) - 0
#(0 0 0 0 0 0) - 0
#(0 0 0 0 0 0) - 0
#(0 0 0 0 0 0) - 0
#(0 0 0 0 0 0) - 0
#(0 0 0 0 0 0) - 0
#(0 0 0 0 0 0) - 0
#(0 0 0 0 0 0) - 0
#(0.10769231 0 0 0 0 0) - 0
#(0.11282051 0 0 0 0 0) - 0
#(0.092307694 0 0 0 0 0) - 0
#(0.07692308 0 0 0 0 0) - 0
#(0.102564104 0 0 0 0 0) - 0
#(0.10769231 0 0 0 0 0) - 0
#(0.07692308 0 0 0 0 0) - 0
#(0.12307692 0 0 0 0 0) - 0
#(0.10769231 0 0 0 0 0) - 0
#(0.15384616 0 0 0 0 0) - 0
#(0.10769231 0 0 0 0 0) - 0
#(0.15897436 0 0 0 0 0) - 0
#(0.15384616 0 0 0 0 0) - 0
#(0.14871795 0 0 0 0 0) - 0
#(0.082051285 0 0 0 0 0) - 0
#(0.11282051 0 0 0 0 0) - 0
#(0.13333334 0 0 0 0 0) - 0
#(0.12820514 0 0 0 0 0) - 0
#(0.0974359 0 0 0 0 0) - 0
#(0.11282051 0 0 0 0 0) - 0
#(0.08717949 0 0 0 0 0) - 0
#(0.12820514 0 0 0 0 0) - 0
#(0.10769231 0 0 0 0 0) - 0
#(0.082051285 0 0 0 0 0) - 0
#(0.11794872 0 0 0 0 0) - 0
#(0.092307694 0 0 0 0 0) - 0
#(0.12307692 0 0 0 0 0) - 0
#(0.10769231 0 0 0 0 0) - 0
#(0 0 0 0 0 0) - 0
#(0 0 0 0 0 0) - 0
#(0 0 0 0 0 0) - 0
#(0 0 0 0 0 0) - 0
#(0 0 0 0 0 0) - 0
#(0 0 0 0 0 0) - 0
#(0 0 0 0 0 0) - 0
#(0 0 0 0 0 0) - 0
#(0.24102564 0 0 0 0 0) - 0
#(0.24615385 0 0 0 0 0) - 0
#(0.1897436 0 0 0 0 0) - 0
#(0.1897436 0 0 0 0 0) - 0
#(0.15897436 0 0 0 0 0) - 0
#(0.14358975 0 0 0 0 0) - 0
#(0.13846155 0 0 0 0 0) - 0
#(0.15897436 0 0 0 0 0) - 0
#(0.14358975 0 0 0 0 0) - 0
#(0.1897436 0 0 0 0 0) - 0
#(0.15384616 0 0 0 0 0) - 0
#(0.26666668 0 0 0 0 0) - 0
#(0.23589744 0 0 0 0 0) - 0
#(0.26153848 0 0 0 0 0) - 0
#(0.17435898 0 0 0 0 0) - 0
#(0.23589744 0 0 0 0 0) - 0
#(0.046153847 0 0 0 0 0) - 0
#(0.06666667 0 0 0 0 0) - 0
#(0.051282052 0 0 0 0 0) - 0
#(0.06666667 0 0 0 0 0) - 0
#(0.06666667 0 0 0 0 0) - 0
#(0.10769231 0 0 0 0 0) - 0
#(0 0 0 0 0 0) - 0
#(0 0 0 0 0 0) - 0
#(0 0 0 0 0 0) - 0
#(0 0 0 0 0 0) - 0
#(0 0 0 0 0 0) - 0
#(0 0 0 0 0 0) - 0
#(0 0 0 0 0 0) - 0
#(0 0 0 0 0 0) - 0
#(0 0 0 0 0 0) - 0
#(0 0 0 0 0 0) - 0
#(0 0 0 0 0 0) - 0
#(0 0 0 0 0 0) - 0
#(0 0 0 0 0 0) - 0
#(0 0 0 0 0 0) - 0
#(0 0 0 0 0 0) - 0
#(0 0 0 0 0 0) - 0
#(0 0 0 0 0 0) - 0
#(0 0 0 0 0 0) - 0
#(0.102564104 0 0 0 0 0) - 0
#(0.11794872 0 0 0 0 0) - 0
#(0.11794872 0 0 0 0 0) - 0
#(0.0974359 0 0 0 0 0) - 0
#(0.102564104 0 0 0 0 0) - 0
#(0.11794872 0 0 0 0 0) - 0
#(0.102564104 0 0 0 0 0) - 0
#(0.0974359 0 0 0 0 0) - 0
#(0 0 0 0 0 0) - 0
#(0 0 0 0 0 0) - 0
#(0 0 0 0 0 0) - 0
#(0 0 0 0 0 0) - 0
#(0 0 0 0 0 0) - 0
#(0 0 0 0 0 0) - 0
#(0.18461539 0 0 0 0 0) - 0
#(0.18461539 0 0 0 0 0) - 0
#(0.18461539 0 0 0 0 0) - 0
#(0.18461539 0 0 0 0 0) - 0
#(0.18461539 0 0 0 0 0) - 0
#(0.18461539 0 0 0 0 0) - 0
#(0 0 0 0 0 0) - 0
#(0 0 0 0 0 0) - 0
#(0 0 0 0 0 0) - 0
#(0 0 0 0 0 0) - 0
#(0 0 0 0 0 0) - 0
#(0 0 0 0 0 0) - 0
#(0 0 0 0 0 0) - 0
#(0 0 0 0 0 0) - 0
#(0 0 0 0 0 0) - 0
#(0 0 0 0 0 0) - 0
#(0 0 0 0 0 0) - 0
#(0 0 0 0 0 0) - 0
#(0.11282051 0 0 0 0 0) - 0
#(0.11282051 0 0 0 0 0) - 0
#(0.11282051 0 0 0 0 0) - 0
#(0.11282051 0 0 0 0 0) - 0
#(0.11282051 0 0 0 0 0) - 0
#(0.11282051 0 0 0 0 0) - 0

Grupo 1
#(0 0 0 0 0 0) - 0
#(0 0 0 0 0 0) - 0
#(0 0 0 0 0 0) - 0
#(0 0 0 0 0 0) - 0
#(0 0 0 0 0 0) - 0
#(0 0 0 0 0 0) - 0
#(0 0 0 0 0 0) - 0
#(0 0 0 0 0 0) - 0
#(0 0 0 0 0 0) - 0
#(0 0 0 0 0 0) - 0
#(0 0 0 0 0 0) - 0
#(0 0 0 0 0 0) - 0
#(0 0 0 0 0 0) - 0
#(0 0 0 0 0 0) - 0
#(0 0 0 0 0 0) - 0
#(0 0 0 0 0 0) - 0
#(0 0 0 0 0 0) - 0
#(0 0 0 0 0 0) - 0
#(0 0 0 0 0 0) - 0
#(0 0 0 0 0 0) - 0
#(0 0 0 0 0 0) - 0
#(0 0 0 0 0 0) - 0
#(0 0 0 0 0 0) - 0
#(0 0 0 0 0 0) - 0
#(0 0 0 0 0 0) - 0
#(0 0 0 0 0 0) - 0
#(0 0 0 0 0 0) - 0
#(0 0 0 0 0 0) - 0
#(0 0 0 0 0 0) - 0
#(0 0 0 0 0 0) - 0
#(0 0 0 0 0 0) - 0
#(0 0 0 0 0 0) - 0
#(0 0 0 0 0 0) - 0
#(0 0 0 0 0 0) - 0
#(0 0 0 0 0 0) - 0
#(0 0 0 0 0 0) - 0
#(0 0 0 0 0 0) - 0
#(0 0 0 0 0 0) - 0
#(0 0 0 0 0 0) - 0
#(0 0 0 0 0 0) - 0
#(0 0 0 0 0 0) - 0
#(0 0 0 0 0 0) - 0
#(0 0 0 0 0 0) - 0
#(0 0 0 0 0 0) - 0
#(0 0 0 0 0 0) - 0
#(0 0 0 0 0 0) - 0
#(0 0 0 0 0 0) - 0
#(0 0 0 0 0 0) - 0
#(0 0 0 0 0 0) - 0
#(0 0 0 0 0 0) - 0
#(0 0 0 0 0 0) - 0
#(0 0 0 0 0 0) - 0
#(0 0 0 0 0 0) - 0
#(0 0 0 0 0 0) - 0
#(0 0 0 0 0 0) - 0
#(0 0 0 0 0 0) - 0
#(0 0 0 0 0 0) - 0
#(0 0 0 0 0 0) - 0
#(0 0 0 0 0 0) - 0
#(0 0 0 0 0 0) - 0
#(0 0 0 0 0 0) - 0
#(0 0 0 0 0 0) - 0
#(0 0 0 0 0 0) - 0
#(0 0 0 0 0 0) - 0
#(0 0 0 0 0 0) - 0
#(0 0 0 0 0 0) - 0
#(0 0 0 0 0 0) - 0
#(0 0 0 0 0 0) - 0
#(0 0 0 0 0 0) - 0
#(0 0 0 0 0 0) - 0
#(0 0 0 0 0 0) - 0
#(0 0 0 0 0 0) - 0
#(0 0 0 0 0 0) - 0
#(0 0 0 0 0 0) - 0
#(0 0 0 0 0 0) - 0
#(0 0 0 0 0 0) - 0
#(0 0 0 0 0 0) - 0
#(0 0 0 0 0 0) - 0
#(0 0 0 0 0 0) - 0
#(0 0 0 0 0 0) - 0
#(0 0 0 0 0 0) - 0
#(0 0 0 0 0 0) - 0
#(0 0 0 0 0 0) - 0
#(0 0 0 0 0 0) - 0
#(0 0 0 0 0 0) - 0
#(0 0 0 0 0 0) - 0
#(0 0 0 0 0 0) - 0
#(0 0 0 0 0 0) - 0
#(0 0 0 0 0 0) - 0
#(0 0 0 0 0 0) - 0
#(0 0 0 0 0 0) - 0
#(0 0 0 0 0 0) - 0
#(0 0 0 0 0 0) - 0
#(0 0 0 0 0 0) - 0
#(0 0 0 0 0 0) - 0
#(0 0 0 0 0 0) - 0
#(0 0 0 0 0 0) - 0
#(0 0 0 0 0 0) - 0
#(0 0 0 0 0 0) - 0
#(0 0 0 0 0 0) - 0
#(0 0 0 0 0 0) - 0
#(0 0 0 0 0 0) - 0
#(0 0 0 0 0 0) - 0
#(0 0 0 0 0 0) - 0
#(0 0 0 0 0 0) - 0
#(0 0 0 0 0 0) - 0
#(0 0 0 0 0 0) - 0
#(0 0 0 0 0 0) - 0
#(0 0 0 0 0 0) - 0
#(0 0 0 0 0 0) - 0
#(0 0 0 0 0 0) - 0
#(0 0 0 0 0 0) - 0
#(0 0 0 0 0 0) - 0
#(0 0 0 0 0 0) - 0
#(0 0 0 0 0 0) - 0
#(0 0 0 0 0 0) - 0
#(0 0 0 0 0 0) - 0
#(0 0 0 0 0 0) - 0
#(0 0 0 0 0 0) - 0
#(0 0 0 0 0 0) - 0
#(0 0.21428572 0 0 0 0) - 1
#(0 0.21428572 0 0 0 0) - 1
#(0 0.21428572 0 0 0 0) - 1
#(0 0.21428572 0 0 0 0) - 1
#(0 0.21428572 0 0 0 0) - 1
#(0 0.14285715 0 0 0 0) - 1
#(0 0.14285715 0 0 0 0) - 1
#(0 0.21428572 0 0 0 0) - 1
#(0 0.21428572 0 0 0 0) - 1
#(0 0.21428572 0 0 0 0) - 1
#(0 0.21428572 0 0 0 0) - 1
#(0 0.21428572 0 0 0 0) - 1
#(0 0.21428572 0 0 0 0) - 1
#(0 0.21428572 0 0 0 0) - 1
#(0 0.21428572 0 0 0 0) - 1
#(0 0 0 0 0 0) - 0
#(0 0 0 0 0 0) - 0
#(0 0 0 0 0 0) - 0
#(0 0 0 0 0 0) - 0
#(0 0 0 0 0 0) - 0
#(0 0 0 0 0 0) - 0
#(0 0 0 0 0 0) - 0
#(0 0 0 0 0 0) - 0
#(0 0 0 0 0 0) - 0
#(0 0 0 0 0 0) - 0
#(0 0 0 0 0 0) - 0
#(0 0 0 0 0 0) - 0
#(0 0 0 0 0 0) - 0
#(0 0 0 0 0 0) - 0
#(0 0 0 0 0 0) - 0
#(0 0 0 0 0 0) - 0
#(0 0 0 0 0 0) - 0
#(0 0 0 0 0 0) - 0
#(0 0 0 0 0 0) - 0
#(0 0 0 0 0 0) - 0
#(0 0 0 0 0 0) - 0
#(0 0 0 0 0 0) - 0
#(0 0 0 0 0 0) - 0
#(0 0 0 0 0 0) - 0
#(0 0 0 0 0 0) - 0
#(0 0 0 0 0 0) - 0
#(0 0 0 0 0 0) - 0
#(0 0 0 0 0 0) - 0
#(0 0 0 0 0 0) - 0
#(0 0 0 0 0 0) - 0
#(0 0 0 0 0 0) - 0
#(0 0 0 0 0 0) - 0
#(0 0 0 0 0 0) - 0
#(0 0 0 0 0 0) - 0
#(0 0 0 0 0 0) - 0
#(0 0 0 0 0 0) - 0
#(0 0 0 0 0 0) - 0
#(0 0 0 0 0 0) - 0
#(0 0 0 0 0 0) - 0
#(0 0 0 0 0 0) - 0
#(0 0 0 0 0 0) - 0
#(0 0 0 0 0 0) - 0
#(0 0 0 0 0 0) - 0
#(0 0 0 0 0 0) - 0
#(0 0 0 0 0 0) - 0
#(0 0 0 0 0 0) - 0
#(0 0 0 0 0 0) - 0
#(0 0 0 0 0 0) - 0
#(0 0 0 0 0 0) - 0
#(0 0 0 0 0 0) - 0
#(0 0 0 0 0 0) - 0
#(0 0 0 0 0 0) - 0
#(0 0 0 0 0 0) - 0
#(0 0 0 0 0 0) - 0
#(0 0 0 0 0 0) - 0
#(0 0 0 0 0 0) - 0
#(0 0 0 0 0 0) - 0
#(0 0 0 0 0 0) - 0
#(0 0 0 0 0 0) - 0
#(0 0 0 0 0 0) - 0
#(0 0 0 0 0 0) - 0
#(0 0 0 0 0 0) - 0
#(0 0 0 0 0 0) - 0
#(0 0 0 0 0 0) - 0
#(0 0 0 0 0 0) - 0
#(0 0 0 0 0 0) - 0
#(0 0 0 0 0 0) - 0
#(0 0 0 0 0 0) - 0
#(0 0 0 0 0 0) - 0
#(0 0 0 0 0 0) - 0
#(0 0 0 0 0 0) - 0
#(0 0 0 0 0 0) - 0
#(0 0 0 0 0 0) - 0
#(0 0 0 0 0 0) - 0
#(0 0 0 0 0 0) - 0
#(0 0 0 0 0 0) - 0
#(0 0 0 0 0 0) - 0
#(0 0 0 0 0 0) - 0
#(0 0 0 0 0 0) - 0
#(0 0 0 0 0 0) - 0
#(0 0 0 0 0 0) - 0
#(0 0 0 0 0 0) - 0
#(0 0 0 0 0 0) - 0
#(0 0 0 0 0 0) - 0
#(0 0 0 0 0 0) - 0
#(0 0 0 0 0 0) - 0
#(0 0 0 0 0 0) - 0
#(0 0 0 0 0 0) - 0
#(0 0 0 0 0 0) - 0
#(0 0 0 0 0 0) - 0
#(0 0 0 0 0 0) - 0
#(0 0 0 0 0 0) - 0
#(0 0 0 0 0 0) - 0
#(0 0 0 0 0 0) - 0
#(0 0 0 0 0 0) - 0
#(0 0 0 0 0 0) - 0
#(0 0 0 0 0 0) - 0
#(0 0 0 0 0 0) - 0
#(0 0 0 0 0 0) - 0
#(0 0 0 0 0 0) - 0
#(0 0 0 0 0 0) - 0
#(0 0 0 0 0 0) - 0
#(0 0 0 0 0 0) - 0
#(0 0 0 0 0 0) - 0
#(0 0 0 0 0 0) - 0
#(0 0 0 0 0 0) - 0
#(0 0 0 0 0 0) - 0
#(0 0 0 0 0 0) - 0
#(0 0 0 0 0 0) - 0
#(0 0 0 0 0 0) - 0
#(0 0 0 0 0 0) - 0
#(0 0 0 0 0 0) - 0
#(0 0 0 0 0 0) - 0
#(0 0 0 0 0 0) - 0
#(0 0 0 0 0 0) - 0
#(0 0 0 0 0 0) - 0
#(0 0 0 0 0 0) - 0
#(0 0 0 0 0 0) - 0
#(0 0 0 0 0 0) - 0
#(0 0 0 0 0 0) - 0
#(0 0 0 0 0 0) - 0
#(0 0 0 0 0 0) - 0
#(0 0 0 0 0 0) - 0
#(0 0 0 0 0 0) - 0
#(0 0 0 0 0 0) - 0
#(0 0 0 0 0 0) - 0
#(0 0 0 0 0 0) - 0
#(0 0 0 0 0 0) - 0
#(0 0 0 0 0 0) - 0
#(0 0 0 0 0 0) - 0
#(0 0 0 0 0 0) - 0
#(0 0 0 0 0 0) - 0
#(0 0 0 0 0 0) - 0
#(0 0 0 0 0 0) - 0
#(0 0 0 0 0 0) - 0
#(0 0 0 0 0 0) - 0
#(0 0 0 0 0 0) - 0
#(0 0 0 0 0 0) - 0
#(0 0 0 0 0 0) - 0
#(0 0 0 0 0 0) - 0
#(0 0 0 0 0 0) - 0
#(0 0 0 0 0 0) - 0
#(0 0 0 0 0 0) - 0
#(0 0 0 0 0 0) - 0
#(0 0 0 0 0 0) - 0
#(0 0 0 0 0 0) - 0
#(0 0 0 0 0 0) - 0
#(0 0 0 0 0 0) - 0
#(0 0 0 0 0 0) - 0
#(0 0 0 0 0 0) - 0
#(0 0 0 0 0 0) - 0
#(0 0 0 0 0 0) - 0
#(0 0 0 0 0 0) - 0
#(0 0 0 0 0 0) - 0
#(0 0 0 0 0 0) - 0
#(0 0 0 0 0 0) - 0
#(0 0 0 0 0 0) - 0
#(0 0 0 0 0 0) - 0
#(0 0 0 0 0 0) - 0
#(0 0 0 0 0 0) - 0
#(0 0 0 0 0 0) - 0
#(0 0 0 0 0 0) - 0
#(0 0 0 0 0 0) - 0
#(0 0 0 0 0 0) - 0
#(0 0 0 0 0 0) - 0
#(0 0 0 0 0 0) - 0
#(0 0 0 0 0 0) - 0
#(0 0 0 0 0 0) - 0
#(0 0 0 0 0 0) - 0
#(0 0 0 0 0 0) - 0
#(0 0 0 0 0 0) - 0
#(0 0 0 0 0 0) - 0
#(0 0 0 0 0 0) - 0
#(0 0 0 0 0 0) - 0
#(0 0 0 0 0 0) - 0
#(0 0 0 0 0 0) - 0
#(0 0 0 0 0 0) - 0
#(0 0 0 0 0 0) - 0
#(0 0 0 0 0 0) - 0
#(0 0 0 0 0 0) - 0
#(0 0 0 0 0 0) - 0
#(0 0 0 0 0 0) - 0
#(0 0 0 0 0 0) - 0
#(0 0 0 0 0 0) - 0
#(0 0 0 0 0 0) - 0
#(0 0 0 0 0 0) - 0
#(0 0 0 0 0 0) - 0
#(0 0 0 0 0 0) - 0
#(0 0 0 0 0 0) - 0
#(0 0 0 0 0 0) - 0
#(0 0 0 0 0 0) - 0
#(0 0 0 0 0 0) - 0
#(0 0 0 0 0 0) - 0
#(0 0 0 0 0 0) - 0
#(0 0 0 0 0 0) - 0
#(0 0 0 0 0 0) - 0
#(0 0 0 0 0 0) - 0
#(0 0 0 0 0 0) - 0
#(0 0 0 0 0 0) - 0
#(0 0 0 0 0 0) - 0
#(0 0 0 0 0 0) - 0
#(0 0 0 0 0 0) - 0
#(0 0 0 0 0 0) - 0
#(0 0 0 0 0 0) - 0
#(0 0 0 0 0 0) - 0
#(0 0 0 0 0 0) - 0
#(0 0 0 0 0 0) - 0
#(0 0 0 0 0 0) - 0
#(0 0 0 0 0 0) - 0
#(0 0 0 0 0 0) - 0
#(0 0 0 0 0 0) - 0
#(0 0 0 0 0 0) - 0
#(0 0 0 0 0 0) - 0
#(0 0 0 0 0 0) - 0
#(0 0 0 0 0 0) - 0
#(0 0 0 0 0 0) - 0
#(0 0 0 0 0 0) - 0
#(0 0 0 0 0 0) - 0
#(0 0 0 0 0 0) - 0
#(0 0 0 0 0 0) - 0
#(0 0 0 0 0 0) - 0
#(0 0 0 0 0 0) - 0
#(0 0 0 0 0 0) - 0
#(0 0 0 0 0 0) - 0
#(0 0 0 0 0 0) - 0
#(0 0 0 0 0 0) - 0
#(0 0 0 0 0 0) - 0
#(0 0 0 0 0 0) - 0
#(0 0 0 0 0 0) - 0
#(0 0 0 0 0 0) - 0
#(0 0 0 0 0 0) - 0
#(0 0 0 0 0 0) - 0
#(0 0 0 0 0 0) - 0
#(0 0 0 0 0 0) - 0
#(0 0 0 0 0 0) - 0
#(0 0 0 0 0 0) - 0
#(0 0 0 0 0 0) - 0
#(0 0 0 0 0 0) - 0
#(0 0 0 0 0 0) - 0
#(0 0 0 0 0 0) - 0
#(0 0 0 0 0 0) - 0
#(0 0 0 0 0 0) - 0
#(0 0 0 0 0 0) - 0
#(0 0 0 0 0 0) - 0
#(0 0 0 0 0 0) - 0
#(0 0 0 0 0 0) - 0
#(0 0 0 0 0 0) - 0
#(0 0 0 0 0 0) - 0
#(0 0 0 0 0 0) - 0
#(0 0 0 0 0 0) - 0
#(0 0 0 0 0 0) - 0
#(0 0 0 0 0 0) - 0
#(0 0 0 0 0 0) - 0
#(0 0 0 0 0 0) - 0
#(0 0 0 0 0 0) - 0
#(0 0 0 0 0 0) - 0
#(0 0 0 0 0 0) - 0
#(0 0 0 0 0 0) - 0
#(0 0 0 0 0 0) - 0
#(0 0 0 0 0 0) - 0
#(0 0 0 0 0 0) - 0
#(0 0 0 0 0 0) - 0
#(0 0 0 0 0 0) - 0
#(0 0 0 0 0 0) - 0
#(0 0 0 0 0 0) - 0
#(0 0 0 0 0 0) - 0
#(0 0 0 0 0 0) - 0
#(0 0 0 0 0 0) - 0
#(0 0 0 0 0 0) - 0
#(0 0 0 0 0 0) - 0
#(0 0 0 0 0 0) - 0
#(0 0 0 0 0 0) - 0
#(0 0 0 0 0 0) - 0
#(0 0 0 0 0 0) - 0
#(0 0 0 0 0 0) - 0
#(0 0 0 0 0 0) - 0
#(0 0 0 0 0 0) - 0
#(0 0 0 0 0 0) - 0
#(0 0 0 0 0 0) - 0
#(0 0 0 0 0 0) - 0
#(0 0 0 0 0 0) - 0
#(0 0 0 0 0 0) - 0
#(0 0 0 0 0 0) - 0
#(0 0 0 0 0 0) - 0
#(0 0 0 0 0 0) - 0
#(0 0 0 0 0 0) - 0
#(0 0 0 0 0 0) - 0
#(0 0 0 0 0 0) - 0
#(0 0 0 0 0 0) - 0
#(0 0 0 0 0 0) - 0
#(0 0 0 0 0 0) - 0
#(0 0 0 0 0 0) - 0
#(0 0 0 0 0 0) - 0
#(0 0 0 0 0 0) - 0
#(0 0 0 0 0 0) - 0
#(0 0 0 0 0 0) - 0
#(0 0 0 0 0 0) - 0
#(0 0 0 0 0 0) - 0
#(0 0 0 0 0 0) - 0
#(0 0 0 0 0 0) - 0
#(0 0 0 0 0 0) - 0
#(0 0 0 0 0 0) - 0
#(0 0 0 0 0 0) - 0
#(0 0 0 0 0 0) - 0
#(0 0 0 0 0 0) - 0
#(0 0 0 0 0 0) - 0
#(0 0 0 0 0 0) - 0
#(0 0 0 0 0 0) - 0
#(0 0 0 0 0 0) - 0
#(0 0 0 0 0 0) - 0
#(0 0 0 0 0 0) - 0
#(0 0 0 0 0 0) - 0
#(0 0 0 0 0 0) - 0
#(0 0 0 0 0 0) - 0
#(0 0 0 0 0 0) - 0
#(0 0 0 0 0 0) - 0
#(0 0 0 0 0 0) - 0
#(0 0 0 0 0 0) - 0
#(0 0 0 0 0 0) - 0
#(0 0 0 0 0 0) - 0
#(0 0 0 0 0 0) - 0
#(0 0 0 0 0 0) - 0
#(0 0 0 0 0 0) - 0
#(0 0 0 0 0 0) - 0
#(0 0 0 0 0 0) - 0
#(0 0 0 0 0 0) - 0
#(0 0 0 0 0 0) - 0
#(0 0 0 0 0 0) - 0
#(0 0 0 0 0 0) - 0
#(0 0 0 0 0 0) - 0
#(0 0 0 0 0 0) - 0
#(0 0 0 0 0 0) - 0
#(0 0 0 0 0 0) - 0
#(0 0 0 0 0 0) - 0
#(0 0 0 0 0 0) - 0
#(0 0 0 0 0 0) - 0
#(0 0 0 0 0 0) - 0
#(0 0 0 0 0 0) - 0
#(0 0 0 0 0 0) - 0
#(0 0 0 0 0 0) - 0
#(0 0 0 0 0 0) - 0
#(0 0 0 0 0 0) - 0
#(0 0 0 0 0 0) - 0
#(0 0 0 0 0 0) - 0
#(0 0 0 0 0 0) - 0
#(0 0 0 0 0 0) - 0
#(0 0 0 0 0 0) - 0
#(0 0 0 0 0 0) - 0
#(0 0 0 0 0 0) - 0
#(0 0 0 0 0 0) - 0
#(0 0 0 0 0 0) - 0
#(0 0 0 0 0 0) - 0
#(0 0 0 0 0 0) - 0
#(0 0 0 0 0 0) - 0
#(0 0 0 0 0 0) - 0
#(0 0 0 0 0 0) - 0
#(0 0 0 0 0 0) - 0
#(0 0 0 0 0 0) - 0
#(0 0 0 0 0 0) - 0
#(0 0 0 0 0 0) - 0
#(0 0 0 0 0 0) - 0
#(0 0 0 0 0 0) - 0
#(0 0 0 0 0 0) - 0
#(0 0 0 0 0 0) - 0
#(0 0 0 0 0 0) - 0
#(0 0 0 0 0 0) - 0
#(0 0 0 0 0 0) - 0
#(0 0 0 0 0 0) - 0
#(0 0 0 0 0 0) - 0
#(0 0 0 0 0 0) - 0
#(0 0 0 0 0 0) - 0
#(0 0 0 0 0 0) - 0
#(0 0 0 0 0 0) - 0
#(0 0 0 0 0 0) - 0
#(0 0 0 0 0 0) - 0
#(0 0 0 0 0 0) - 0
#(0 0 0 0 0 0) - 0
#(0 0 0 0 0 0) - 0
#(0 0 0 0 0 0) - 0
#(0 0 0 0 0 0) - 0
#(0 0 0 0 0 0) - 0
#(0 0 0 0 0 0) - 0
#(0 0 0 0 0 0) - 0
#(0 0 0 0 0 0) - 0
#(0 0 0 0 0 0) - 0
#(0 0 0 0 0 0) - 0
#(0 0 0 0 0 0) - 0
#(0 0 0 0 0 0) - 0
#(0 0 0 0 0 0) - 0
#(0 0 0 0 0 0) - 0
#(0 0 0 0 0 0) - 0
#(0 0 0 0 0 0) - 0
#(0 0 0 0 0 0) - 0
#(0 0 0 0 0 0) - 0
#(0 0 0 0 0 0) - 0
#(0 0 0 0 0 0) - 0
#(0 0 0 0 0 0) - 0
#(0 0 0 0 0 0) - 0
#(0 0 0 0 0 0) - 0
#(0 0 0 0 0 0) - 0
#(0 0 0 0 0 0) - 0
#(0 0 0 0 0 0) - 0
#(0 0 0 0 0 0) - 0
#(0 0 0 0 0 0) - 0
#(0 0 0 0 0 0) - 0
#(0 0 0 0 0 0) - 0
#(0 0 0 0 0 0) - 0
#(0 0 0 0 0 0) - 0
#(0 0 0 0 0 0) - 0
#(0 0 0 0 0 0) - 0
#(0 0 0 0 0 0) - 0
#(0 0 0 0 0 0) - 0
#(0 0 0 0 0 0) - 0
#(0 0 0 0 0 0) - 0
#(0 0 0 0 0 0) - 0
#(0 0 0 0 0 0) - 0
#(0 0 0 0 0 0) - 0
#(0 0 0 0 0 0) - 0
#(0 0 0 0 0 0) - 0
#(0 0 0 0 0 0) - 0
#(0 0 0 0 0 0) - 0
#(0 0 0 0 0 0) - 0
#(0 0 0 0 0 0) - 0
#(0 0 0 0 0 0) - 0
#(0 0 0 0 0 0) - 0
#(0 0 0 0 0 0) - 0
#(0 0 0 0 0 0) - 0
#(0 0 0 0 0 0) - 0
#(0 0 0 0 0 0) - 0
#(0 0 0 0 0 0) - 0
#(0 0 0 0 0 0) - 0
#(0 0 0 0 0 0) - 0
#(0 0 0 0 0 0) - 0
#(0 0 0 0 0 0) - 0
#(0 0 0 0 0 0) - 0
#(0 0 0 0 0 0) - 0
#(0 0 0 0 0 0) - 0
#(0 0 0 0 0 0) - 0
#(0 0 0 0 0 0) - 0
#(0 0 0 0 0 0) - 0
#(0 0 0 0 0 0) - 0
#(0 0 0 0 0 0) - 0
#(0 0 0 0 0 0) - 0
#(0 0 0 0 0 0) - 0
#(0 0 0 0 0 0) - 0
#(0 0 0 0 0 0) - 0
#(0 0 0 0 0 0) - 0
#(0 0 0 0 0 0) - 0
#(0 0 0 0 0 0) - 0
#(0 0 0 0 0 0) - 0
#(0 0 0 0 0 0) - 0
#(0 0 0 0 0 0) - 0
#(0 0 0 0 0 0) - 0
#(0 0 0 0 0 0) - 0
#(0 0 0 0 0 0) - 0
#(0 0 0 0 0 0) - 0
#(0 0 0 0 0 0) - 0
#(0 0 0 0 0 0) - 0
#(0 0 0 0 0 0) - 0
#(0 0 0 0 0 0) - 0
#(0 0 0 0 0 0) - 0
#(0 0 0 0 0 0) - 0
#(0 0 0 0 0 0) - 0
#(0 0 0 0 0 0) - 0
#(0 0 0 0 0 0) - 0
#(0 0 0 0 0 0) - 0
#(0 0 0 0 0 0) - 0
#(0 0 0 0 0 0) - 0
#(0 0 0 0 0 0) - 0
#(0 0 0 0 0 0) - 0
#(0 0 0 0 0 0) - 0
#(0 0 0 0 0 0) - 0
#(0 0 0 0 0 0) - 0
#(0 0 0 0 0 0) - 0
#(0 0 0 0 0 0) - 0
#(0 0 0 0 0 0) - 0
#(0 0 0 0 0 0) - 0
#(0 0 0 0 0 0) - 0
#(0 0 0 0 0 0) - 0
#(0 0 0 0 0 0) - 0
#(0 0 0 0 0 0) - 0
#(0 0 0 0 0 0) - 0
#(0 0 0 0 0 0) - 0
#(0 0 0 0 0 0) - 0
#(0 0 0 0 0 0) - 0
#(0 0 0 0 0 0) - 0
#(0 0 0 0 0 0) - 0
#(0 0 0 0 0 0) - 0
#(0 0 0 0 0 0) - 0
#(0 0 0 0 0 0) - 0
#(0 0 0 0 0 0) - 0
#(0 0 0 0 0 0) - 0
#(0 0 0 0 0 0) - 0
#(0 0 0 0 0 0) - 0
#(0 0 0 0 0 0) - 0
#(0 0 0 0 0 0) - 0
#(0 0 0 0 0 0) - 0
#(0 0 0 0 0 0) - 0
#(0 0 0 0 0 0) - 0
#(0 0 0 0 0 0) - 0
#(0 0 0 0 0 0) - 0
#(0 0 0 0 0 0) - 0
#(0 0 0 0 0 0) - 0
#(0 0 0 0 0 0) - 0
#(0 0 0 0 0 0) - 0
#(0 0 0 0 0 0) - 0
#(0 0 0 0 0 0) - 0
#(0 0 0 0 0 0) - 0
#(0 0 0 0 0 0) - 0
#(0 0 0 0 0 0) - 0
#(0 0 0 0 0 0) - 0
#(0 0 0 0 0 0) - 0
#(0 0 0 0 0 0) - 0
#(0 0 0 0 0 0) - 0
#(0 0 0 0 0 0) - 0
#(0 0 0 0 0 0) - 0
#(0 0 0 0 0 0) - 0
#(0 0 0 0 0 0) - 0
#(0 0 0 0 0 0) - 0
#(0 0 0 0 0 0) - 0
#(0 0.71428573 0 0 0 0) - 1
#(0 0.64285713 0 0 0 0) - 1
#(0 0.71428573 0 0 0 0) - 1
#(0 0.71428573 0 0 0 0) - 1
#(0 0.71428573 0 0 0 0) - 1
#(0 0.64285713 0 0 0 0) - 1
#(0 0.71428573 0 0 0 0) - 1
#(0 0.64285713 0 0 0 0) - 1
#(0 0.71428573 0 0 0 0) - 1
#(0 0.71428573 0 0 0 0) - 1
#(0 0.64285713 0 0 0 0) - 1
#(0 0.71428573 0 0 0 0) - 1
#(0 0.5714286 0 0 0 0) - 1
#(0 0.5714286 0 0 0 0) - 1
#(0 0.64285713 0 0 0 0) - 1
#(0 0.42857143 0 0 0 0) - 1
#(0 0.5 0 0 0 0) - 1
#(0 0.5 0 0 0 0) - 1
#(0 0.64285713 0 0 0 0) - 1
#(0 0.5714286 0 0 0 0) - 1
#(0 0.64285713 0 0 0 0) - 1
#(0 0.5714286 0 0 0 0) - 1
#(0 0.71428573 0 0 0 0) - 1
#(0 0.71428573 0 0 0 0) - 1
#(0 0.64285713 0 0 0 0) - 1
#(0 0.64285713 0 0 0 0) - 1
#(0 0.64285713 0 0 0 0) - 1
#(0 0.71428573 0 0 0 0) - 1
#(0 0.64285713 0 0 0 0) - 1
#(0 0.71428573 0 0 0 0) - 1
#(0 0.71428573 0 0 0 0) - 1
#(0 0.71428573 0 0 0 0) - 1
#(0 0.5714286 0 0 0 0) - 1
#(0 0.71428573 0 0 0 0) - 1
#(0 0.5714286 0 0 0 0) - 1
#(0 0.5714286 0 0 0 0) - 1
#(0 0.64285713 0 0 0 0) - 1
#(0 0.64285713 0 0 0 0) - 1
#(0 0.5714286 0 0 0 0) - 1
#(0 0.42857143 0 0 0 0) - 1
#(0 0.64285713 0 0 0 0) - 1
#(0 0.64285713 0 0 0 0) - 1
#(0 0.64285713 0 0 0 0) - 1
#(0 0.5 0 0 0 0) - 1
#(0 0.71428573 0 0 0 0) - 1
#(0 0.64285713 0 0 0 0) - 1
#(0 0.71428573 0 0 0 0) - 1
#(0 0.71428573 0 0 0 0) - 1
#(0 0.64285713 0 0 0 0) - 1
#(0 0.64285713 0 0 0 0) - 1
#(0 0.5 0 0 0 0) - 1
#(0 0.5 0 0 0 0) - 1
#(0 0.71428573 0 0 0 0) - 1
#(0 0.71428573 0 0 0 0) - 1
#(0 0.42857143 0 0 0 0) - 1
#(0 0.64285713 0 0 0 0) - 1
#(0 0.5 0 0 0 0) - 1
#(0 0.64285713 0 0 0 0) - 1
#(0 0.71428573 0 0 0 0) - 1
#(0 0.64285713 0 0 0 0) - 1
#(0 0.64285713 0 0 0 0) - 1
#(0 0.64285713 0 0 0 0) - 1
#(0 0.5714286 0 0 0 0) - 1
#(0 0.2857143 0 0 0 0) - 1
#(0 0 0 0 0 0) - 0
#(0 0 0 0 0 0) - 0
#(0 0 0 0 0 0) - 0
#(0 0 0 0 0 0) - 0
#(0 0 0 0 0 0) - 0
#(0 0 0 0 0 0) - 0
#(0 0 0 0 0 0) - 0
#(0 0 0 0 0 0) - 0
#(0 0 0 0 0 0) - 0
#(0 0 0 0 0 0) - 0
#(0 0 0 0 0 0) - 0
#(0 0 0 0 0 0) - 0
#(0 0 0 0 0 0) - 0
#(0 0 0 0 0 0) - 0
#(0 0 0 0 0 0) - 0
#(0 0 0 0 0 0) - 0
#(0 0 0 0 0 0) - 0
#(0 0 0 0 0 0) - 0
#(0 0 0 0 0 0) - 0
#(0 0 0 0 0 0) - 0
#(0 0 0 0 0 0) - 0
#(0 0 0 0 0 0) - 0
#(0 0 0 0 0 0) - 0
#(0 0 0 0 0 0) - 0
#(0 0 0 0 0 0) - 0
#(0 0 0 0 0 0) - 0
#(0 0 0 0 0 0) - 0
#(0 0 0 0 0 0) - 0
#(0 0 0 0 0 0) - 0
#(0 0 0 0 0 0) - 0
#(0 0 0 0 0 0) - 0
#(0 0 0 0 0 0) - 0
#(0 0 0 0 0 0) - 0
#(0 0 0 0 0 0) - 0
#(0 0 0 0 0 0) - 0
#(0 0 0 0 0 0) - 0
#(0 0 0 0 0 0) - 0
#(0 0 0 0 0 0) - 0
#(0 0 0 0 0 0) - 0
#(0 0 0 0 0 0) - 0
#(0 0 0 0 0 0) - 0
#(0 0 0 0 0 0) - 0
#(0 0 0 0 0 0) - 0
#(0 0 0 0 0 0) - 0
#(0 0 0 0 0 0) - 0
#(0 0 0 0 0 0) - 0
#(0 0 0 0 0 0) - 0
#(0 0 0 0 0 0) - 0
#(0 0 0 0 0 0) - 0
#(0 0 0 0 0 0) - 0
#(0 0 0 0 0 0) - 0
#(0 0 0 0 0 0) - 0
#(0 0 0 0 0 0) - 0
#(0 0 0 0 0 0) - 0
#(0 0 0 0 0 0) - 0
#(0 0 0 0 0 0) - 0
#(0 0 0 0 0 0) - 0
#(0 0 0 0 0 0) - 0
#(0 0 0 0 0 0) - 0
#(0 0 0 0 0 0) - 0
#(0 0 0 0 0 0) - 0
#(0 0 0 0 0 0) - 0
#(0 0 0 0 0 0) - 0
#(0 0 0 0 0 0) - 0
#(0 0 0 0 0 0) - 0
#(0 0 0 0 0 0) - 0
#(0 0 0 0 0 0) - 0
#(0 0 0 0 0 0) - 0
#(0 0 0 0 0 0) - 0
#(0 0 0 0 0 0) - 0
#(0 0 0 0 0 0) - 0
#(0 0 0 0 0 0) - 0
#(0 0 0 0 0 0) - 0
#(0 0 0 0 0 0) - 0
#(0 0 0 0 0 0) - 0
#(0 0 0 0 0 0) - 0
#(0 0 0 0 0 0) - 0
#(0 0 0 0 0 0) - 0
#(0 0 0 0 0 0) - 0
#(0 0 0 0 0 0) - 0
#(0 0 0 0 0 0) - 0
#(0 0 0 0 0 0) - 0
#(0 0 0 0 0 0) - 0
#(0 0 0 0 0 0) - 0
#(0 0 0 0 0 0) - 0
#(0 0 0 0 0 0) - 0
#(0 0 0 0 0 0) - 0
#(0 0 0 0 0 0) - 0
#(0 0 0 0 0 0) - 0
#(0 0 0 0 0 0) - 0
#(0 0 0 0 0 0) - 0
#(0 0 0 0 0 0) - 0
#(0 0 0 0 0 0) - 0
#(0 0 0 0 0 0) - 0
#(0 0 0 0 0 0) - 0
#(0 0 0 0 0 0) - 0
#(0 0 0 0 0 0) - 0
#(0 0 0 0 0 0) - 0
#(0 0 0 0 0 0) - 0
#(0 0 0 0 0 0) - 0
#(0 0 0 0 0 0) - 0
#(0 0 0 0 0 0) - 0
#(0 0 0 0 0 0) - 0
#(0 0 0 0 0 0) - 0
#(0 0 0 0 0 0) - 0
#(0 0 0 0 0 0) - 0
#(0 0 0 0 0 0) - 0
#(0 0 0 0 0 0) - 0
#(0 0 0 0 0 0) - 0
#(0 0 0 0 0 0) - 0
#(0 0 0 0 0 0) - 0
#(0 0 0 0 0 0) - 0
#(0 0 0 0 0 0) - 0
#(0 0 0 0 0 0) - 0
#(0 0 0 0 0 0) - 0
#(0 0 0 0 0 0) - 0
#(0 0 0 0 0 0) - 0
#(0 0 0 0 0 0) - 0
#(0 0 0 0 0 0) - 0
#(0 0 0 0 0 0) - 0
#(0 0 0 0 0 0) - 0
#(0 0 0 0 0 0) - 0
#(0 0 0 0 0 0) - 0
#(0 0 0 0 0 0) - 0
#(0 0 0 0 0 0) - 0
#(0 0 0 0 0 0) - 0
#(0 0 0 0 0 0) - 0
#(0 0 0 0 0 0) - 0
#(0 0 0 0 0 0) - 0
#(0 0 0 0 0 0) - 0
#(0 0 0 0 0 0) - 0
#(0 0 0 0 0 0) - 0
#(0 0 0 0 0 0) - 0
#(0 0 0 0 0 0) - 0
#(0 0 0 0 0 0) - 0
#(0 0 0 0 0 0) - 0
#(0 0 0 0 0 0) - 0
#(0 0 0 0 0 0) - 0
#(0 0 0 0 0 0) - 0
#(0 0 0 0 0 0) - 0
#(0 0 0 0 0 0) - 0
#(0 0 0 0 0 0) - 0
#(0 0 0 0 0 0) - 0
#(0 0 0 0 0 0) - 0
#(0 0 0 0 0 0) - 0
#(0 0 0 0 0 0) - 0
#(0 0 0 0 0 0) - 0
#(0 0 0 0 0 0) - 0
#(0 0 0 0 0 0) - 0
#(0 0 0 0 0 0) - 0
#(0 0 0 0 0 0) - 0
#(0 0 0 0 0 0) - 0
#(0 0 0 0 0 0) - 0
#(0 0 0 0 0 0) - 0
#(0 0 0 0 0 0) - 0
#(0 0 0 0 0 0) - 0
#(0 0 0 0 0 0) - 0
#(0 0 0 0 0 0) - 0
#(0 0 0 0 0 0) - 0
#(0 0 0 0 0 0) - 0
#(0 0 0 0 0 0) - 0
#(0 0 0 0 0 0) - 0
#(0 0 0 0 0 0) - 0
#(0 0 0 0 0 0) - 0
#(0 0 0 0 0 0) - 0
#(0 0 0 0 0 0) - 0
#(0 0 0 0 0 0) - 0
#(0 0 0 0 0 0) - 0
#(0 0 0 0 0 0) - 0
#(0 0 0 0 0 0) - 0
#(0 0 0 0 0 0) - 0
#(0 0 0 0 0 0) - 0
#(0 0 0 0 0 0) - 0
#(0 0 0 0 0 0) - 0
#(0 0 0 0 0 0) - 0
#(0 0 0 0 0 0) - 0
#(0 0 0 0 0 0) - 0
#(0 0 0 0 0 0) - 0
#(0 0 0 0 0 0) - 0
#(0 0 0 0 0 0) - 0
#(0 0 0 0 0 0) - 0
#(0 0 0 0 0 0) - 0
#(0 0 0 0 0 0) - 0
#(0 0 0 0 0 0) - 0
#(0 0 0 0 0 0) - 0
#(0 0 0 0 0 0) - 0
#(0 0 0 0 0 0) - 0
#(0 0 0 0 0 0) - 0
#(0 0 0 0 0 0) - 0
#(0 0 0 0 0 0) - 0
#(0 0 0 0 0 0) - 0
#(0 0 0 0 0 0) - 0
#(0 0 0 0 0 0) - 0
#(0 0 0 0 0 0) - 0
#(0 0 0 0 0 0) - 0
#(0 0 0 0 0 0) - 0
#(0 0 0 0 0 0) - 0
#(0 0 0 0 0 0) - 0
#(0 0 0 0 0 0) - 0
#(0 0 0 0 0 0) - 0
#(0 0 0 0 0 0) - 0
#(0 0 0 0 0 0) - 0
#(0 0 0 0 0 0) - 0
#(0 0 0 0 0 0) - 0
#(0 0 0 0 0 0) - 0
#(0 0 0 0 0 0) - 0
#(0 0 0 0 0 0) - 0
#(0 0 0 0 0 0) - 0
#(0 0 0 0 0 0) - 0
#(0 0 0 0 0 0) - 0
#(0 0 0 0 0 0) - 0
#(0 0 0 0 0 0) - 0
#(0 0 0 0 0 0) - 0
#(0 0 0 0 0 0) - 0
#(0 0 0 0 0 0) - 0
#(0 0 0 0 0 0) - 0
#(0 0 0 0 0 0) - 0
#(0 0 0 0 0 0) - 0
#(0 0 0 0 0 0) - 0
#(0 0 0 0 0 0) - 0
#(0 0 0 0 0 0) - 0
#(0 0 0 0 0 0) - 0
#(0 0 0 0 0 0) - 0
#(0 0 0 0 0 0) - 0
#(0 0 0 0 0 0) - 0
#(0 0 0 0 0 0) - 0
#(0 0 0 0 0 0) - 0
#(0 0 0 0 0 0) - 0
#(0 0 0 0 0 0) - 0
#(0 0 0 0 0 0) - 0
#(0 0 0 0 0 0) - 0
#(0 0 0 0 0 0) - 0
#(0 0 0 0 0 0) - 0
#(0 0 0 0 0 0) - 0
#(0 0 0 0 0 0) - 0
#(0 0 0 0 0 0) - 0
#(0 0 0 0 0 0) - 0
#(0 0 0 0 0 0) - 0
#(0 0 0 0 0 0) - 0
#(0 0 0 0 0 0) - 0
#(0 0 0 0 0 0) - 0
#(0 0 0 0 0 0) - 0
#(0 0 0 0 0 0) - 0
#(0 0 0 0 0 0) - 0
#(0 0 0 0 0 0) - 0
#(0 0 0 0 0 0) - 0
#(0 0 0 0 0 0) - 0
#(0 0 0 0 0 0) - 0
#(0 0 0 0 0 0) - 0
#(0 0 0 0 0 0) - 0
#(0 0.42857143 0 0 0 0) - 1
#(0 0.5714286 0 0 0 0) - 1
#(0 0.5714286 0 0 0 0) - 1
#(0 0.71428573 0 0 0 0) - 1
#(0 0.5 0 0 0 0) - 1
#(0 0.64285713 0 0 0 0) - 1
#(0 0.5 0 0 0 0) - 1
#(0 0.5714286 0 0 0 0) - 1
#(0 0.5 0 0 0 0) - 1
#(0 0.64285713 0 0 0 0) - 1
#(0 0.5 0 0 0 0) - 1
#(0 0.5714286 0 0 0 0) - 1
#(0 0.64285713 0 0 0 0) - 1
#(0 0.64285713 0 0 0 0) - 1
#(0 0.64285713 0 0 0 0) - 1
#(0 0.5 0 0 0 0) - 1
#(0 0.5714286 0 0 0 0) - 1
#(0 0.42857143 0 0 0 0) - 1
#(0 0.42857143 0 0 0 0) - 1
#(0 0.42857143 0 0 0 0) - 1
#(0 0.71428573 0 0 0 0) - 1
#(0 0.71428573 0 0 0 0) - 1
#(0 0.5 0 0 0 0) - 1
#(0 0.5714286 0 0 0 0) - 1
#(0 0.35714287 0 0 0 0) - 1
#(0 0.5 0 0 0 0) - 1
#(0 0.5 0 0 0 0) - 1
#(0 0.64285713 0 0 0 0) - 1
#(0 0.64285713 0 0 0 0) - 1
#(0 0.5714286 0 0 0 0) - 1
#(0 0.64285713 0 0 0 0) - 1
#(0 0.64285713 0 0 0 0) - 1
#(0 0.64285713 0 0 0 0) - 1
#(0 0.64285713 0 0 0 0) - 1
#(0 0.35714287 0 0 0 0) - 1
#(0 0 0 0 0 0) - 0
#(0 0 0 0 0 0) - 0
#(0 0 0 0 0 0) - 0
#(0 0 0 0 0 0) - 0
#(0 0 0 0 0 0) - 0
#(0 0 0 0 0 0) - 0
#(0 0 0 0 0 0) - 0
#(0 0 0 0 0 0) - 0
#(0 0 0 0 0 0) - 0
#(0 0 0 0 0 0) - 0
#(0 0 0 0 0 0) - 0
#(0 0 0 0 0 0) - 0
#(0 0 0 0 0 0) - 0
#(0 0 0 0 0 0) - 0
#(0 0 0 0 0 0) - 0
#(0 0 0 0 0 0) - 0
#(0 0 0 0 0 0) - 0
#(0 0 0 0 0 0) - 0
#(0 0 0 0 0 0) - 0
#(0 0 0 0 0 0) - 0
#(0 0 0 0 0 0) - 0
#(0 0 0 0 0 0) - 0
#(0 0 0 0 0 0) - 0
#(0 0 0 0 0 0) - 0
#(0 0 0 0 0 0) - 0
#(0 0 0 0 0 0) - 0
#(0 0 0 0 0 0) - 0
#(0 0 0 0 0 0) - 0
#(0 0 0 0 0 0) - 0
#(0 0 0 0 0 0) - 0
#(0 0 0 0 0 0) - 0
#(0 0 0 0 0 0) - 0
#(0 0 0 0 0 0) - 0
#(0 0 0 0 0 0) - 0
#(0 0 0 0 0 0) - 0
#(0 0 0 0 0 0) - 0
#(0 0 0 0 0 0) - 0
#(0 0 0 0 0 0) - 0
#(0 0 0 0 0 0) - 0
#(0 0 0 0 0 0) - 0
#(0 0 0 0 0 0) - 0
#(0 0 0 0 0 0) - 0
#(0 0 0 0 0 0) - 0
#(0 0 0 0 0 0) - 0
#(0 0 0 0 0 0) - 0
#(0 0 0 0 0 0) - 0
#(0 0 0 0 0 0) - 0
#(0 0 0 0 0 0) - 0
#(0 0 0 0 0 0) - 0
#(0 0 0 0 0 0) - 0
#(0 0 0 0 0 0) - 0
#(0 0 0 0 0 0) - 0
#(0 0 0 0 0 0) - 0
#(0 0 0 0 0 0) - 0
#(0 0 0 0 0 0) - 0
#(0 0 0 0 0 0) - 0
#(0 0 0 0 0 0) - 0
#(0 0 0 0 0 0) - 0
#(0 0.071428575 0 0 0 0) - 1
#(0 0 0 0 0 0) - 0
#(0 0.071428575 0 0 0 0) - 1
#(0 0.071428575 0 0 0 0) - 1
#(0 0.071428575 0 0 0 0) - 1
#(0 0.071428575 0 0 0 0) - 1
#(0 0 0 0 0 0) - 0
#(0 0.071428575 0 0 0 0) - 1
#(0 0 0 0 0 0) - 0
#(0 0 0 0 0 0) - 0
#(0 0.21428572 0 0 0 0) - 1
#(0 0.21428572 0 0 0 0) - 1
#(0 0.21428572 0 0 0 0) - 1
#(0 0.21428572 0 0 0 0) - 1
#(0 0.21428572 0 0 0 0) - 1
#(0 0.14285715 0 0 0 0) - 1
#(0 0.21428572 0 0 0 0) - 1
#(0 0.14285715 0 0 0 0) - 1
#(0 0.21428572 0 0 0 0) - 1
#(0 0.14285715 0 0 0 0) - 1
#(0 0.21428572 0 0 0 0) - 1
#(0 0.21428572 0 0 0 0) - 1
#(0 0.21428572 0 0 0 0) - 1
#(0 0.21428572 0 0 0 0) - 1
#(0 0.21428572 0 0 0 0) - 1
#(0 0.21428572 0 0 0 0) - 1
#(0 0.21428572 0 0 0 0) - 1
#(0 0.21428572 0 0 0 0) - 1
#(0 0.21428572 0 0 0 0) - 1
#(0 0.21428572 0 0 0 0) - 1
#(0 0.21428572 0 0 0 0) - 1
#(0 0.21428572 0 0 0 0) - 1
#(0 0.14285715 0 0 0 0) - 1
#(0 0.21428572 0 0 0 0) - 1
#(0 0.21428572 0 0 0 0) - 1
#(0 0.21428572 0 0 0 0) - 1
#(0 0.21428572 0 0 0 0) - 1
#(0 0.21428572 0 0 0 0) - 1
#(0 0.21428572 0 0 0 0) - 1
#(0 0.21428572 0 0 0 0) - 1
#(0 0.21428572 0 0 0 0) - 1
#(0 0.14285715 0 0 0 0) - 1
#(0 0.21428572 0 0 0 0) - 1
#(0 0.21428572 0 0 0 0) - 1
#(0 0.21428572 0 0 0 0) - 1
#(0 0.21428572 0 0 0 0) - 1
#(0 0.21428572 0 0 0 0) - 1
#(0 0.21428572 0 0 0 0) - 1
#(0 0.21428572 0 0 0 0) - 1
#(0 0.21428572 0 0 0 0) - 1
#(0 0.21428572 0 0 0 0) - 1
#(0 0.21428572 0 0 0 0) - 1
#(0 0.14285715 0 0 0 0) - 1
#(0 0.21428572 0 0 0 0) - 1
#(0 0.21428572 0 0 0 0) - 1
#(0 0.21428572 0 0 0 0) - 1
#(0 0.21428572 0 0 0 0) - 1
#(0 0.21428572 0 0 0 0) - 1
#(0 0.21428572 0 0 0 0) - 1
#(0 0.21428572 0 0 0 0) - 1
#(0 0.21428572 0 0 0 0) - 1
#(0 0.21428572 0 0 0 0) - 1
#(0 0.21428572 0 0 0 0) - 1
#(0 0.21428572 0 0 0 0) - 1
#(0 0.21428572 0 0 0 0) - 1
#(0 0.21428572 0 0 0 0) - 1
#(0 0.14285715 0 0 0 0) - 1
#(0 0.14285715 0 0 0 0) - 1
#(0 0.14285715 0 0 0 0) - 1
#(0 0.14285715 0 0 0 0) - 1
#(0 0.21428572 0 0 0 0) - 1
#(0 0.21428572 0 0 0 0) - 1
#(0 0.071428575 0 0 0 0) - 1
#(0 0.071428575 0 0 0 0) - 1
#(0 0 0 0 0 0) - 0
#(0 0.071428575 0 0 0 0) - 1
#(0 0.071428575 0 0 0 0) - 1
#(0 0 0 0 0 0) - 0
#(0 0 0 0 0 0) - 0
#(0 0 0 0 0 0) - 0
#(0 0 0 0 0 0) - 0
#(0 0 0 0 0 0) - 0
#(0 0.071428575 0 0 0 0) - 1
#(0 0.071428575 0 0 0 0) - 1
#(0 0 0 0 0 0) - 0
#(0 0.071428575 0 0 0 0) - 1
#(0 0 0 0 0 0) - 0
#(0 0 0 0 0 0) - 0
#(0 0 0 0 0 0) - 0
#(0 0 0 0 0 0) - 0
#(0 0.071428575 0 0 0 0) - 1
#(0 0.071428575 0 0 0 0) - 1
#(0 0.071428575 0 0 0 0) - 1
#(0 0.071428575 0 0 0 0) - 1
#(0 0.071428575 0 0 0 0) - 1
#(0 0.071428575 0 0 0 0) - 1
#(0 0.071428575 0 0 0 0) - 1
#(0 0.071428575 0 0 0 0) - 1
#(0 0 0 0 0 0) - 0
#(0 0 0 0 0 0) - 0
#(0 0.071428575 0 0 0 0) - 1
#(0 0 0 0 0 0) - 0
#(0 0 0 0 0 0) - 0
#(0 0 0 0 0 0) - 0
#(0 0 0 0 0 0) - 0
#(0 0.071428575 0 0 0 0) - 1
#(0 0.071428575 0 0 0 0) - 1
#(0 0.071428575 0 0 0 0) - 1
#(0 0.071428575 0 0 0 0) - 1
#(0 0.071428575 0 0 0 0) - 1
#(0 0 0 0 0 0) - 0
#(0 0.071428575 0 0 0 0) - 1
#(0 0.071428575 0 0 0 0) - 1
#(0 0 0 0 0 0) - 0
#(0 0 0 0 0 0) - 0
#(0 0 0 0 0 0) - 0
#(0 0 0 0 0 0) - 0
#(0 0 0 0 0 0) - 0
#(0 0 0 0 0 0) - 0
#(0 0 0 0 0 0) - 0
#(0 0 0 0 0 0) - 0
#(0 0 0 0 0 0) - 0
#(0 0 0 0 0 0) - 0
#(0 0 0 0 0 0) - 0
#(0 0 0 0 0 0) - 0
#(0 0 0 0 0 0) - 0
#(0 0 0 0 0 0) - 0
#(0 0 0 0 0 0) - 0
#(0 0 0 0 0 0) - 0
#(0 0 0 0 0 0) - 0
#(0 0 0 0 0 0) - 0
#(0 0 0 0 0 0) - 0
#(0 0 0 0 0 0) - 0
#(0 0 0 0 0 0) - 0
#(0 0 0 0 0 0) - 0
#(0 0.071428575 0 0 0 0) - 1
#(0 0.071428575 0 0 0 0) - 1
#(0 0.071428575 0 0 0 0) - 1
#(0 0 0 0 0 0) - 0
#(0 0 0 0 0 0) - 0
#(0 0.071428575 0 0 0 0) - 1
#(0 0.071428575 0 0 0 0) - 1
#(0 0.071428575 0 0 0 0) - 1
#(0 0 0 0 0 0) - 0
#(0 0.071428575 0 0 0 0) - 1
#(0 0.071428575 0 0 0 0) - 1
#(0 0.071428575 0 0 0 0) - 1
#(0 0.071428575 0 0 0 0) - 1
#(0 0 0 0 0 0) - 0
#(0 0 0 0 0 0) - 0
#(0 0.071428575 0 0 0 0) - 1
#(0 0.071428575 0 0 0 0) - 1
#(0 0.071428575 0 0 0 0) - 1
#(0 0 0 0 0 0) - 0
#(0 0 0 0 0 0) - 0
#(0 0 0 0 0 0) - 0
#(0 0.071428575 0 0 0 0) - 1
#(0 0.071428575 0 0 0 0) - 1
#(0 0.071428575 0 0 0 0) - 1
#(0 0.071428575 0 0 0 0) - 1
#(0 0.071428575 0 0 0 0) - 1
#(0 0.071428575 0 0 0 0) - 1
#(0 0.071428575 0 0 0 0) - 1
#(0 0.071428575 0 0 0 0) - 1
#(0 0.071428575 0 0 0 0) - 1
#(0 0.071428575 0 0 0 0) - 1
#(0 0 0 0 0 0) - 0
#(0 0 0 0 0 0) - 0
#(0 0 0 0 0 0) - 0
#(0 0 0 0 0 0) - 0
#(0 0.071428575 0 0 0 0) - 1
#(0 0.071428575 0 0 0 0) - 1
#(0 0.071428575 0 0 0 0) - 1
#(0 0 0 0 0 0) - 0
#(0 0 0 0 0 0) - 0
#(0 0.071428575 0 0 0 0) - 1
#(0 0 0 0 0 0) - 0
#(0 0 0 0 0 0) - 0
#(0 0.071428575 0 0 0 0) - 1
#(0 0.071428575 0 0 0 0) - 1
#(0 0.071428575 0 0 0 0) - 1
#(0 0.071428575 0 0 0 0) - 1
#(0 0 0 0 0 0) - 0
#(0 0 0 0 0 0) - 0
#(0 0 0 0 0 0) - 0
#(0 0.071428575 0 0 0 0) - 1
#(0 0 0 0 0 0) - 0
#(0 0.071428575 0 0 0 0) - 1
#(0 0.071428575 0 0 0 0) - 1
#(0 0.071428575 0 0 0 0) - 1
#(0 0.071428575 0 0 0 0) - 1
#(0 0 0 0 0 0) - 0
#(0 0 0 0 0 0) - 0
#(0 0 0 0 0 0) - 0
#(0 0 0 0 0 0) - 0
#(0 0 0 0 0 0) - 0
#(0 0 0 0 0 0) - 0
#(0 0 0 0 0 0) - 0
#(0 0 0 0 0 0) - 0
#(0 0 0 0 0 0) - 0
#(0 0 0 0 0 0) - 0
#(0 0 0 0 0 0) - 0
#(0 0 0 0 0 0) - 0
#(0 0 0 0 0 0) - 0
#(0 0 0 0 0 0) - 0
#(0 0 0 0 0 0) - 0
#(0 0 0 0 0 0) - 0
#(0 0 0 0 0 0) - 0
#(0 0 0 0 0 0) - 0
#(0 0 0 0 0 0) - 0
#(0 0 0 0 0 0) - 0
#(0 0 0 0 0 0) - 0
#(0 0 0 0 0 0) - 0
#(0 0 0 0 0 0) - 0
#(0 0 0 0 0 0) - 0
#(0 0 0 0 0 0) - 0
#(0 0 0 0 0 0) - 0
#(0 0 0 0 0 0) - 0
#(0 0 0 0 0 0) - 0
#(0 0 0 0 0 0) - 0
#(0 0 0 0 0 0) - 0
#(0 0 0 0 0 0) - 0
#(0 0 0 0 0 0) - 0
#(0 0 0 0 0 0) - 0
#(0 0 0 0 0 0) - 0
#(0 0 0 0 0 0) - 0
#(0 0 0 0 0 0) - 0
#(0 0 0 0 0 0) - 0
#(0 0 0 0 0 0) - 0
#(0 0 0 0 0 0) - 0
#(0 0 0 0 0 0) - 0
#(0 0 0 0 0 0) - 0
#(0 0 0 0 0 0) - 0
#(0 0 0 0 0 0) - 0
#(0 0 0 0 0 0) - 0
#(0 0 0 0 0 0) - 0
#(0 0 0 0 0 0) - 0
#(0 0 0 0 0 0) - 0
#(0 0 0 0 0 0) - 0
#(0 0 0 0 0 0) - 0
#(0 0 0 0 0 0) - 0
#(0 0 0 0 0 0) - 0
#(0 0 0 0 0 0) - 0
#(0 0 0 0 0 0) - 0
#(0 0 0 0 0 0) - 0
#(0 0 0 0 0 0) - 0
#(0 0 0 0 0 0) - 0
#(0 0 0 0 0 0) - 0
#(0 0 0 0 0 0) - 0
#(0 0 0 0 0 0) - 0
#(0 0 0 0 0 0) - 0
#(0 0 0 0 0 0) - 0
#(0 0 0 0 0 0) - 0
#(0 0 0 0 0 0) - 0
#(0 0 0 0 0 0) - 0
#(0 0 0 0 0 0) - 0
#(0 0 0 0 0 0) - 0
#(0 0 0 0 0 0) - 0
#(0 0 0 0 0 0) - 0
#(0 0 0 0 0 0) - 0
#(0 0 0 0 0 0) - 0
#(0 0 0 0 0 0) - 0
#(0 0 0 0 0 0) - 0
#(0 0 0 0 0 0) - 0
#(0 0 0 0 0 0) - 0
#(0 0 0 0 0 0) - 0
#(0 0 0 0 0 0) - 0
#(0 0 0 0 0 0) - 0
#(0 0 0 0 0 0) - 0
#(0 0 0 0 0 0) - 0
#(0 0 0 0 0 0) - 0
#(0 0 0 0 0 0) - 0
#(0 0 0 0 0 0) - 0
#(0 0 0 0 0 0) - 0
#(0 0 0 0 0 0) - 0
#(0 0 0 0 0 0) - 0
#(0 0 0 0 0 0) - 0
#(0 0 0 0 0 0) - 0
#(0 0 0 0 0 0) - 0
#(0 0 0 0 0 0) - 0
#(0 0 0 0 0 0) - 0
#(0 0 0 0 0 0) - 0
#(0 0 0 0 0 0) - 0
#(0 0 0 0 0 0) - 0
#(0 0 0 0 0 0) - 0
#(0 0 0 0 0 0) - 0
#(0 0 0 0 0 0) - 0
#(0 0 0 0 0 0) - 0
#(0 0 0 0 0 0) - 0
#(0 0 0 0 0 0) - 0
#(0 0 0 0 0 0) - 0
#(0 0 0 0 0 0) - 0
#(0 0 0 0 0 0) - 0
#(0 0 0 0 0 0) - 0
#(0 0 0 0 0 0) - 0
#(0 0 0 0 0 0) - 0
#(0 0 0 0 0 0) - 0
#(0 0 0 0 0 0) - 0
#(0 0 0 0 0 0) - 0
#(0 0 0 0 0 0) - 0
#(0 0 0 0 0 0) - 0
#(0 0 0 0 0 0) - 0
#(0 0 0 0 0 0) - 0
#(0 0 0 0 0 0) - 0
#(0 0 0 0 0 0) - 0
#(0 0 0 0 0 0) - 0
#(0 0 0 0 0 0) - 0
#(0 0 0 0 0 0) - 0
#(0 0 0 0 0 0) - 0
#(0 0 0 0 0 0) - 0
#(0 0 0 0 0 0) - 0
#(0 0 0 0 0 0) - 0
#(0 0 0 0 0 0) - 0
#(0 0 0 0 0 0) - 0
#(0 0 0 0 0 0) - 0
#(0 0 0 0 0 0) - 0
#(0 0 0 0 0 0) - 0
#(0 0 0 0 0 0) - 0
#(0 0 0 0 0 0) - 0
#(0 0 0 0 0 0) - 0
#(0 0 0 0 0 0) - 0
#(0 0 0 0 0 0) - 0
#(0 0 0 0 0 0) - 0
#(0 0 0 0 0 0) - 0
#(0 0 0 0 0 0) - 0
#(0 0 0 0 0 0) - 0
#(0 0 0 0 0 0) - 0
#(0 0 0 0 0 0) - 0
#(0 0 0 0 0 0) - 0
#(0 0 0 0 0 0) - 0
#(0 0 0 0 0 0) - 0
#(0 0 0 0 0 0) - 0
#(0 0 0 0 0 0) - 0
#(0 0 0 0 0 0) - 0
#(0 0 0 0 0 0) - 0
#(0 0 0 0 0 0) - 0
#(0 0 0 0 0 0) - 0
#(0 0 0 0 0 0) - 0
#(0 0 0 0 0 0) - 0
#(0 0 0 0 0 0) - 0
#(0 0 0 0 0 0) - 0
#(0 0 0 0 0 0) - 0
#(0 0 0 0 0 0) - 0
#(0 0 0 0 0 0) - 0
#(0 0 0 0 0 0) - 0
#(0 0 0 0 0 0) - 0
#(0 0 0 0 0 0) - 0
#(0 0 0 0 0 0) - 0
#(0 0 0 0 0 0) - 0
#(0 0 0 0 0 0) - 0
#(0 0 0 0 0 0) - 0
#(0 0 0 0 0 0) - 0
#(0 0 0 0 0 0) - 0
#(0 0 0 0 0 0) - 0
#(0 0 0 0 0 0) - 0
#(0 0 0 0 0 0) - 0
#(0 0 0 0 0 0) - 0
#(0 0 0 0 0 0) - 0
#(0 0 0 0 0 0) - 0
#(0 0 0 0 0 0) - 0
#(0 0 0 0 0 0) - 0
#(0 0 0 0 0 0) - 0
#(0 0 0 0 0 0) - 0
#(0 0 0 0 0 0) - 0
#(0 0 0 0 0 0) - 0
#(0 0 0 0 0 0) - 0
#(0 0 0 0 0 0) - 0
#(0 0 0 0 0 0) - 0
#(0 0 0 0 0 0) - 0
#(0 0 0 0 0 0) - 0
#(0 0 0 0 0 0) - 0
#(0 0 0 0 0 0) - 0
#(0 0 0 0 0 0) - 0
#(0 0 0 0 0 0) - 0
#(0 0 0 0 0 0) - 0
#(0 0 0 0 0 0) - 0
#(0 0 0 0 0 0) - 0
#(0 0 0 0 0 0) - 0
#(0 0 0 0 0 0) - 0
#(0 0 0 0 0 0) - 0
#(0 0 0 0 0 0) - 0
#(0 0 0 0 0 0) - 0
#(0 0 0 0 0 0) - 0
#(0 0 0 0 0 0) - 0
#(0 0 0 0 0 0) - 0
#(0 0 0 0 0 0) - 0
#(0 0 0 0 0 0) - 0
#(0 0 0 0 0 0) - 0
#(0 0 0 0 0 0) - 0
#(0 0 0 0 0 0) - 0
#(0 0 0 0 0 0) - 0
#(0 0 0 0 0 0) - 0
#(0 0 0 0 0 0) - 0
#(0 0 0 0 0 0) - 0
#(0 0 0 0 0 0) - 0
#(0 0 0 0 0 0) - 0
#(0 0 0 0 0 0) - 0
#(0 0 0 0 0 0) - 0
#(0 0 0 0 0 0) - 0
#(0 0 0 0 0 0) - 0
#(0 0 0 0 0 0) - 0
#(0 0 0 0 0 0) - 0
#(0 0 0 0 0 0) - 0
#(0 0 0 0 0 0) - 0
#(0 0 0 0 0 0) - 0
#(0 0 0 0 0 0) - 0
#(0 0 0 0 0 0) - 0
#(0 0 0 0 0 0) - 0
#(0 0 0 0 0 0) - 0
#(0 0 0 0 0 0) - 0
#(0 0 0 0 0 0) - 0
#(0 0 0 0 0 0) - 0
#(0 0 0 0 0 0) - 0
#(0 0 0 0 0 0) - 0
#(0 0 0 0 0 0) - 0
#(0 0 0 0 0 0) - 0
#(0 0 0 0 0 0) - 0
#(0 0 0 0 0 0) - 0
#(0 0 0 0 0 0) - 0
#(0 0 0 0 0 0) - 0
#(0 0 0 0 0 0) - 0
#(0 0 0 0 0 0) - 0
#(0 0 0 0 0 0) - 0
#(0 0 0 0 0 0) - 0
#(0 0 0 0 0 0) - 0
#(0 0 0 0 0 0) - 0
#(0 0 0 0 0 0) - 0
#(0 0 0 0 0 0) - 0
#(0 0 0 0 0 0) - 0
#(0 0 0 0 0 0) - 0
#(0 0 0 0 0 0) - 0
#(0 0 0 0 0 0) - 0
#(0 0 0 0 0 0) - 0
#(0 0 0 0 0 0) - 0
#(0 0 0 0 0 0) - 0
#(0 0 0 0 0 0) - 0
#(0 0 0 0 0 0) - 0
#(0 0 0 0 0 0) - 0
#(0 0 0 0 0 0) - 0
#(0 0 0 0 0 0) - 0
#(0 0 0 0 0 0) - 0
#(0 0 0 0 0 0) - 0
#(0 0 0 0 0 0) - 0
#(0 0.071428575 0 0 0 0) - 1
#(0 0.071428575 0 0 0 0) - 1
#(0 0.071428575 0 0 0 0) - 1
#(0 0.071428575 0 0 0 0) - 1
#(0 0.071428575 0 0 0 0) - 1
#(0 0.071428575 0 0 0 0) - 1
#(0 0 0 0 0 0) - 0
#(0 0.071428575 0 0 0 0) - 1
#(0 0 0 0 0 0) - 0
#(0 0 0 0 0 0) - 0
#(0 0.071428575 0 0 0 0) - 1
#(0 0.071428575 0 0 0 0) - 1
#(0 0 0 0 0 0) - 0
#(0 0 0 0 0 0) - 0
#(0 0.071428575 0 0 0 0) - 1
#(0 0.071428575 0 0 0 0) - 1
#(0 0.071428575 0 0 0 0) - 1
#(0 0.071428575 0 0 0 0) - 1
#(0 0 0 0 0 0) - 0
#(0 0 0 0 0 0) - 0
#(0 0 0 0 0 0) - 0
#(0 0 0 0 0 0) - 0
#(0 0 0 0 0 0) - 0
#(0 0 0 0 0 0) - 0
#(0 0 0 0 0 0) - 0
#(0 0 0 0 0 0) - 0
#(0 0 0 0 0 0) - 0
#(0 0 0 0 0 0) - 0
#(0 0 0 0 0 0) - 0
#(0 0 0 0 0 0) - 0
#(0 0 0 0 0 0) - 0
#(0 0 0 0 0 0) - 0
#(0 0 0 0 0 0) - 0
#(0 0 0 0 0 0) - 0
#(0 0 0 0 0 0) - 0
#(0 0 0 0 0 0) - 0
#(0 0 0 0 0 0) - 0
#(0 0 0 0 0 0) - 0
#(0 0 0 0 0 0) - 0
#(0 0 0 0 0 0) - 0
#(0 0 0 0 0 0) - 0
#(0 0 0 0 0 0) - 0
#(0 0 0 0 0 0) - 0
#(0 0 0 0 0 0) - 0
#(0 0 0 0 0 0) - 0
#(0 0 0 0 0 0) - 0
#(0 0 0 0 0 0) - 0
#(0 0 0 0 0 0) - 0
#(0 0 0 0 0 0) - 0
#(0 0 0 0 0 0) - 0
#(0 0 0 0 0 0) - 0
#(0 0 0 0 0 0) - 0
#(0 0 0 0 0 0) - 0
#(0 0 0 0 0 0) - 0
#(0 0 0 0 0 0) - 0
#(0 0 0 0 0 0) - 0
#(0 0 0 0 0 0) - 0
#(0 0 0 0 0 0) - 0
#(0 0 0 0 0 0) - 0
#(0 0 0 0 0 0) - 0
#(0 0 0 0 0 0) - 0
#(0 0 0 0 0 0) - 0
#(0 0 0 0 0 0) - 0
#(0 0 0 0 0 0) - 0
#(0 0 0 0 0 0) - 0
#(0 0 0 0 0 0) - 0
#(0 0 0 0 0 0) - 0
#(0 0 0 0 0 0) - 0
#(0 0 0 0 0 0) - 0
#(0 0 0 0 0 0) - 0
#(0 0 0 0 0 0) - 0
#(0 0 0 0 0 0) - 0
#(0 0 0 0 0 0) - 0
#(0 0 0 0 0 0) - 0
#(0 0 0 0 0 0) - 0
#(0 0 0 0 0 0) - 0
#(0 0 0 0 0 0) - 0
#(0 0 0 0 0 0) - 0
#(0 0 0 0 0 0) - 0
#(0 0 0 0 0 0) - 0
#(0 0 0 0 0 0) - 0
#(0 0 0 0 0 0) - 0
#(0 0 0 0 0 0) - 0
#(0 0 0 0 0 0) - 0
#(0 0 0 0 0 0) - 0
#(0 0 0 0 0 0) - 0
#(0 0 0 0 0 0) - 0
#(0 0 0 0 0 0) - 0
#(0 0 0 0 0 0) - 0
#(0 0 0 0 0 0) - 0
#(0 0 0 0 0 0) - 0
#(0 0 0 0 0 0) - 0
#(0 0 0 0 0 0) - 0
#(0 0 0 0 0 0) - 0
#(0 0 0 0 0 0) - 0
#(0 0 0 0 0 0) - 0
#(0 0 0 0 0 0) - 0
#(0 0 0 0 0 0) - 0
#(0 0 0 0 0 0) - 0
#(0 0 0 0 0 0) - 0
#(0 0 0 0 0 0) - 0
#(0 0 0 0 0 0) - 0
#(0 0 0 0 0 0) - 0
#(0 0 0 0 0 0) - 0
#(0 0 0 0 0 0) - 0
#(0 0 0 0 0 0) - 0
#(0 0 0 0 0 0) - 0
#(0 0 0 0 0 0) - 0
#(0 0 0 0 0 0) - 0
#(0 0 0 0 0 0) - 0
#(0 0 0 0 0 0) - 0
#(0 0 0 0 0 0) - 0
#(0 0 0 0 0 0) - 0
#(0 0 0 0 0 0) - 0
#(0 0 0 0 0 0) - 0
#(0 0 0 0 0 0) - 0
#(0 0 0 0 0 0) - 0
#(0 0 0 0 0 0) - 0
#(0 0 0 0 0 0) - 0
#(0 0 0 0 0 0) - 0
#(0 0 0 0 0 0) - 0
#(0 0 0 0 0 0) - 0
#(0 0 0 0 0 0) - 0
#(0 0 0 0 0 0) - 0
#(0 0 0 0 0 0) - 0
#(0 0 0 0 0 0) - 0
#(0 0 0 0 0 0) - 0
#(0 0 0 0 0 0) - 0
#(0 0 0 0 0 0) - 0
#(0 0 0 0 0 0) - 0

Grupo 2
#(0 0 0 0 0 0) - 0
#(0 0 0 0 0 0) - 0
#(0 0 0 0 0 0) - 0
#(0 0 0 0 0 0) - 0
#(0 0 0 0 0 0) - 0
#(0 0 0 0 0 0) - 0
#(0 0 0 0 0 0) - 0
#(0 0 0 0 0 0) - 0
#(0 0 0 0 0 0) - 0
#(0 0 0 0 0 0) - 0
#(0 0 0 0 0 0) - 0
#(0 0 0 0 0 0) - 0
#(0 0 0 0 0 0) - 0
#(0 0 0 0 0 0) - 0
#(0 0 0 0 0 0) - 0
#(0 0 0 0 0 0) - 0
#(0 0 0 0 0 0) - 0
#(0 0 0.9259259 0 0 0) - 2
#(0 0 0.7407407 0 0 0) - 2
#(0 0 0.9259259 0 0 0) - 2
#(0 0 0.7407407 0 0 0) - 2
#(0 0 0.6296296 0 0 0) - 2
#(0 0 0.4814815 0 0 0) - 2
#(0 0 0.5185185 0 0 0) - 2
#(0 0 0.4074074 0 0 0) - 2
#(0 0 0.6296296 0 0 0) - 2
#(0 0 0.9259259 0 0 0) - 2
#(0 0 0.7407407 0 0 0) - 2
#(0 0 0.9259259 0 0 0) - 2
#(0 0 0.5555556 0 0 0) - 2
#(0 0 0.7407407 0 0 0) - 2
#(0 0 0.5185185 0 0 0) - 2
#(0 0 0.7407407 0 0 0) - 2
#(0 0 0.5925926 0 0 0) - 2
#(0 0 0.44444445 0 0 0) - 2
#(0 0 0 0 0 0) - 0
#(0 0 0 0 0 0) - 0
#(0 0 0 0 0 0) - 0
#(0 0 0 0 0 0) - 0
#(0 0 0 0 0 0) - 0
#(0 0 0 0 0 0) - 0
#(0 0 0 0 0 0) - 0
#(0 0 0 0 0 0) - 0
#(0 0 0 0 0 0) - 0
#(0 0 0 0 0 0) - 0
#(0 0 0 0 0 0) - 0
#(0 0 0 0 0 0) - 0
#(0 0 0 0 0 0) - 0
#(0 0 0 0 0 0) - 0
#(0 0 0 0 0 0) - 0
#(0 0 0 0 0 0) - 0
#(0 0 0 0 0 0) - 0
#(0 0 0 0 0 0) - 0
#(0 0 0 0 0 0) - 0
#(0 0 0 0 0 0) - 0
#(0 0 0 0 0 0) - 0
#(0 0 0 0 0 0) - 0
#(0 0 0 0 0 0) - 0
#(0 0 0 0 0 0) - 0
#(0 0 0 0 0 0) - 0
#(0 0 0 0 0 0) - 0
#(0 0 0 0 0 0) - 0
#(0 0 0 0 0 0) - 0
#(0 0 0 0 0 0) - 0
#(0 0 0 0 0 0) - 0
#(0 0 0 0 0 0) - 0
#(0 0 0 0 0 0) - 0
#(0 0 0 0 0 0) - 0
#(0 0 0 0 0 0) - 0
#(0 0 0 0 0 0) - 0
#(0 0 0 0 0 0) - 0
#(0 0 0 0 0 0) - 0
#(0 0 0 0 0 0) - 0
#(0 0 0 0 0 0) - 0
#(0 0 0 0 0 0) - 0
#(0 0 0 0 0 0) - 0
#(0 0 0 0 0 0) - 0
#(0 0 0 0 0 0) - 0
#(0 0 0 0 0 0) - 0
#(0 0 0 0 0 0) - 0
#(0 0 0 0 0 0) - 0
#(0 0 0 0 0 0) - 0
#(0 0 0 0 0 0) - 0
#(0 0 0 0 0 0) - 0
#(0 0 0 0 0 0) - 0
#(0 0 0 0 0 0) - 0
#(0 0 0 0 0 0) - 0
#(0 0 0 0 0 0) - 0
#(0 0 0 0 0 0) - 0
#(0 0 0 0 0 0) - 0
#(0 0 0 0 0 0) - 0
#(0 0 0 0 0 0) - 0
#(0 0 0 0 0 0) - 0
#(0 0 0 0 0 0) - 0
#(0 0 0 0 0 0) - 0
#(0 0 0 0 0 0) - 0
#(0 0 0 0 0 0) - 0
#(0 0 0 0 0 0) - 0
#(0 0 0 0 0 0) - 0
#(0 0 0 0 0 0) - 0
#(0 0 0 0 0 0) - 0
#(0 0 0 0 0 0) - 0
#(0 0 0 0 0 0) - 0
#(0 0 0 0 0 0) - 0
#(0 0 0 0 0 0) - 0
#(0 0 0 0 0 0) - 0
#(0 0 0 0 0 0) - 0
#(0 0 0 0 0 0) - 0
#(0 0 0 0 0 0) - 0
#(0 0 0 0 0 0) - 0
#(0 0 0 0 0 0) - 0
#(0 0 0 0 0 0) - 0
#(0 0 0 0 0 0) - 0
#(0 0 0 0 0 0) - 0
#(0 0 0 0 0 0) - 0
#(0 0 0 0 0 0) - 0
#(0 0 0 0 0 0) - 0
#(0 0 0 0 0 0) - 0
#(0 0 0 0 0 0) - 0
#(0 0 0 0 0 0) - 0
#(0 0 0 0 0 0) - 0
#(0 0 0 0 0 0) - 0
#(0 0 0 0 0 0) - 0
#(0 0 0 0 0 0) - 0
#(0 0 0 0 0 0) - 0
#(0 0 0 0 0 0) - 0
#(0 0 0 0 0 0) - 0
#(0 0 0 0 0 0) - 0
#(0 0 0 0 0 0) - 0
#(0 0 0 0 0 0) - 0
#(0 0 0 0 0 0) - 0
#(0 0 0 0 0 0) - 0
#(0 0 0 0 0 0) - 0
#(0 0 0 0 0 0) - 0
#(0 0 0 0 0 0) - 0
#(0 0 0 0 0 0) - 0
#(0 0 0 0 0 0) - 0
#(0 0 0 0 0 0) - 0
#(0 0 0 0 0 0) - 0
#(0 0 0 0 0 0) - 0
#(0 0 0 0 0 0) - 0
#(0 0 0 0 0 0) - 0
#(0 0 0 0 0 0) - 0
#(0 0 0 0 0 0) - 0
#(0 0 0 0 0 0) - 0
#(0 0 0 0 0 0) - 0
#(0 0 0 0 0 0) - 0
#(0 0 0 0 0 0) - 0
#(0 0 0 0 0 0) - 0
#(0 0 0 0 0 0) - 0
#(0 0 0 0 0 0) - 0
#(0 0 0 0 0 0) - 0
#(0 0 0 0 0 0) - 0
#(0 0 0 0 0 0) - 0
#(0 0 0 0 0 0) - 0
#(0 0 0 0 0 0) - 0
#(0 0 0 0 0 0) - 0
#(0 0 0 0 0 0) - 0
#(0 0 0 0 0 0) - 0
#(0 0 0 0 0 0) - 0
#(0 0 0 0 0 0) - 0
#(0 0 0 0 0 0) - 0
#(0 0 0 0 0 0) - 0
#(0 0 0 0 0 0) - 0
#(0 0 0 0 0 0) - 0
#(0 0 0 0 0 0) - 0
#(0 0 0 0 0 0) - 0
#(0 0 0 0 0 0) - 0
#(0 0 0 0 0 0) - 0
#(0 0 0 0 0 0) - 0
#(0 0 0 0 0 0) - 0
#(0 0 0 0 0 0) - 0
#(0 0 0 0 0 0) - 0
#(0 0 0 0 0 0) - 0
#(0 0 0 0 0 0) - 0
#(0 0 0 0 0 0) - 0
#(0 0 0 0 0 0) - 0
#(0 0 0 0 0 0) - 0
#(0 0 0 0 0 0) - 0
#(0 0 0 0 0 0) - 0
#(0 0 0 0 0 0) - 0
#(0 0 0 0 0 0) - 0
#(0 0 0 0 0 0) - 0
#(0 0 0 0 0 0) - 0
#(0 0 0 0 0 0) - 0
#(0 0 0 0 0 0) - 0
#(0 0 0 0 0 0) - 0
#(0 0 0 0 0 0) - 0
#(0 0 0 0 0 0) - 0
#(0 0 0 0 0 0) - 0
#(0 0 0 0 0 0) - 0
#(0 0 0 0 0 0) - 0
#(0 0 0.8518519 0 0 0) - 2
#(0 0 0.7407407 0 0 0) - 2
#(0 0 0.8518519 0 0 0) - 2
#(0 0 0.8518519 0 0 0) - 2
#(0 0 0.7037037 0 0 0) - 2
#(0 0 0.8518519 0 0 0) - 2
#(0 0 0.7037037 0 0 0) - 2
#(0 0 0.7407407 0 0 0) - 2
#(0 0 0.7037037 0 0 0) - 2
#(0 0 0.7777778 0 0 0) - 2
#(0 0 0.5925926 0 0 0) - 2
#(0 0 0.5555556 0 0 0) - 2
#(0 0 0.8518519 0 0 0) - 2
#(0 0 0.7407407 0 0 0) - 2
#(0 0 0.8888889 0 0 0) - 2
#(0 0 0.7777778 0 0 0) - 2
#(0 0 0.6666667 0 0 0) - 2
#(0 0 0.5925926 0 0 0) - 2
#(0 0 0.4814815 0 0 0) - 2
#(0 0 0.5555556 0 0 0) - 2
#(0 0 0.44444445 0 0 0) - 2
#(0 0 0 0 0 0) - 0
#(0 0 0 0 0 0) - 0
#(0 0 0 0 0 0) - 0
#(0 0 0 0 0 0) - 0
#(0 0 0 0 0 0) - 0
#(0 0 0 0 0 0) - 0
#(0 0 0 0 0 0) - 0
#(0 0 0 0 0 0) - 0
#(0 0 0 0 0 0) - 0
#(0 0 0 0 0 0) - 0
#(0 0 0 0 0 0) - 0
#(0 0 0 0 0 0) - 0
#(0 0 0 0 0 0) - 0
#(0 0 0 0 0 0) - 0
#(0 0 0 0 0 0) - 0
#(0 0 0 0 0 0) - 0
#(0 0 0 0 0 0) - 0
#(0 0 0 0 0 0) - 0
#(0 0 0 0 0 0) - 0
#(0 0 0 0 0 0) - 0
#(0 0 0 0 0 0) - 0
#(0 0 0 0 0 0) - 0
#(0 0 0 0 0 0) - 0
#(0 0 0 0 0 0) - 0
#(0 0 0 0 0 0) - 0
#(0 0 0 0 0 0) - 0
#(0 0 0 0 0 0) - 0
#(0 0 0 0 0 0) - 0
#(0 0 0 0 0 0) - 0
#(0 0 0 0 0 0) - 0
#(0 0 0 0 0 0) - 0
#(0 0 0 0 0 0) - 0
#(0 0 0 0 0 0) - 0
#(0 0 0 0 0 0) - 0
#(0 0 0 0 0 0) - 0
#(0 0 0 0 0 0) - 0
#(0 0 0 0 0 0) - 0
#(0 0 0 0 0 0) - 0
#(0 0 0 0 0 0) - 0
#(0 0 0 0 0 0) - 0
#(0 0 0 0 0 0) - 0
#(0 0 0 0 0 0) - 0
#(0 0 0 0 0 0) - 0
#(0 0 0 0 0 0) - 0
#(0 0 0 0 0 0) - 0
#(0 0 0 0 0 0) - 0
#(0 0 0 0 0 0) - 0
#(0 0 0 0 0 0) - 0
#(0 0 0 0 0 0) - 0
#(0 0 0 0 0 0) - 0
#(0 0 0 0 0 0) - 0
#(0 0 0 0 0 0) - 0
#(0 0 0 0 0 0) - 0
#(0 0 0 0 0 0) - 0
#(0 0 0 0 0 0) - 0
#(0 0 0 0 0 0) - 0
#(0 0 0 0 0 0) - 0
#(0 0 0 0 0 0) - 0
#(0 0 0 0 0 0) - 0
#(0 0 0 0 0 0) - 0
#(0 0 0 0 0 0) - 0
#(0 0 0 0 0 0) - 0
#(0 0 0 0 0 0) - 0
#(0 0 0 0 0 0) - 0
#(0 0 0 0 0 0) - 0
#(0 0 0 0 0 0) - 0
#(0 0 0 0 0 0) - 0
#(0 0 0 0 0 0) - 0

Grupo 3
#(0 0 0 0 0 0) - 0
#(0 0 0 0 0 0) - 0
#(0 0 0 0 0 0) - 0
#(0 0 0 0 0 0) - 0
#(0 0 0 0 0 0) - 0
#(0 0 0 0 0 0) - 0
#(0 0 0 0 0 0) - 0
#(0 0 0 0 0 0) - 0
#(0 0 0 0 0 0) - 0
#(0 0 0 0 0 0) - 0
#(0 0 0 0 0 0) - 0
#(0 0 0 0 0 0) - 0
#(0 0 0 0 0 0) - 0
#(0 0 0 0 0 0) - 0
#(0 0 0 0 0 0) - 0
#(0 0 0 0 0 0) - 0
#(0 0 0 0 0 0) - 0
#(0 0 0 0 0 0) - 0
#(0 0 0 0 0 0) - 0
#(0 0 0 0 0 0) - 0
#(0 0 0 0 0 0) - 0
#(0 0 0 0 0 0) - 0
#(0 0 0 0 0 0) - 0
#(0 0 0 0 0 0) - 0
#(0 0 0 0 0 0) - 0
#(0 0 0 0 0 0) - 0
#(0 0 0 0 0 0) - 0
#(0 0 0 0 0 0) - 0
#(0 0 0 0 0 0) - 0
#(0 0 0 0 0 0) - 0
#(0 0 0 0.007751938 0 0) - 3
#(0 0 0 0 0 0) - 0
#(0 0 0 0 0 0) - 0
#(0 0 0 0 0 0) - 0
#(0 0 0 0 0 0) - 0
#(0 0 0 0 0 0) - 0
#(0 0 0 0 0 0) - 0
#(0 0 0 0 0 0) - 0
#(0 0 0 0 0 0) - 0
#(0 0 0 0 0 0) - 0
#(0 0 0 0 0 0) - 0
#(0 0 0 0 0 0) - 0
#(0 0 0 0 0 0) - 0
#(0 0 0 0 0 0) - 0
#(0 0 0 0 0 0) - 0
#(0 0 0 0 0 0) - 0
#(0 0 0 0 0 0) - 0
#(0 0 0 0 0 0) - 0
#(0 0 0 0 0 0) - 0
#(0 0 0 0 0 0) - 0
#(0 0 0 0 0 0) - 0
#(0 0 0 0.27906978 0 0) - 3
#(0 0 0 0.27131784 0 0) - 3
#(0 0 0 0.11627907 0 0) - 3
#(0 0 0 0.12403101 0 0) - 3
#(0 0 0 0.27906978 0 0) - 3
#(0 0 0 0.2015504 0 0) - 3
#(0 0 0 0.062015504 0 0) - 3
#(0 0 0 0.1007752 0 0) - 3
#(0 0 0 0.069767445 0 0) - 3
#(0 0 0 0.15503876 0 0) - 3
#(0 0 0 0.27906978 0 0) - 3
#(0 0 0 0.24031007 0 0) - 3
#(0 0 0 0.10852713 0 0) - 3
#(0 0 0 0.2635659 0 0) - 3
#(0 0 0 0.27906978 0 0) - 3
#(0 0 0 0.046511628 0 0) - 3
#(0 0 0 0.093023255 0 0) - 3
#(0 0 0 0.046511628 0 0) - 3
#(0 0 0 0.062015504 0 0) - 3
#(0 0 0 0.07751938 0 0) - 3
#(0 0 0 0.054263566 0 0) - 3
#(0 0 0 0.27906978 0 0) - 3
#(0 0 0 0.24031007 0 0) - 3
#(0 0 0 0.10852713 0 0) - 3
#(0 0 0 0.2635659 0 0) - 3
#(0 0 0 0.27906978 0 0) - 3
#(0 0 0 0.08527132 0 0) - 3
#(0 0 0 0.34108528 0 0) - 3
#(0 0 0 0.15503876 0 0) - 3
#(0 0 0 0.19379845 0 0) - 3
#(0 0 0 0.2635659 0 0) - 3
#(0 0 0 0.24031007 0 0) - 3
#(0 0 0 0.33333334 0 0) - 3
#(0 0 0 0.30232558 0 0) - 3
#(0 0 0 0.093023255 0 0) - 3
#(0 0 0 0.14728682 0 0) - 3
#(0 0 0 0.17829457 0 0) - 3
#(0 0 0 0.17054264 0 0) - 3
#(0 0 0 0.2868217 0 0) - 3
#(0 0 0 0.29457363 0 0) - 3
#(0 0 0 0.27131784 0 0) - 3
#(0 0 0 0.25581396 0 0) - 3
#(0 0 0 0.21705426 0 0) - 3
#(0 0 0 0.24031007 0 0) - 3
#(0 0 0 0.17829457 0 0) - 3
#(0 0 0 0.24806201 0 0) - 3
#(0 0 0 0.20930232 0 0) - 3
#(0 0 0 0.20930232 0 0) - 3
#(0 0 0 0.2015504 0 0) - 3
#(0 0 0 0.31782946 0 0) - 3
#(0 0 0 0.29457363 0 0) - 3
#(0 0 0 0.31007752 0 0) - 3
#(0 0 0 0.27131784 0 0) - 3
#(0 0 0 0.19379845 0 0) - 3
#(0 0 0 0.13953489 0 0) - 3
#(0 0 0 0.19379845 0 0) - 3
#(0 0 0 0.31782946 0 0) - 3
#(0 0 0 0.36434108 0 0) - 3
#(0 0 0 0.069767445 0 0) - 3
#(0 0 0 0.19379845 0 0) - 3
#(0 0 0 0.10852713 0 0) - 3
#(0 0 0 0.3255814 0 0) - 3
#(0 0 0 0.2868217 0 0) - 3
#(0 0 0 0.2635659 0 0) - 3
#(0 0 0 0.25581396 0 0) - 3
#(0 0 0 0.37209302 0 0) - 3
#(0 0 0 0.17054264 0 0) - 3
#(0 0 0 0.07751938 0 0) - 3
#(0 0 0 0.069767445 0 0) - 3
#(0 0 0 0.34108528 0 0) - 3
#(0 0 0 0.21705426 0 0) - 3
#(0 0 0 0.15503876 0 0) - 3
#(0 0 0 0.12403101 0 0) - 3
#(0 0 0 0.03875969 0 0) - 3
#(0 0 0 0.2868217 0 0) - 3
#(0 0 0 0.37209302 0 0) - 3
#(0 0 0 0.2248062 0 0) - 3
#(0 0 0 0.29457363 0 0) - 3
#(0 0 0 0.023255814 0 0) - 3
#(0 0 0 0.007751938 0 0) - 3
#(0 0 0 0 0 0) - 0
#(0 0 0 0 0 0) - 0
#(0 0 0 0.007751938 0 0) - 3
#(0 0 0 0 0 0) - 0
#(0 0 0 0.023255814 0 0) - 3
#(0 0 0 0.023255814 0 0) - 3
#(0 0 0 0 0 0) - 0
#(0 0 0 0 0 0) - 0
#(0 0 0 0 0 0) - 0
#(0 0 0 0 0 0) - 0
#(0 0 0 0 0 0) - 0
#(0 0 0 0 0 0) - 0
#(0 0 0 0 0 0) - 0
#(0 0 0 0 0 0) - 0
#(0 0 0 0 0 0) - 0
#(0 0 0 0 0 0) - 0
#(0 0 0 0 0 0) - 0
#(0 0 0 0 0 0) - 0
#(0 0 0 0 0 0) - 0
#(0 0 0 0.023255814 0 0) - 3
#(0 0 0 0.007751938 0 0) - 3
#(0 0 0 0 0 0) - 0
#(0 0 0 0 0 0) - 0
#(0 0 0 0 0 0) - 0
#(0 0 0 0.069767445 0 0) - 3
#(0 0 0 0.069767445 0 0) - 3
#(0 0 0 0.062015504 0 0) - 3
#(0 0 0 0.062015504 0 0) - 3
#(0 0 0 0.007751938 0 0) - 3
#(0 0 0 0.054263566 0 0) - 3
#(0 0 0 0.069767445 0 0) - 3
#(0 0 0 0.062015504 0 0) - 3
#(0 0 0 0.03875969 0 0) - 3
#(0 0 0 0.069767445 0 0) - 3
#(0 0 0 0.15503876 0 0) - 3
#(0 0 0 0.054263566 0 0) - 3
#(0 0 0 0.062015504 0 0) - 3
#(0 0 0 0.07751938 0 0) - 3
#(0 0 0 0.093023255 0 0) - 3
#(0 0 0 0.07751938 0 0) - 3
#(0 0 0 0 0 0) - 0
#(0 0 0 0 0 0) - 0
#(0 0 0 0 0 0) - 0
#(0 0 0 0 0 0) - 0
#(0 0 0 0 0 0) - 0
#(0 0 0 0 0 0) - 0
#(0 0 0 0 0 0) - 0
#(0 0 0 0 0 0) - 0
#(0 0 0 0 0 0) - 0
#(0 0 0 0 0 0) - 0
#(0 0 0 0 0 0) - 0
#(0 0 0 0 0 0) - 0
#(0 0 0 0 0 0) - 0
#(0 0 0 0 0 0) - 0
#(0 0 0 0 0 0) - 0
#(0 0 0 0 0 0) - 0
#(0 0 0 0 0 0) - 0
#(0 0 0 0 0 0) - 0
#(0 0 0 0.1007752 0 0) - 3
#(0 0 0 0.07751938 0 0) - 3
#(0 0 0 0.08527132 0 0) - 3
#(0 0 0 0.069767445 0 0) - 3
#(0 0 0 0.069767445 0 0) - 3
#(0 0 0 0.069767445 0 0) - 3
#(0 0 0 0.031007752 0 0) - 3
#(0 0 0 0.046511628 0 0) - 3
#(0 0 0 0.046511628 0 0) - 3
#(0 0 0 0.054263566 0 0) - 3
#(0 0 0 0 0 0) - 0
#(0 0 0 0 0 0) - 0
#(0 0 0 0 0 0) - 0
#(0 0 0 0 0 0) - 0
#(0 0 0 0 0 0) - 0
#(0 0 0 0 0 0) - 0
#(0 0 0 0 0 0) - 0
#(0 0 0 0 0 0) - 0
#(0 0 0 0 0 0) - 0
#(0 0 0 0 0 0) - 0
#(0 0 0 0 0 0) - 0
#(0 0 0 0.046511628 0 0) - 3
#(0 0 0 0.046511628 0 0) - 3
#(0 0 0 0.046511628 0 0) - 3
#(0 0 0 0.046511628 0 0) - 3
#(0 0 0 0.031007752 0 0) - 3
#(0 0 0 0.062015504 0 0) - 3
#(0 0 0 0.062015504 0 0) - 3
#(0 0 0 0.023255814 0 0) - 3
#(0 0 0 0.031007752 0 0) - 3
#(0 0 0 0.046511628 0 0) - 3
#(0 0 0 0.062015504 0 0) - 3
#(0 0 0 0.054263566 0 0) - 3
#(0 0 0 0.054263566 0 0) - 3
#(0 0 0 0.07751938 0 0) - 3
#(0 0 0 0.015503876 0 0) - 3
#(0 0 0 0.046511628 0 0) - 3
#(0 0 0 0.07751938 0 0) - 3
#(0 0 0 0.023255814 0 0) - 3
#(0 0 0 0 0 0) - 0
#(0 0 0 0 0 0) - 0
#(0 0 0 0 0 0) - 0
#(0 0 0 0.062015504 0 0) - 3
#(0 0 0 0.069767445 0 0) - 3
#(0 0 0 0.08527132 0 0) - 3
#(0 0 0 0.07751938 0 0) - 3
#(0 0 0 0.046511628 0 0) - 3
#(0 0 0 0 0 0) - 0
#(0 0 0 0 0 0) - 0
#(0 0 0 0 0 0) - 0
#(0 0 0 0 0 0) - 0
#(0 0 0 0 0 0) - 0
#(0 0 0 0 0 0) - 0
#(0 0 0 0 0 0) - 0
#(0 0 0 0 0 0) - 0
#(0 0 0 0 0 0) - 0
#(0 0 0 0 0 0) - 0
#(0 0 0 0 0 0) - 0
#(0 0 0 0 0 0) - 0
#(0 0 0 0 0 0) - 0
#(0 0 0 0 0 0) - 0
#(0 0 0 0 0 0) - 0
#(0 0 0 0 0 0) - 0
#(0 0 0 0 0 0) - 0
#(0 0 0 0 0 0) - 0
#(0 0 0 0 0 0) - 0

Grupo 4
#(0 0 0 0 0 0) - 0
#(0 0 0 0 0 0) - 0
#(0 0 0 0 0 0) - 0
#(0 0 0 0 0 0) - 0
#(0 0 0 0 0 0) - 0
#(0 0 0 0 0 0) - 0
#(0 0 0 0 0 0) - 0
#(0 0 0 0 0 0) - 0
#(0 0 0 0 0 0) - 0
#(0 0 0 0 0 0) - 0
#(0 0 0 0 0 0) - 0
#(0 0 0 0 0 0) - 0
#(0 0 0 0 0 0) - 0
#(0 0 0 0 0 0) - 0
#(0 0 0 0 0 0) - 0
#(0 0 0 0 0 0) - 0
#(0 0 0 0 0 0) - 0
#(0 0 0 0 0 0) - 0
#(0 0 0 0 0 0) - 0
#(0 0 0 0 0 0) - 0
#(0 0 0 0 0 0) - 0
#(0 0 0 0 0 0) - 0
#(0 0 0 0 0 0) - 0
#(0 0 0 0 0 0) - 0
#(0 0 0 0 0 0) - 0
#(0 0 0 0 0 0) - 0
#(0 0 0 0 0 0) - 0
#(0 0 0 0 0.10958904 0) - 4
#(0 0 0 0 0.12328767 0) - 4
#(0 0 0 0 0.12328767 0) - 4
#(0 0 0 0 0.10958904 0) - 4
#(0 0 0 0 0.10958904 0) - 4
#(0 0 0 0 0.12328767 0) - 4
#(0 0 0 0 0.10958904 0) - 4
#(0 0 0 0 0.1369863 0) - 4
#(0 0 0 0 0.09589041 0) - 4
#(0 0 0 0 0.05479452 0) - 4
#(0 0 0 0 0.06849315 0) - 4
#(0 0 0 0 0.12328767 0) - 4
#(0 0 0 0 0.10958904 0) - 4
#(0 0 0 0 0.1369863 0) - 4
#(0 0 0 0 0.1369863 0) - 4
#(0 0 0 0 0.15068494 0) - 4
#(0 0 0 0 0.10958904 0) - 4
#(0 0 0 0 0.08219178 0) - 4
#(0 0 0 0 0 0) - 0
#(0 0 0 0 0 0) - 0
#(0 0 0 0 0 0) - 0
#(0 0 0 0 0 0) - 0
#(0 0 0 0 0 0) - 0
#(0 0 0 0 0 0) - 0
#(0 0 0 0 0 0) - 0
#(0 0 0 0 0 0) - 0
#(0 0 0 0 0.3561644 0) - 4
#(0 0 0 0 0.28767124 0) - 4
#(0 0 0 0 0.41095892 0) - 4
#(0 0 0 0 0.28767124 0) - 4
#(0 0 0 0 0.21917808 0) - 4
#(0 0 0 0 0.369863 0) - 4
#(0 0 0 0 0.34246576 0) - 4
#(0 0 0 0 0.24657534 0) - 4
#(0 0 0 0 0.369863 0) - 4
#(0 0 0 0 0.1369863 0) - 4
#(0 0 0 0 0.24657534 0) - 4
#(0 0 0 0 0.2739726 0) - 4
#(0 0 0 0 0.23287672 0) - 4
#(0 0 0 0 0.23287672 0) - 4
#(0 0 0 0 0.34246576 0) - 4
#(0 0 0 0 0.20547946 0) - 4
#(0 0 0 0 0.24657534 0) - 4
#(0 0 0 0 0.30136988 0) - 4
#(0 0 0 0 0.16438356 0) - 4
#(0 0 0 0 0 0) - 0
#(0 0 0 0 0 0) - 0
#(0 0 0 0 0 0) - 0
#(0 0 0 0 0.16438356 0) - 4
#(0 0 0 0 0.12328767 0) - 4
#(0 0 0 0 0.15068494 0) - 4
#(0 0 0 0 0.12328767 0) - 4
#(0 0 0 0 0.16438356 0) - 4
#(0 0 0 0 0.26027396 0) - 4
#(0 0 0 0 0.41095892 0) - 4
#(0 0 0 0 0.28767124 0) - 4
#(0 0 0 0 0.28767124 0) - 4
#(0 0 0 0 0.4520548 0) - 4
#(0 0 0 0 0.30136988 0) - 4
#(0 0 0 0 0.31506848 0) - 4
#(0 0 0 0 0.20547946 0) - 4
#(0 0 0 0 0.24657534 0) - 4
#(0 0 0 0 0.10958904 0) - 4
#(0 0 0 0 0.20547946 0) - 4
#(0 0 0 0 0.10958904 0) - 4
#(0 0 0 0 0 0) - 0
#(0 0 0 0 0 0) - 0
#(0 0 0 0 0 0) - 0
#(0 0 0 0 0.01369863 0) - 4
#(0 0 0 0 0.01369863 0) - 4
#(0 0 0 0 0 0) - 0
#(0 0 0 0 0.01369863 0) - 4
#(0 0 0 0 0.01369863 0) - 4
#(0 0 0 0 0.01369863 0) - 4
#(0 0 0 0 0.01369863 0) - 4
#(0 0 0 0 0.01369863 0) - 4
#(0 0 0 0 0 0) - 0
#(0 0 0 0 0 0) - 0
#(0 0 0 0 0 0) - 0
#(0 0 0 0 0 0) - 0
#(0 0 0 0 0 0) - 0
#(0 0 0 0 0 0) - 0
#(0 0 0 0 0 0) - 0
#(0 0 0 0 0 0) - 0
#(0 0 0 0 0 0) - 0
#(0 0 0 0 0.01369863 0) - 4
#(0 0 0 0 0 0) - 0
#(0 0 0 0 0 0) - 0
#(0 0 0 0 0 0) - 0
#(0 0 0 0 0.01369863 0) - 4
#(0 0 0 0 0.01369863 0) - 4
#(0 0 0 0 0.01369863 0) - 4
#(0 0 0 0 0.01369863 0) - 4
#(0 0 0 0 0 0) - 0
#(0 0 0 0 0 0) - 0
#(0 0 0 0 0.01369863 0) - 4
#(0 0 0 0 0.01369863 0) - 4
#(0 0 0 0 0.01369863 0) - 4
#(0 0 0 0 0 0) - 0
#(0 0 0 0 0 0) - 0
#(0 0 0 0 0 0) - 0
#(0 0 0 0 0 0) - 0
#(0 0 0 0 0 0) - 0
#(0 0 0 0 0.01369863 0) - 4
#(0 0 0 0 0 0) - 0
#(0 0 0 0 0.04109589 0) - 4
#(0 0 0 0 0.02739726 0) - 4
#(0 0 0 0 0.02739726 0) - 4
#(0 0 0 0 0.01369863 0) - 4
#(0 0 0 0 0.02739726 0) - 4
#(0 0 0 0 0.02739726 0) - 4
#(0 0 0 0 0.02739726 0) - 4
#(0 0 0 0 0.01369863 0) - 4
#(0 0 0 0 0.04109589 0) - 4
#(0 0 0 0 0.04109589 0) - 4
#(0 0 0 0 0.04109589 0) - 4
#(0 0 0 0 0.01369863 0) - 4
#(0 0 0 0 0.01369863 0) - 4
#(0 0 0 0 0 0) - 0
#(0 0 0 0 0 0) - 0
#(0 0 0 0 0 0) - 0
#(0 0 0 0 0 0) - 0
#(0 0 0 0 0 0) - 0
#(0 0 0 0 0.01369863 0) - 4
#(0 0 0 0 0.01369863 0) - 4
#(0 0 0 0 0.01369863 0) - 4
#(0 0 0 0 0.01369863 0) - 4
#(0 0 0 0 0 0) - 0
#(0 0 0 0 0.01369863 0) - 4
#(0 0 0 0 0.01369863 0) - 4
#(0 0 0 0 0 0) - 0
#(0 0 0 0 0 0) - 0
#(0 0 0 0 0.01369863 0) - 4
#(0 0 0 0 0.01369863 0) - 4
#(0 0 0 0 0.01369863 0) - 4
#(0 0 0 0 0 0) - 0
#(0 0 0 0 0 0) - 0
#(0 0 0 0 0.01369863 0) - 4
#(0 0 0 0 0.01369863 0) - 4
#(0 0 0 0 0.01369863 0) - 4
#(0 0 0 0 0 0) - 0
#(0 0 0 0 0 0) - 0
#(0 0 0 0 0 0) - 0
#(0 0 0 0 0.01369863 0) - 4
#(0 0 0 0 0 0) - 0
#(0 0 0 0 0.01369863 0) - 4
#(0 0 0 0 0.09589041 0) - 4
#(0 0 0 0 0.08219178 0) - 4
#(0 0 0 0 0.06849315 0) - 4
#(0 0 0 0 0.06849315 0) - 4
#(0 0 0 0 0.06849315 0) - 4
#(0 0 0 0 0.08219178 0) - 4
#(0 0 0 0 0.1369863 0) - 4
#(0 0 0 0 0.08219178 0) - 4
#(0 0 0 0 0.06849315 0) - 4
#(0 0 0 0 0.05479452 0) - 4
#(0 0 0 0 0.15068494 0) - 4
#(0 0 0 0 0.19178082 0) - 4
#(0 0 0 0 0.1780822 0) - 4
#(0 0 0 0 0.1780822 0) - 4
#(0 0 0 0 0.15068494 0) - 4
#(0 0 0 0 0.1780822 0) - 4
#(0 0 0 0 0.12328767 0) - 4
#(0 0 0 0 0.12328767 0) - 4
#(0 0 0 0 0.1369863 0) - 4
#(0 0 0 0 0.15068494 0) - 4
#(0 0 0 0 0.15068494 0) - 4
#(0 0 0 0 0.1369863 0) - 4
#(0 0 0 0 0.15068494 0) - 4
#(0 0 0 0 0.15068494 0) - 4
#(0 0 0 0 0.10958904 0) - 4
#(0 0 0 0 0 0) - 0
#(0 0 0 0 0 0) - 0
#(0 0 0 0 0 0) - 0
#(0 0 0 0 0 0) - 0
#(0 0 0 0 0 0) - 0
#(0 0 0 0 0 0) - 0
#(0 0 0 0 0 0) - 0
#(0 0 0 0 0 0) - 0
#(0 0 0 0 0 0) - 0
#(0 0 0 0 0 0) - 0
#(0 0 0 0 0 0) - 0

Grupo 5
#(0 0 0 0 0 0) - 0
#(0 0 0 0 0 0) - 0
#(0 0 0 0 0 0) - 0
#(0 0 0 0 0 0) - 0
#(0 0 0 0 0 0) - 0
#(0 0 0 0 0 0) - 0
#(0 0 0 0 0 0) - 0
#(0 0 0 0 0 0) - 0
#(0 0 0 0 0 0) - 0
#(0 0 0 0 0 0) - 0
#(0 0 0 0 0 0) - 0
#(0 0 0 0 0 0) - 0
#(0 0 0 0 0 0) - 0
#(0 0 0 0 0 0) - 0
#(0 0 0 0 0 0) - 0
#(0 0 0 0 0 0) - 0
#(0 0 0 0 0 0) - 0
#(0 0 0 0 0 0) - 0
#(0 0 0 0 0 0) - 0
#(0 0 0 0 0 0) - 0
#(0 0 0 0 0 0) - 0
#(0 0 0 0 0 0) - 0
#(0 0 0 0 0 0) - 0
#(0 0 0 0 0 0) - 0
#(0 0 0 0 0 0) - 0
#(0 0 0 0 0 0.18) - 5
#(0 0 0 0 0 0.18) - 5
#(0 0 0 0 0 0.18) - 5
#(0 0 0 0 0 0) - 0
#(0 0 0 0 0 0) - 0
#(0 0 0 0 0 0) - 0
#(0 0 0 0 0 0) - 0
#(0 0 0 0 0 0) - 0
#(0 0 0 0 0 0.2) - 5
#(0 0 0 0 0 0) - 0
#(0 0 0 0 0 0) - 0
#(0 0 0 0 0 0) - 0
#(0 0 0 0 0 0.2) - 5
#(0 0 0 0 0 0) - 0
#(0 0 0 0 0 0) - 0
#(0 0 0 0 0 0) - 0
#(0 0 0 0 0 0) - 0
#(0 0 0 0 0 0) - 0
#(0 0 0 0 0 0) - 0
#(0 0 0 0 0 0) - 0
#(0 0 0 0 0 0) - 0
#(0 0 0 0 0 0) - 0
#(0 0 0 0 0 0) - 0
#(0 0 0 0 0 0) - 0
#(0 0 0 0 0 0) - 0
#(0 0 0 0 0 0) - 0
#(0 0 0 0 0 0) - 0
#(0 0 0 0 0 0) - 0
#(0 0 0 0 0 0) - 0
#(0 0 0 0 0 0) - 0
#(0 0 0 0 0 0.18) - 5
#(0 0 0 0 0 0) - 0
#(0 0 0 0 0 0) - 0
#(0 0 0 0 0 0) - 0
#(0 0 0 0 0 0) - 0
#(0 0 0 0 0 0) - 0
#(0 0 0 0 0 0) - 0
#(0 0 0 0 0 0.2) - 5
#(0 0 0 0 0 0) - 0
#(0 0 0 0 0 0) - 0
#(0 0 0 0 0 0) - 0
#(0 0 0 0 0 0.2) - 5
#(0 0 0 0 0 0.02) - 5
#(0 0 0 0 0 0) - 0
#(0 0 0 0 0 0) - 0
#(0 0 0 0 0 0) - 0
#(0 0 0 0 0 0) - 0
#(0 0 0 0 0 0) - 0
#(0 0 0 0 0 0.02) - 5
#(0 0 0 0 0 0.2) - 5
#(0 0 0 0 0 0.2) - 5
#(0 0 0 0 0 0) - 0
#(0 0 0 0 0 0) - 0
#(0 0 0 0 0 0.2) - 5
#(0 0 0 0 0 0.2) - 5
#(0 0 0 0 0 0.02) - 5
#(0 0 0 0 0 0) - 0
#(0 0 0 0 0 0) - 0
#(0 0 0 0 0 0.2) - 5
#(0 0 0 0 0 0.02) - 5
#(0 0 0 0 0 0) - 0
#(0 0 0 0 0 0) - 0
#(0 0 0 0 0 0.2) - 5
#(0 0 0 0 0 0) - 0
#(0 0 0 0 0 0) - 0
#(0 0 0 0 0 0) - 0
#(0 0 0 0 0 0.2) - 5
#(0 0 0 0 0 0.02) - 5
#(0 0 0 0 0 0) - 0
#(0 0 0 0 0 0) - 0
#(0 0 0 0 0 0) - 0
#(0 0 0 0 0 0) - 0
#(0 0 0 0 0 0) - 0
#(0 0 0 0 0 0.02) - 5
#(0 0 0 0 0 0.06) - 5
#(0 0 0 0 0 0) - 0
#(0 0 0 0 0 0) - 0
#(0 0 0 0 0 0) - 0
#(0 0 0 0 0 0) - 0
#(0 0 0 0 0 0) - 0
#(0 0 0 0 0 0.04) - 5
#(0 0 0 0 0 0) - 0
#(0 0 0 0 0 0.16) - 5
#(0 0 0 0 0 0.12) - 5
#(0 0 0 0 0 0.1) - 5
#(0 0 0 0 0 0.1) - 5
#(0 0 0 0 0 0.04) - 5
#(0 0 0 0 0 0) - 0
#(0 0 0 0 0 0.04) - 5
#(0 0 0 0 0 0) - 0
#(0 0 0 0 0 0.02) - 5
#(0 0 0 0 0 0.02) - 5
#(0 0 0 0 0 0) - 0
#(0 0 0 0 0 0) - 0
#(0 0 0 0 0 0) - 0
#(0 0 0 0 0 0) - 0
#(0 0 0 0 0 0) - 0
#(0 0 0 0 0 0) - 0
#(0 0 0 0 0 0) - 0
#(0 0 0 0 0 0) - 0
#(0 0 0 0 0 0.02) - 5
#(0 0 0 0 0 0.02) - 5
#(0 0 0 0 0 0) - 0
#(0 0 0 0 0 0.04) - 5
#(0 0 0 0 0 0) - 0
#(0 0 0 0 0 0) - 0
#(0 0 0 0 0 0) - 0
#(0 0 0 0 0 0.02) - 5
#(0 0 0 0 0 0.16) - 5
#(0 0 0 0 0 0.24) - 5
#(0 0 0 0 0 0) - 0
#(0 0 0 0 0 0) - 0
#(0 0 0 0 0 0.2) - 5
#(0 0 0 0 0 0.08) - 5
#(0 0 0 0 0 0.16) - 5
#(0 0 0 0 0 0) - 0
#(0 0 0 0 0 0) - 0
#(0 0 0 0 0 0.24) - 5
#(0 0 0 0 0 0) - 0
#(0 0 0 0 0 0.24) - 5
#(0 0 0 0 0 0.22) - 5
#(0 0 0 0 0 0) - 0
#(0 0 0 0 0 0.08) - 5
#(0 0 0 0 0 0.04) - 5
#(0 0 0 0 0 0) - 0
#(0 0 0 0 0 0.02) - 5
#(0 0 0 0 0 0.2) - 5
#(0 0 0 0 0 0) - 0
#(0 0 0 0 0 0.22) - 5
#(0 0 0 0 0 0.06) - 5
#(0 0 0 0 0 0) - 0
#(0 0 0 0 0 0.12) - 5
#(0 0 0 0 0 0) - 0
#(0 0 0 0 0 0) - 0
#(0 0 0 0 0 0.02) - 5
#(0 0 0 0 0 0) - 0
#(0 0 0 0 0 0.04) - 5
#(0 0 0 0 0 0) - 0
#(0 0 0 0 0 0) - 0
#(0 0 0 0 0 0) - 0
#(0 0 0 0 0 0) - 0
#(0 0 0 0 0 0) - 0
#(0 0 0 0 0 0) - 0
#(0 0 0 0 0 0) - 0
#(0 0 0 0 0 0.06) - 5
#(0 0 0 0 0 0.02) - 5
#(0 0 0 0 0 0.08) - 5
#(0 0 0 0 0 0.02) - 5
#(0 0 0 0 0 0.06) - 5
#(0 0 0 0 0 0.04) - 5
#(0 0 0 0 0 0.04) - 5
#(0 0 0 0 0 0.1) - 5
#(0 0 0 0 0 0.02) - 5
#(0 0 0 0 0 0.1) - 5
#(0 0 0 0 0 0.02) - 5
#(0 0 0 0 0 0.02) - 5
#(0 0 0 0 0 0.04) - 5
#(0 0 0 0 0 0.02) - 5
#(0 0 0 0 0 0.04) - 5
#(0 0 0 0 0 0) - 0
#(0 0 0 0 0 0.26) - 5
#(0 0 0 0 0 0.14) - 5
#(0 0 0 0 0 0.26) - 5
#(0 0 0 0 0 0) - 0
#(0 0 0 0 0 0.04) - 5
#(0 0 0 0 0 0) - 0
#(0 0 0 0 0 0) - 0
#(0 0 0 0 0 0.2) - 5
#(0 0 0 0 0 0.2) - 5
#(0 0 0 0 0 0.2) - 5
#(0 0 0 0 0 0) - 0
#(0 0 0 0 0 0) - 0
#(0 0 0 0 0 0) - 0
#(0 0 0 0 0 0) - 0
#(0 0 0 0 0 0) - 0
#(0 0 0 0 0 0) - 0
#(0 0 0 0 0 0.12) - 5
#(0 0 0 0 0 0) - 0
#(0 0 0 0 0 0.18) - 5
#(0 0 0 0 0 0.18) - 5
#(0 0 0 0 0 0.02) - 5
#(0 0 0 0 0 0.12) - 5
#(0 0 0 0 0 0.18) - 5
#(0 0 0 0 0 0.18) - 5
#(0 0 0 0 0 0.18) - 5
#(0 0 0 0 0 0) - 0
#(0 0 0 0 0 0) - 0
#(0 0 0 0 0 0) - 0
#(0 0 0 0 0 0.04) - 5
#(0 0 0 0 0 0.06) - 5
#(0 0 0 0 0 0) - 0
#(0 0 0 0 0 0.02) - 5
#(0 0 0 0 0 0) - 0
#(0 0 0 0 0 0) - 0
#(0 0 0 0 0 0) - 0
#(0 0 0 0 0 0) - 0
#(0 0 0 0 0 0.02) - 5
#(0 0 0 0 0 0.04) - 5
#(0 0 0 0 0 0.06) - 5
#(0 0 0 0 0 0) - 0
#(0 0 0 0 0 0.04) - 5
#(0 0 0 0 0 0) - 0
#(0 0 0 0 0 0.04) - 5
#(0 0 0 0 0 0.04) - 5
#(0 0 0 0 0 0.02) - 5
#(0 0 0 0 0 0) - 0
#(0 0 0 0 0 0.02) - 5
#(0 0 0 0 0 0.02) - 5
#(0 0 0 0 0 0.04) - 5
#(0 0 0 0 0 0.04) - 5
#(0 0 0 0 0 0) - 0
#(0 0 0 0 0 0) - 0
#(0 0 0 0 0 0) - 0
#(0 0 0 0 0 0) - 0
#(0 0 0 0 0 0) - 0
#(0 0 0 0 0 0) - 0
#(0 0 0 0 0 0) - 0
#(0 0 0 0 0 0) - 0
#(0 0 0 0 0 0) - 0
#(0 0 0 0 0 0) - 0
#(0 0 0 0 0 0) - 0
#(0 0 0 0 0 0) - 0
#(0 0 0 0 0 0) - 0
#(0 0 0 0 0 0) - 0
#(0 0 0 0 0 0) - 0
#(0 0 0 0 0 0) - 0
#(0 0 0 0 0 0.2) - 5
#(0 0 0 0 0 0) - 0
#(0 0 0 0 0 0) - 0
#(0 0 0 0 0 0) - 0
#(0 0 0 0 0 0) - 0
#(0 0 0 0 0 0) - 0
#(0 0 0 0 0 0) - 0
#(0 0 0 0 0 0) - 0
#(0 0 0 0 0 0.18) - 5
#(0 0 0 0 0 0.18) - 5
#(0 0 0 0 0 0) - 0
#(0 0 0 0 0 0) - 0
#(0 0 0 0 0 0) - 0
#(0 0 0 0 0 0.02) - 5
#(0 0 0 0 0 0) - 0
#(0 0 0 0 0 0.1) - 5
#(0 0 0 0 0 0) - 0
#(0 0 0 0 0 0.04) - 5
#(0 0 0 0 0 0.02) - 5
#(0 0 0 0 0 0.02) - 5
#(0 0 0 0 0 0) - 0
#(0 0 0 0 0 0.08) - 5
#(0 0 0 0 0 0.02) - 5
#(0 0 0 0 0 0.08) - 5
#(0 0 0 0 0 0.02) - 5
#(0 0 0 0 0 0) - 0
#(0 0 0 0 0 0) - 0
#(0 0 0 0 0 0) - 0
#(0 0 0 0 0 0.06) - 5
#(0 0 0 0 0 0.08) - 5
#(0 0 0 0 0 0.04) - 5
#(0 0 0 0 0 0.02) - 5
#(0 0 0 0 0 0.08) - 5
#(0 0 0 0 0 0) - 0
#(0 0 0 0 0 0) - 0
#(0 0 0 0 0 0.06) - 5
#(0 0 0 0 0 0) - 0
#(0 0 0 0 0 0) - 0
#(0 0 0 0 0 0.04) - 5
#(0 0 0 0 0 0.04) - 5
#(0 0 0 0 0 0.08) - 5
#(0 0 0 0 0 0.04) - 5
#(0 0 0 0 0 0) - 0
#(0 0 0 0 0 0) - 0
#(0 0 0 0 0 0.04) - 5
#(0 0 0 0 0 0.02) - 5
#(0 0 0 0 0 0) - 0
#(0 0 0 0 0 0.04) - 5
#(0 0 0 0 0 0.14) - 5
#(0 0 0 0 0 0.04) - 5
#(0 0 0 0 0 0.02) - 5
#(0 0 0 0 0 0) - 0
#(0 0 0 0 0 0) - 0
#(0 0 0 0 0 0) - 0
#(0 0 0 0 0 0) - 0
#(0 0 0 0 0 0) - 0
#(0 0 0 0 0 0) - 0
#(0 0 0 0 0 0.36) - 5
#(0 0 0 0 0 0.16) - 5
#(0 0 0 0 0 0.18) - 5
#(0 0 0 0 0 0.34) - 5
#(0 0 0 0 0 0.04) - 5
#(0 0 0 0 0 0.04) - 5
#(0 0 0 0 0 0.16) - 5
#(0 0 0 0 0 0) - 0
#(0 0 0 0 0 0.08) - 5
#(0 0 0 0 0 0.16) - 5
#(0 0 0 0 0 0.16) - 5
#(0 0 0 0 0 0.16) - 5
#(0 0 0 0 0 0) - 0
#(0 0 0 0 0 0) - 0
#(0 0 0 0 0 0.08) - 5
#(0 0 0 0 0 0.08) - 5
#(0 0 0 0 0 0.08) - 5
#(0 0 0 0 0 0.02) - 5
#(0 0 0 0 0 0) - 0
#(0 0 0 0 0 0) - 0
#(0 0 0 0 0 0.04) - 5
#(0 0 0 0 0 0) - 0
#(0 0 0 0 0 0.08) - 5
#(0 0 0 0 0 0.08) - 5
#(0 0 0 0 0 0) - 0
#(0 0 0 0 0 0) - 0
#(0 0 0 0 0 0.22) - 5
#(0 0 0 0 0 0.02) - 5
#(0 0 0 0 0 0.26) - 5
#(0 0 0 0 0 0) - 0
#(0 0 0 0 0 0.12) - 5
#(0 0 0 0 0 0) - 0
#(0 0 0 0 0 0) - 0
#(0 0 0 0 0 0) - 0
#(0 0 0 0 0 0) - 0
#(0 0 0 0 0 0.22) - 5
#(0 0 0 0 0 0) - 0
#(0 0 0 0 0 0.06) - 5
#(0 0 0 0 0 0) - 0
#(0 0 0 0 0 0.08) - 5
#(0 0 0 0 0 0.06) - 5
#(0 0 0 0 0 0.04) - 5
#(0 0 0 0 0 0) - 0
#(0 0 0 0 0 0) - 0
#(0 0 0 0 0 0.06) - 5
#(0 0 0 0 0 0.26) - 5
#(0 0 0 0 0 0) - 0
#(0 0 0 0 0 0.1) - 5
#(0 0 0 0 0 0.06) - 5
#(0 0 0 0 0 0.14) - 5
#(0 0 0 0 0 0.12) - 5
#(0 0 0 0 0 0.18) - 5
#(0 0 0 0 0 0.12) - 5
#(0 0 0 0 0 0.26) - 5
#(0 0 0 0 0 0.14) - 5
#(0 0 0 0 0 0.1) - 5
#(0 0 0 0 0 0.32) - 5
#(0 0 0 0 0 0.04) - 5
#(0 0 0 0 0 0.12) - 5
#(0 0 0 0 0 0.1) - 5
#(0 0 0 0 0 0) - 0
#(0 0 0 0 0 0) - 0
#(0 0 0 0 0 0.04) - 5
#(0 0 0 0 0 0.04) - 5
#(0 0 0 0 0 0) - 0
#(0 0 0 0 0 0) - 0
#(0 0 0 0 0 0) - 0
#(0 0 0 0 0 0.16) - 5
#(0 0 0 0 0 0) - 0
#(0 0 0 0 0 0) - 0
#(0 0 0 0 0 0) - 0
#(0 0 0 0 0 0.18) - 5
#(0 0 0 0 0 0.18) - 5
#(0 0 0 0 0 0) - 0
#(0 0 0 0 0 0) - 0
#(0 0 0 0 0 0) - 0
#(0 0 0 0 0 0.02) - 5
#(0 0 0 0 0 0) - 0
#(0 0 0 0 0 0) - 0
#(0 0 0 0 0 0) - 0
#(0 0 0 0 0 0.02) - 5
#(0 0 0 0 0 0.02) - 5
#(0 0 0 0 0 0) - 0
#(0 0 0 0 0 0) - 0
#(0 0 0 0 0 0) - 0
#(0 0 0 0 0 0) - 0
#(0 0 0 0 0 0) - 0
#(0 0 0 0 0 0) - 0
#(0 0 0 0 0 0.02) - 5
#(0 0 0 0 0 0.02) - 5
#(0 0 0 0 0 0) - 0
#(0 0 0 0 0 0) - 0
#(0 0 0 0 0 0.02) - 5
#(0 0 0 0 0 0.02) - 5
#(0 0 0 0 0 0) - 0
#(0 0 0 0 0 0.18) - 5
#(0 0 0 0 0 0) - 0
#(0 0 0 0 0 0) - 0
#(0 0 0 0 0 0) - 0
#(0 0 0 0 0 0) - 0
#(0 0 0 0 0 0) - 0
#(0 0 0 0 0 0) - 0
#(0 0 0 0 0 0) - 0
#(0 0 0 0 0 0) - 0
#(0 0 0 0 0 0) - 0
#(0 0 0 0 0 0) - 0
#(0 0 0 0 0 0) - 0
#(0 0 0 0 0 0) - 0
#(0 0 0 0 0 0) - 0
#(0 0 0 0 0 0) - 0
#(0 0 0 0 0 0) - 0
#(0 0 0 0 0 0) - 0
#(0 0 0 0 0 0) - 0
#(0 0 0 0 0 0.08) - 5
#(0 0 0 0 0 0.02) - 5
#(0 0 0 0 0 0) - 0
#(0 0 0 0 0 0) - 0
#(0 0 0 0 0 0.12) - 5
#(0 0 0 0 0 0.02) - 5
#(0 0 0 0 0 0.02) - 5
#(0 0 0 0 0 0.02) - 5
#(0 0 0 0 0 0.02) - 5
#(0 0 0 0 0 0) - 0
#(0 0 0 0 0 0) - 0
#(0 0 0 0 0 0) - 0
#(0 0 0 0 0 0.04) - 5
#(0 0 0 0 0 0) - 0
#(0 0 0 0 0 0) - 0
#(0 0 0 0 0 0.02) - 5
#(0 0 0 0 0 0) - 0
#(0 0 0 0 0 0) - 0
#(0 0 0 0 0 0) - 0
#(0 0 0 0 0 0.12) - 5
#(0 0 0 0 0 0.16) - 5
#(0 0 0 0 0 0.28) - 5
#(0 0 0 0 0 0.22) - 5
#(0 0 0 0 0 0.16) - 5
#(0 0 0 0 0 0.18) - 5
#(0 0 0 0 0 0.18) - 5
#(0 0 0 0 0 0.12) - 5
#(0 0 0 0 0 0.14) - 5
#(0 0 0 0 0 0.28) - 5
#(0 0 0 0 0 0.26) - 5
#(0 0 0 0 0 0.22) - 5
#(0 0 0 0 0 0.06) - 5
#(0 0 0 0 0 0) - 0
#(0 0 0 0 0 0) - 0
#(0 0 0 0 0 0) - 0
#(0 0 0 0 0 0.08) - 5
#(0 0 0 0 0 0.18) - 5
#(0 0 0 0 0 0.18) - 5
#(0 0 0 0 0 0.16) - 5
#(0 0 0 0 0 0.14) - 5
#(0 0 0 0 0 0.12) - 5
#(0 0 0 0 0 0) - 0
#(0 0 0 0 0 0) - 0
#(0 0 0 0 0 0) - 0
#(0 0 0 0 0 0.02) - 5
#(0 0 0 0 0 0.02) - 5
#(0 0 0 0 0 0) - 0
#(0 0 0 0 0 0.12) - 5
#(0 0 0 0 0 0.04) - 5
#(0 0 0 0 0 0) - 0
#(0 0 0 0 0 0) - 0
#(0 0 0 0 0 0) - 0
#(0 0 0 0 0 0) - 0
#(0 0 0 0 0 0.02) - 5
#(0 0 0 0 0 0.02) - 5
#(0 0 0 0 0 0.14) - 5
#(0 0 0 0 0 0.02) - 5
#(0 0 0 0 0 0.18) - 5
#(0 0 0 0 0 0.02) - 5
#(0 0 0 0 0 0.04) - 5
#(0 0 0 0 0 0.08) - 5
#(0 0 0 0 0 0.04) - 5
#(0 0 0 0 0 0.04) - 5
#(0 0 0 0 0 0.04) - 5
#(0 0 0 0 0 0) - 0
#(0 0 0 0 0 0) - 0
#(0 0 0 0 0 0) - 0
#(0 0 0 0 0 0.02) - 5
#(0 0 0 0 0 0) - 0
#(0 0 0 0 0 0) - 0
#(0 0 0 0 0 0.18) - 5
#(0 0 0 0 0 0) - 0
#(0 0 0 0 0 0.18) - 5
#(0 0 0 0 0 0.18) - 5
#(0 0 0 0 0 0) - 0
#(0 0 0 0 0 0.18) - 5
#(0 0 0 0 0 0.12) - 5
#(0 0 0 0 0 0.12) - 5
#(0 0 0 0 0 0) - 0
#(0 0 0 0 0 0.2) - 5
#(0 0 0 0 0 0.02) - 5
#(0 0 0 0 0 0) - 0
#(0 0 0 0 0 0) - 0
#(0 0 0 0 0 0) - 0
#(0 0 0 0 0 0) - 0
#(0 0 0 0 0 0) - 0
#(0 0 0 0 0 0) - 0
#(0 0 0 0 0 0.02) - 5
#(0 0 0 0 0 0) - 0
#(0 0 0 0 0 0.12) - 5
#(0 0 0 0 0 0) - 0
#(0 0 0 0 0 0) - 0
#(0 0 0 0 0 0) - 0
#(0 0 0 0 0 0) - 0
#(0 0 0 0 0 0) - 0
#(0 0 0 0 0 0) - 0
#(0 0 0 0 0 0) - 0
#(0 0 0 0 0 0) - 0
#(0 0 0 0 0 0) - 0
#(0 0 0 0 0 0) - 0
#(0 0 0 0 0 0) - 0
#(0 0 0 0 0 0) - 0
#(0 0 0 0 0 0) - 0
#(0 0 0 0 0 0) - 0
#(0 0 0 0 0 0) - 0
#(0 0 0 0 0 0) - 0
#(0 0 0 0 0 0) - 0
#(0 0 0 0 0 0) - 0
#(0 0 0 0 0 0) - 0
#(0 0 0 0 0 0) - 0
#(0 0 0 0 0 0) - 0
#(0 0 0 0 0 0) - 0
#(0 0 0 0 0 0) - 0
#(0 0 0 0 0 0) - 0
#(0 0 0 0 0 0) - 0
#(0 0 0 0 0 0.14) - 5
#(0 0 0 0 0 0.08) - 5
#(0 0 0 0 0 0.1) - 5
#(0 0 0 0 0 0.06) - 5
#(0 0 0 0 0 0.14) - 5
#(0 0 0 0 0 0.26) - 5
#(0 0 0 0 0 0.22) - 5
#(0 0 0 0 0 0.16) - 5
#(0 0 0 0 0 0.16) - 5
#(0 0 0 0 0 0.18) - 5
#(0 0 0 0 0 0.04) - 5
#(0 0 0 0 0 0.26) - 5
#(0 0 0 0 0 0.12) - 5
#(0 0 0 0 0 0) - 0
#(0 0 0 0 0 0.08) - 5
#(0 0 0 0 0 0.16) - 5
#(0 0 0 0 0 0) - 0
#(0 0 0 0 0 0.28) - 5
#(0 0 0 0 0 0.3) - 5
#(0 0 0 0 0 0.2) - 5
#(0 0 0 0 0 0.34) - 5
#(0 0 0 0 0 0.14) - 5
#(0 0 0 0 0 0) - 0
#(0 0 0 0 0 0.08) - 5
#(0 0 0 0 0 0.02) - 5
#(0 0 0 0 0 0) - 0
#(0 0 0 0 0 0.02) - 5
#(0 0 0 0 0 0) - 0
#(0 0 0 0 0 0.04) - 5
#(0 0 0 0 0 0.06) - 5
#(0 0 0 0 0 0.04) - 5
#(0 0 0 0 0 0.04) - 5
#(0 0 0 0 0 0.08) - 5
#(0 0 0 0 0 0.04) - 5
#(0 0 0 0 0 0.04) - 5
#(0 0 0 0 0 0) - 0
#(0 0 0 0 0 0) - 0
#(0 0 0 0 0 0) - 0
#(0 0 0 0 0 0) - 0
#(0 0 0 0 0 0) - 0
#(0 0 0 0 0 0) - 0
#(0 0 0 0 0 0.02) - 5
#(0 0 0 0 0 0) - 0
#(0 0 0 0 0 0.02) - 5
#(0 0 0 0 0 0) - 0
#(0 0 0 0 0 0.08) - 5
#(0 0 0 0 0 0.02) - 5
#(0 0 0 0 0 0) - 0
#(0 0 0 0 0 0) - 0
#(0 0 0 0 0 0) - 0
#(0 0 0 0 0 0) - 0
#(0 0 0 0 0 0.32) - 5
#(0 0 0 0 0 0) - 0
#(0 0 0 0 0 0.32) - 5
#(0 0 0 0 0 0) - 0
#(0 0 0 0 0 0.12) - 5
#(0 0 0 0 0 0.04) - 5
#(0 0 0 0 0 0.18) - 5
#(0 0 0 0 0 0) - 0
#(0 0 0 0 0 0) - 0
#(0 0 0 0 0 0.26) - 5
#(0 0 0 0 0 0) - 0
#(0 0 0 0 0 0.1) - 5
#(0 0 0 0 0 0.24) - 5
#(0 0 0 0 0 0.26) - 5
#(0 0 0 0 0 0.2) - 5
#(0 0 0 0 0 0.3) - 5
#(0 0 0 0 0 0) - 0
#(0 0 0 0 0 0.02) - 5
#(0 0 0 0 0 0) - 0
#(0 0 0 0 0 0) - 0
#(0 0 0 0 0 0.04) - 5
#(0 0 0 0 0 0) - 0
#(0 0 0 0 0 0) - 0
#(0 0 0 0 0 0) - 0
#(0 0 0 0 0 0) - 0
#(0 0 0 0 0 0) - 0
#(0 0 0 0 0 0.04) - 5
#(0 0 0 0 0 0) - 0
#(0 0 0 0 0 0.08) - 5
#(0 0 0 0 0 0) - 0
#(0 0 0 0 0 0.04) - 5
#(0 0 0 0 0 0) - 0
#(0 0 0 0 0 0) - 0
#(0 0 0 0 0 0) - 0
#(0 0 0 0 0 0) - 0
#(0 0 0 0 0 0) - 0
#(0 0 0 0 0 0) - 0
#(0 0 0 0 0 0.04) - 5
#(0 0 0 0 0 0.04) - 5
#(0 0 0 0 0 0.12) - 5
#(0 0 0 0 0 0) - 0
#(0 0 0 0 0 0.08) - 5
#(0 0 0 0 0 0.16) - 5
#(0 0 0 0 0 0.02) - 5
#(0 0 0 0 0 0) - 0
#(0 0 0 0 0 0) - 0
#(0 0 0 0 0 0.26) - 5
#(0 0 0 0 0 0) - 0
#(0 0 0 0 0 0.04) - 5
#(0 0 0 0 0 0) - 0
#(0 0 0 0 0 0.04) - 5
#(0 0 0 0 0 0.18) - 5
#(0 0 0 0 0 0.22) - 5
#(0 0 0 0 0 0) - 0
#(0 0 0 0 0 0) - 0
#(0 0 0 0 0 0) - 0
#(0 0 0 0 0 0) - 0
#(0 0 0 0 0 0) - 0
#(0 0 0 0 0 0) - 0
#(0 0 0 0 0 0) - 0
#(0 0 0 0 0 0.26) - 5
#(0 0 0 0 0 0) - 0
#(0 0 0 0 0 0.04) - 5
#(0 0 0 0 0 0) - 0
#(0 0 0 0 0 0) - 0
#(0 0 0 0 0 0) - 0
#(0 0 0 0 0 0.06) - 5
#(0 0 0 0 0 0) - 0
#(0 0 0 0 0 0.04) - 5
#(0 0 0 0 0 0.02) - 5
#(0 0 0 0 0 0) - 0
#(0 0 0 0 0 0) - 0
#(0 0 0 0 0 0) - 0
#(0 0 0 0 0 0) - 0
#(0 0 0 0 0 0) - 0
#(0 0 0 0 0 0) - 0
#(0 0 0 0 0 0.04) - 5
#(0 0 0 0 0 0.02) - 5
#(0 0 0 0 0 0) - 0
#(0 0 0 0 0 0) - 0
#(0 0 0 0 0 0.04) - 5
#(0 0 0 0 0 0) - 0
#(0 0 0 0 0 0) - 0
#(0 0 0 0 0 0.04) - 5
#(0 0 0 0 0 0) - 0
#(0 0 0 0 0 0.04) - 5
#(0 0 0 0 0 0) - 0
#(0 0 0 0 0 0) - 0
#(0 0 0 0 0 0) - 0
#(0 0 0 0 0 0.04) - 5
#(0 0 0 0 0 0.04) - 5
#(0 0 0 0 0 0) - 0
#(0 0 0 0 0 0) - 0
#(0 0 0 0 0 0.04) - 5
#(0 0 0 0 0 0.04) - 5
#(0 0 0 0 0 0.04) - 5
#(0 0 0 0 0 0.06) - 5
#(0 0 0 0 0 0.22) - 5
#(0 0 0 0 0 0.04) - 5
#(0 0 0 0 0 0) - 0
#(0 0 0 0 0 0.04) - 5
#(0 0 0 0 0 0) - 0
#(0 0 0 0 0 0.26) - 5
#(0 0 0 0 0 0.2) - 5
#(0 0 0 0 0 0.26) - 5
#(0 0 0 0 0 0.08) - 5
#(0 0 0 0 0 0.18) - 5
#(0 0 0 0 0 0.1) - 5
#(0 0 0 0 0 0.18) - 5
#(0 0 0 0 0 0.12) - 5
#(0 0 0 0 0 0.08) - 5
#(0 0 0 0 0 0) - 0
#(0 0 0 0 0 0) - 0
#(0 0 0 0 0 0.02) - 5
#(0 0 0 0 0 0) - 0
#(0 0 0 0 0 0.14) - 5
#(0 0 0 0 0 0.16) - 5
#(0 0 0 0 0 0.22) - 5
#(0 0 0 0 0 0.12) - 5
#(0 0 0 0 0 0) - 0
#(0 0 0 0 0 0.12) - 5
#(0 0 0 0 0 0.22) - 5
#(0 0 0 0 0 0.06) - 5
#(0 0 0 0 0 0.22) - 5
#(0 0 0 0 0 0.04) - 5
#(0 0 0 0 0 0.08) - 5
#(0 0 0 0 0 0) - 0
#(0 0 0 0 0 0.08) - 5
#(0 0 0 0 0 0.04) - 5
#(0 0 0 0 0 0.04) - 5
#(0 0 0 0 0 0.06) - 5
#(0 0 0 0 0 0.04) - 5
#(0 0 0 0 0 0.08) - 5
#(0 0 0 0 0 0) - 0
#(0 0 0 0 0 0) - 0
#(0 0 0 0 0 0) - 0
#(0 0 0 0 0 0.04) - 5
#(0 0 0 0 0 0) - 0
#(0 0 0 0 0 0) - 0
#(0 0 0 0 0 0.02) - 5
#(0 0 0 0 0 0.04) - 5
#(0 0 0 0 0 0) - 0
#(0 0 0 0 0 0.04) - 5
#(0 0 0 0 0 0.08) - 5
#(0 0 0 0 0 0.04) - 5
#(0 0 0 0 0 0.1) - 5
#(0 0 0 0 0 0.02) - 5
#(0 0 0 0 0 0) - 0
#(0 0 0 0 0 0) - 0
#(0 0 0 0 0 0.22) - 5
#(0 0 0 0 0 0) - 0
#(0 0 0 0 0 0) - 0
#(0 0 0 0 0 0) - 0
#(0 0 0 0 0 0) - 0
#(0 0 0 0 0 0.04) - 5
#(0 0 0 0 0 0.04) - 5
#(0 0 0 0 0 0) - 0
#(0 0 0 0 0 0) - 0
#(0 0 0 0 0 0) - 0
#(0 0 0 0 0 0) - 0
#(0 0 0 0 0 0) - 0
#(0 0 0 0 0 0) - 0
#(0 0 0 0 0 0) - 0
#(0 0 0 0 0 0) - 0
#(0 0 0 0 0 0) - 0
#(0 0 0 0 0 0) - 0
#(0 0 0 0 0 0) - 0
#(0 0 0 0 0 0) - 0
#(0 0 0 0 0 0) - 0
#(0 0 0 0 0 0) - 0
#(0 0 0 0 0 0) - 0
#(0 0 0 0 0 0) - 0
#(0 0 0 0 0 0) - 0
#(0 0 0 0 0 0) - 0
#(0 0 0 0 0 0) - 0
#(0 0 0 0 0 0) - 0
#(0 0 0 0 0 0) - 0
#(0 0 0 0 0 0) - 0
#(0 0 0 0 0 0) - 0
#(0 0 0 0 0 0) - 0
#(0 0 0 0 0 0) - 0
#(0 0 0 0 0 0) - 0
#(0 0 0 0 0 0) - 0
#(0 0 0 0 0 0) - 0
#(0 0 0 0 0 0) - 0
#(0 0 0 0 0 0.02) - 5
#(0 0 0 0 0 0) - 0
#(0 0 0 0 0 0.04) - 5
#(0 0 0 0 0 0.02) - 5
#(0 0 0 0 0 0.04) - 5
#(0 0 0 0 0 0) - 0
#(0 0 0 0 0 0) - 0
#(0 0 0 0 0 0) - 0
#(0 0 0 0 0 0) - 0
#(0 0 0 0 0 0) - 0
#(0 0 0 0 0 0.04) - 5
#(0 0 0 0 0 0.04) - 5
#(0 0 0 0 0 0.06) - 5
#(0 0 0 0 0 0) - 0
#(0 0 0 0 0 0.04) - 5
#(0 0 0 0 0 0.04) - 5
#(0 0 0 0 0 0.04) - 5
#(0 0 0 0 0 0.02) - 5
#(0 0 0 0 0 0) - 0
#(0 0 0 0 0 0.08) - 5
#(0 0 0 0 0 0.04) - 5
#(0 0 0 0 0 0) - 0
#(0 0 0 0 0 0.06) - 5
#(0 0 0 0 0 0) - 0
#(0 0 0 0 0 0.02) - 5
#(0 0 0 0 0 0) - 0
#(0 0 0 0 0 0) - 0
#(0 0 0 0 0 0) - 0
#(0 0 0 0 0 0) - 0
#(0 0 0 0 0 0.04) - 5
#(0 0 0 0 0 0.02) - 5
#(0 0 0 0 0 0.12) - 5
#(0 0 0 0 0 0.08) - 5
#(0 0 0 0 0 0.22) - 5
#(0 0 0 0 0 0.16) - 5
#(0 0 0 0 0 0.2) - 5
#(0 0 0 0 0 0.3) - 5
#(0 0 0 0 0 0) - 0
#(0 0 0 0 0 0.3) - 5
#(0 0 0 0 0 0.04) - 5
#(0 0 0 0 0 0) - 0
#(0 0 0 0 0 0) - 0
#(0 0 0 0 0 0) - 0
#(0 0 0 0 0 0) - 0
#(0 0 0 0 0 0) - 0
#(0 0 0 0 0 0.04) - 5
#(0 0 0 0 0 0.04) - 5
#(0 0 0 0 0 0) - 0
#(0 0 0 0 0 0) - 0
#(0 0 0 0 0 0) - 0
#(0 0 0 0 0 0) - 0
#(0 0 0 0 0 0) - 0
#(0 0 0 0 0 0) - 0
#(0 0 0 0 0 0) - 0
#(0 0 0 0 0 0) - 0
#(0 0 0 0 0 0.02) - 5
#(0 0 0 0 0 0.02) - 5
#(0 0 0 0 0 0.02) - 5
#(0 0 0 0 0 0.02) - 5
#(0 0 0 0 0 0.08) - 5
#(0 0 0 0 0 0.08) - 5
#(0 0 0 0 0 0.06) - 5
#(0 0 0 0 0 0.04) - 5
#(0 0 0 0 0 0.04) - 5
#(0 0 0 0 0 0.04) - 5
#(0 0 0 0 0 0.06) - 5
#(0 0 0 0 0 0.02) - 5
#(0 0 0 0 0 0) - 0
#(0 0 0 0 0 0) - 0
#(0 0 0 0 0 0.08) - 5
#(0 0 0 0 0 0.08) - 5
#(0 0 0 0 0 0.02) - 5
#(0 0 0 0 0 0.02) - 5
#(0 0 0 0 0 0.04) - 5
#(0 0 0 0 0 0.06) - 5
#(0 0 0 0 0 0.02) - 5
#(0 0 0 0 0 0.02) - 5
#(0 0 0 0 0 0.18) - 5
#(0 0 0 0 0 0.22) - 5
#(0 0 0 0 0 0.02) - 5
#(0 0 0 0 0 0.16) - 5
#(0 0 0 0 0 0) - 0
#(0 0 0 0 0 0.02) - 5
#(0 0 0 0 0 0) - 0
#(0 0 0 0 0 0.04) - 5
#(0 0 0 0 0 0) - 0
#(0 0 0 0 0 0) - 0
#(0 0 0 0 0 0) - 0
#(0 0 0 0 0 0) - 0
#(0 0 0 0 0 0.02) - 5
#(0 0 0 0 0 0) - 0
#(0 0 0 0 0 0) - 0
#(0 0 0 0 0 0.04) - 5
#(0 0 0 0 0 0.04) - 5
#(0 0 0 0 0 0.02) - 5
#(0 0 0 0 0 0) - 0
#(0 0 0 0 0 0) - 0
#(0 0 0 0 0 0) - 0
#(0 0 0 0 0 0) - 0
#(0 0 0 0 0 0) - 0
#(0 0 0 0 0 0) - 0
#(0 0 0 0 0 0) - 0
#(0 0 0 0 0 0.02) - 5
#(0 0 0 0 0 0) - 0
#(0 0 0 0 0 0) - 0
#(0 0 0 0 0 0) - 0
#(0 0 0 0 0 0) - 0
#(0 0 0 0 0 0) - 0
#(0 0 0 0 0 0) - 0
#(0 0 0 0 0 0) - 0
#(0 0 0 0 0 0.12) - 5
#(0 0 0 0 0 0.02) - 5
#(0 0 0 0 0 0.22) - 5
#(0 0 0 0 0 0.22) - 5
#(0 0 0 0 0 0) - 0
#(0 0 0 0 0 0.04) - 5
#(0 0 0 0 0 0) - 0
#(0 0 0 0 0 0) - 0
#(0 0 0 0 0 0.02) - 5
#(0 0 0 0 0 0) - 0
#(0 0 0 0 0 0.08) - 5
#(0 0 0 0 0 0.12) - 5
#(0 0 0 0 0 0.16) - 5
#(0 0 0 0 0 0.1) - 5
#(0 0 0 0 0 0.26) - 5
#(0 0 0 0 0 0.18) - 5
#(0 0 0 0 0 0.34) - 5
#(0 0 0 0 0 0) - 0
#(0 0 0 0 0 0.06) - 5
#(0 0 0 0 0 0) - 0
#(0 0 0 0 0 0.3) - 5
#(0 0 0 0 0 0.12) - 5
#(0 0 0 0 0 0.08) - 5
#(0 0 0 0 0 0.12) - 5
#(0 0 0 0 0 0.26) - 5
#(0 0 0 0 0 0.22) - 5
#(0 0 0 0 0 0.02) - 5
#(0 0 0 0 0 0.08) - 5
#(0 0 0 0 0 0.12) - 5
#(0 0 0 0 0 0.3) - 5
#(0 0 0 0 0 0.12) - 5
#(0 0 0 0 0 0) - 0
#(0 0 0 0 0 0) - 0
#(0 0 0 0 0 0) - 0
#(0 0 0 0 0 0.08) - 5
#(0 0 0 0 0 0) - 0
#(0 0 0 0 0 0.08) - 5
#(0 0 0 0 0 0) - 0
#(0 0 0 0 0 0) - 0
#(0 0 0 0 0 0.12) - 5
#(0 0 0 0 0 0) - 0
#(0 0 0 0 0 0.08) - 5
#(0 0 0 0 0 0) - 0
#(0 0 0 0 0 0) - 0
#(0 0 0 0 0 0.16) - 5
#(0 0 0 0 0 0) - 0
#(0 0 0 0 0 0.16) - 5
#(0 0 0 0 0 0) - 0
#(0 0 0 0 0 0.14) - 5
#(0 0 0 0 0 0.12) - 5
#(0 0 0 0 0 0.14) - 5
#(0 0 0 0 0 0.12) - 5
#(0 0 0 0 0 0.04) - 5
#(0 0 0 0 0 0.16) - 5
#(0 0 0 0 0 0) - 0
#(0 0 0 0 0 0.16) - 5
#(0 0 0 0 0 0.04) - 5
#(0 0 0 0 0 0.12) - 5
#(0 0 0 0 0 0.12) - 5
#(0 0 0 0 0 0.12) - 5
#(0 0 0 0 0 0.02) - 5
#(0 0 0 0 0 0.04) - 5
#(0 0 0 0 0 0) - 0
#(0 0 0 0 0 0.02) - 5
#(0 0 0 0 0 0.1) - 5
#(0 0 0 0 0 0) - 0
#(0 0 0 0 0 0.02) - 5
#(0 0 0 0 0 0) - 0
#(0 0 0 0 0 0.02) - 5
#(0 0 0 0 0 0) - 0
#(0 0 0 0 0 0) - 0
#(0 0 0 0 0 0) - 0
#(0 0 0 0 0 0) - 0
#(0 0 0 0 0 0) - 0
#(0 0 0 0 0 0.04) - 5
#(0 0 0 0 0 0.1) - 5
#(0 0 0 0 0 0.02) - 5
#(0 0 0 0 0 0.02) - 5
#(0 0 0 0 0 0.02) - 5
#(0 0 0 0 0 0.08) - 5
#(0 0 0 0 0 0.08) - 5
#(0 0 0 0 0 0.08) - 5
#(0 0 0 0 0 0.04) - 5
#(0 0 0 0 0 0) - 0
#(0 0 0 0 0 0.02) - 5
#(0 0 0 0 0 0) - 0
#(0 0 0 0 0 0.02) - 5
#(0 0 0 0 0 0) - 0
#(0 0 0 0 0 0) - 0
#(0 0 0 0 0 0) - 0
#(0 0 0 0 0 0) - 0
#(0 0 0 0 0 0) - 0
#(0 0 0 0 0 0) - 0
#(0 0 0 0 0 0.02) - 5
#(0 0 0 0 0 0.04) - 5
#(0 0 0 0 0 0) - 0
#(0 0 0 0 0 0) - 0
#(0 0 0 0 0 0) - 0
#(0 0 0 0 0 0) - 0
#(0 0 0 0 0 0) - 0
#(0 0 0 0 0 0) - 0
#(0 0 0 0 0 0) - 0
#(0 0 0 0 0 0.02) - 5
#(0 0 0 0 0 0) - 0
#(0 0 0 0 0 0) - 0
#(0 0 0 0 0 0.18) - 5
#(0 0 0 0 0 0.18) - 5
#(0 0 0 0 0 0.14) - 5
#(0 0 0 0 0 0.12) - 5
#(0 0 0 0 0 0.22) - 5
#(0 0 0 0 0 0.1) - 5
#(0 0 0 0 0 0.18) - 5
#(0 0 0 0 0 0.3) - 5
#(0 0 0 0 0 0.06) - 5
#(0 0 0 0 0 0.14) - 5
#(0 0 0 0 0 0.16) - 5
#(0 0 0 0 0 0.16) - 5
#(0 0 0 0 0 0.12) - 5
#(0 0 0 0 0 0.08) - 5
#(0 0 0 0 0 0) - 0
#(0 0 0 0 0 0) - 0
#(0 0 0 0 0 0.14) - 5
#(0 0 0 0 0 0) - 0
#(0 0 0 0 0 0) - 0
#(0 0 0 0 0 0) - 0
#(0 0 0 0 0 0) - 0
#(0 0 0 0 0 0.12) - 5
#(0 0 0 0 0 0.12) - 5
#(0 0 0 0 0 0) - 0
