
Grupo 0
#(0 0 0 0 0 0) - 0
#(0 0 0 0 0 0) - 0
#(0 0 0 0 0 0) - 0
#(0 0 0 0 0 0) - 0
#(0 0 0 0 0 0) - 0
#(0 0 0 0 0 0) - 0
#(0 0 0 0 0 0) - 0
#(0 0 0 0 0 0) - 0
#(0 0 0 0 0 0) - 0
#(0 0 0 0 0 0) - 0
#(0 0 0 0 0 0) - 0
#(0 0 0 0 0 0) - 0
#(0 0 0 0 0 0) - 0
#(0.10769231 0 0 0 0 0) - 0
#(0.11282051 0 0 0 0 0) - 0
#(0.092307694 0 0 0 0 0) - 0
#(0.07692308 0 0 0 0 0) - 0
#(0.102564104 0 0 0 0 0) - 0
#(0.10769231 0 0 0 0 0) - 0
#(0.07692308 0 0 0 0 0) - 0
#(0.12307692 0 0 0 0 0) - 0
#(0.10769231 0 0 0 0 0) - 0
#(0.15384616 0 0 0 0 0) - 0
#(0.10769231 0 0 0 0 0) - 0
#(0.15897436 0 0 0 0 0) - 0
#(0.15384616 0 0 0 0 0) - 0
#(0.14871795 0 0 0 0 0) - 0
#(0.082051285 0 0 0 0 0) - 0
#(0.11282051 0 0 0 0 0) - 0
#(0.13333334 0 0 0 0 0) - 0
#(0.12820514 0 0 0 0 0) - 0
#(0.0974359 0 0 0 0 0) - 0
#(0.11282051 0 0 0 0 0) - 0
#(0.08717949 0 0 0 0 0) - 0
#(0.12820514 0 0 0 0 0) - 0
#(0.10769231 0 0 0 0 0) - 0
#(0.082051285 0 0 0 0 0) - 0
#(0.11794872 0 0 0 0 0) - 0
#(0.092307694 0 0 0 0 0) - 0
#(0.12307692 0 0 0 0 0) - 0
#(0.10769231 0 0 0 0 0) - 0
#(0 0 0 0 0 0) - 0
#(0 0 0 0 0 0) - 0
#(0 0 0 0 0 0) - 0
#(0 0 0 0 0 0) - 0
#(0 0 0 0 0 0) - 0
#(0 0 0 0 0 0) - 0
#(0 0 0 0 0 0) - 0
#(0 0 0 0 0 0) - 0
#(0.24102564 0 0 0 0 0) - 0
#(0.24615385 0 0 0 0 0) - 0
#(0.1897436 0 0 0 0 0) - 0
#(0.1897436 0 0 0 0 0) - 0
#(0.15897436 0 0 0 0 0) - 0
#(0.14358975 0 0 0 0 0) - 0
#(0.13846155 0 0 0 0 0) - 0
#(0.15897436 0 0 0 0 0) - 0
#(0.14358975 0 0 0 0 0) - 0
#(0.1897436 0 0 0 0 0) - 0
#(0.15384616 0 0 0 0 0) - 0
#(0.26666668 0 0 0 0 0) - 0
#(0.23589744 0 0 0 0 0) - 0
#(0.26153848 0 0 0 0 0) - 0
#(0.17435898 0 0 0 0 0) - 0
#(0.23589744 0 0 0 0 0) - 0
#(0.046153847 0 0 0 0 0) - 0
#(0.06666667 0 0 0 0 0) - 0
#(0.051282052 0 0 0 0 0) - 0
#(0.06666667 0 0 0 0 0) - 0
#(0.06666667 0 0 0 0 0) - 0
#(0.10769231 0 0 0 0 0) - 0
#(0 0 0 0 0 0) - 0
#(0 0 0 0 0 0) - 0
#(0 0 0 0 0 0) - 0
#(0 0 0 0 0 0) - 0
#(0 0 0 0 0 0) - 0
#(0 0 0 0 0 0) - 0
#(0 0 0 0 0 0) - 0
#(0 0 0 0 0 0) - 0
#(0 0 0 0 0 0) - 0
#(0 0 0 0 0 0) - 0
#(0 0 0 0 0 0) - 0
#(0 0 0 0 0 0) - 0
#(0 0 0 0 0 0) - 0
#(0 0 0 0 0 0) - 0
#(0 0 0 0 0 0) - 0
#(0 0 0 0 0 0) - 0
#(0 0 0 0 0 0) - 0
#(0 0 0 0 0 0) - 0
#(0.102564104 0 0 0 0 0) - 0
#(0.11794872 0 0 0 0 0) - 0
#(0.11794872 0 0 0 0 0) - 0
#(0.0974359 0 0 0 0 0) - 0
#(0.102564104 0 0 0 0 0) - 0
#(0.11794872 0 0 0 0 0) - 0
#(0.102564104 0 0 0 0 0) - 0
#(0.0974359 0 0 0 0 0) - 0
#(0 0 0 0 0 0) - 0
#(0 0 0 0 0 0) - 0
#(0 0 0 0 0 0) - 0
#(0 0 0 0 0 0) - 0
#(0 0 0 0 0 0) - 0
#(0 0 0 0 0 0) - 0
#(0.18461539 0 0 0 0 0) - 0
#(0.18461539 0 0 0 0 0) - 0
#(0.18461539 0 0 0 0 0) - 0
#(0.18461539 0 0 0 0 0) - 0
#(0.18461539 0 0 0 0 0) - 0
#(0.18461539 0 0 0 0 0) - 0
#(0 0 0 0 0 0) - 0
#(0 0 0 0 0 0) - 0
#(0 0 0 0 0 0) - 0
#(0 0 0 0 0 0) - 0
#(0 0 0 0 0 0) - 0
#(0 0 0 0 0 0) - 0
#(0 0 0 0 0 0) - 0
#(0 0 0 0 0 0) - 0
#(0 0 0 0 0 0) - 0
#(0 0 0 0 0 0) - 0
#(0 0 0 0 0 0) - 0
#(0 0 0 0 0 0) - 0
#(0.11282051 0 0 0 0 0) - 0
#(0.11282051 0 0 0 0 0) - 0
#(0.11282051 0 0 0 0 0) - 0
#(0.11282051 0 0 0 0 0) - 0
#(0.11282051 0 0 0 0 0) - 0
#(0.11282051 0 0 0 0 0) - 0

Grupo 1
#(0 0 0 0 0 0) - 0
#(0 0 0 0 0 0) - 0
#(0 0 0 0 0 0) - 0
#(0 0 0 0 0 0) - 0
#(0 0 0 0 0 0) - 0
#(0 0 0 0 0 0) - 0
#(0 0 0 0 0 0) - 0
#(0 0 0 0 0 0) - 0
#(0 0 0 0 0 0) - 0
#(0 0 0 0 0 0) - 0
#(0 0 0 0 0 0) - 0
#(0 0 0 0 0 0) - 0
#(0 0 0 0 0 0) - 0
#(0 0 0 0 0 0) - 0
#(0 0 0 0 0 0) - 0
#(0 0 0 0 0 0) - 0
#(0 0 0 0 0 0) - 0
#(0 0 0 0 0 0) - 0
#(0 0 0 0 0 0) - 0
#(0 0 0 0 0 0) - 0
#(0 0 0 0 0 0) - 0
#(0 0 0 0 0 0) - 0
#(0 0 0 0 0 0) - 0
#(0 0 0 0 0 0) - 0
#(0 0 0 0 0 0) - 0
#(0 0 0 0 0 0) - 0
#(0 0 0 0 0 0) - 0
#(0 0 0 0 0 0) - 0
#(0 0 0 0 0 0) - 0
#(0 0 0 0 0 0) - 0
#(0 0 0 0 0 0) - 0
#(0 0 0 0 0 0) - 0
#(0 0 0 0 0 0) - 0
#(0 0 0 0 0 0) - 0
#(0 0 0 0 0 0) - 0
#(0 0 0 0 0 0) - 0
#(0 0 0 0 0 0) - 0
#(0 0 0 0 0 0) - 0
#(0 0 0 0 0 0) - 0
#(0 0 0 0 0 0) - 0
#(0 0 0 0 0 0) - 0
#(0 0 0 0 0 0) - 0
#(0 0 0 0 0 0) - 0
#(0 0 0 0 0 0) - 0
#(0 0 0 0 0 0) - 0
#(0 0 0 0 0 0) - 0
#(0 0 0 0 0 0) - 0
#(0 0 0 0 0 0) - 0
#(0 0 0 0 0 0) - 0
#(0 0 0 0 0 0) - 0
#(0 0 0 0 0 0) - 0
#(0 0 0 0 0 0) - 0
#(0 0 0 0 0 0) - 0
#(0 0 0 0 0 0) - 0
#(0 0 0 0 0 0) - 0
#(0 0 0 0 0 0) - 0
#(0 0 0 0 0 0) - 0
#(0 0 0 0 0 0) - 0
#(0 0 0 0 0 0) - 0
#(0 0 0 0 0 0) - 0
#(0 0 0 0 0 0) - 0
#(0 0 0 0 0 0) - 0
#(0 0 0 0 0 0) - 0
#(0 0 0 0 0 0) - 0
#(0 0 0 0 0 0) - 0
#(0 0 0 0 0 0) - 0
#(0 0 0 0 0 0) - 0
#(0 0 0 0 0 0) - 0
#(0 0 0 0 0 0) - 0
#(0 0 0 0 0 0) - 0
#(0 0 0 0 0 0) - 0
#(0 0 0 0 0 0) - 0
#(0 0 0 0 0 0) - 0
#(0 0 0 0 0 0) - 0
#(0 0 0 0 0 0) - 0
#(0 0 0 0 0 0) - 0
#(0 0 0 0 0 0) - 0
#(0 0 0 0 0 0) - 0
#(0 0 0 0 0 0) - 0
#(0 0 0 0 0 0) - 0
#(0 0 0 0 0 0) - 0
#(0 0 0 0 0 0) - 0
#(0 0 0 0 0 0) - 0
#(0 0 0 0 0 0) - 0
#(0 0 0 0 0 0) - 0
#(0 0 0 0 0 0) - 0
#(0 0 0 0 0 0) - 0
#(0 0 0 0 0 0) - 0
#(0 0 0 0 0 0) - 0
#(0 0 0 0 0 0) - 0
#(0 0 0 0 0 0) - 0
#(0 0 0 0 0 0) - 0
#(0 0 0 0 0 0) - 0
#(0 0 0 0 0 0) - 0
#(0 0 0 0 0 0) - 0
#(0 0 0 0 0 0) - 0
#(0 0 0 0 0 0) - 0
#(0 0 0 0 0 0) - 0
#(0 0 0 0 0 0) - 0
#(0 0 0 0 0 0) - 0
#(0 0 0 0 0 0) - 0
#(0 0 0 0 0 0) - 0
#(0 0 0 0 0 0) - 0
#(0 0 0 0 0 0) - 0
#(0 0 0 0 0 0) - 0
#(0 0 0 0 0 0) - 0
#(0 0 0 0 0 0) - 0
#(0 0 0 0 0 0) - 0
#(0 0 0 0 0 0) - 0
#(0 0 0 0 0 0) - 0
#(0 0 0 0 0 0) - 0
#(0 0 0 0 0 0) - 0
#(0 0 0 0 0 0) - 0
#(0 0 0 0 0 0) - 0
#(0 0 0 0 0 0) - 0
#(0 0 0 0 0 0) - 0
#(0 0 0 0 0 0) - 0
#(0 0 0 0 0 0) - 0
#(0 0 0 0 0 0) - 0
#(0 0 0 0 0 0) - 0
#(0 0.16666667 0 0 0 0) - 1
#(0 0.16666667 0 0 0 0) - 1
#(0 0.16666667 0 0 0 0) - 1
#(0 0.16666667 0 0 0 0) - 1
#(0 0.16666667 0 0 0 0) - 1
#(0 0.083333336 0 0 0 0) - 1
#(0 0.16666667 0 0 0 0) - 1
#(0 0.16666667 0 0 0 0) - 1
#(0 0.16666667 0 0 0 0) - 1
#(0 0.16666667 0 0 0 0) - 1
#(0 0.16666667 0 0 0 0) - 1
#(0 0.16666667 0 0 0 0) - 1
#(0 0.16666667 0 0 0 0) - 1
#(0 0.16666667 0 0 0 0) - 1
#(0 0.16666667 0 0 0 0) - 1
#(0 0 0 0 0 0) - 0
#(0 0 0 0 0 0) - 0
#(0 0 0 0 0 0) - 0
#(0 0 0 0 0 0) - 0
#(0 0 0 0 0 0) - 0
#(0 0 0 0 0 0) - 0
#(0 0 0 0 0 0) - 0
#(0 0 0 0 0 0) - 0
#(0 0 0 0 0 0) - 0
#(0 0 0 0 0 0) - 0
#(0 0 0 0 0 0) - 0
#(0 0 0 0 0 0) - 0
#(0 0 0 0 0 0) - 0
#(0 0 0 0 0 0) - 0
#(0 0 0 0 0 0) - 0
#(0 0 0 0 0 0) - 0
#(0 0 0 0 0 0) - 0
#(0 0 0 0 0 0) - 0
#(0 0 0 0 0 0) - 0
#(0 0 0 0 0 0) - 0
#(0 0 0 0 0 0) - 0
#(0 0 0 0 0 0) - 0
#(0 0 0 0 0 0) - 0
#(0 0 0 0 0 0) - 0
#(0 0 0 0 0 0) - 0
#(0 0 0 0 0 0) - 0
#(0 0 0 0 0 0) - 0
#(0 0 0 0 0 0) - 0
#(0 0 0 0 0 0) - 0
#(0 0 0 0 0 0) - 0
#(0 0 0 0 0 0) - 0
#(0 0 0 0 0 0) - 0
#(0 0 0 0 0 0) - 0
#(0 0 0 0 0 0) - 0
#(0 0 0 0 0 0) - 0
#(0 0 0 0 0 0) - 0
#(0 0 0 0 0 0) - 0
#(0 0 0 0 0 0) - 0
#(0 0 0 0 0 0) - 0
#(0 0 0 0 0 0) - 0
#(0 0 0 0 0 0) - 0
#(0 0 0 0 0 0) - 0
#(0 0 0 0 0 0) - 0
#(0 0 0 0 0 0) - 0
#(0 0 0 0 0 0) - 0
#(0 0 0 0 0 0) - 0
#(0 0 0 0 0 0) - 0
#(0 0 0 0 0 0) - 0
#(0 0 0 0 0 0) - 0
#(0 0 0 0 0 0) - 0
#(0 0 0 0 0 0) - 0
#(0 0 0 0 0 0) - 0
#(0 0 0 0 0 0) - 0
#(0 0 0 0 0 0) - 0
#(0 0 0 0 0 0) - 0
#(0 0 0 0 0 0) - 0
#(0 0 0 0 0 0) - 0
#(0 0 0 0 0 0) - 0
#(0 0 0 0 0 0) - 0
#(0 0 0 0 0 0) - 0
#(0 0 0 0 0 0) - 0
#(0 0 0 0 0 0) - 0
#(0 0 0 0 0 0) - 0
#(0 0 0 0 0 0) - 0
#(0 0 0 0 0 0) - 0
#(0 0 0 0 0 0) - 0
#(0 0 0 0 0 0) - 0
#(0 0 0 0 0 0) - 0
#(0 0 0 0 0 0) - 0
#(0 0 0 0 0 0) - 0
#(0 0 0 0 0 0) - 0
#(0 0 0 0 0 0) - 0
#(0 0 0 0 0 0) - 0
#(0 0 0 0 0 0) - 0
#(0 0 0 0 0 0) - 0
#(0 0 0 0 0 0) - 0
#(0 0 0 0 0 0) - 0
#(0 0 0 0 0 0) - 0
#(0 0 0 0 0 0) - 0
#(0 0 0 0 0 0) - 0
#(0 0 0 0 0 0) - 0
#(0 0 0 0 0 0) - 0
#(0 0 0 0 0 0) - 0
#(0 0 0 0 0 0) - 0
#(0 0 0 0 0 0) - 0
#(0 0 0 0 0 0) - 0
#(0 0 0 0 0 0) - 0
#(0 0 0 0 0 0) - 0
#(0 0 0 0 0 0) - 0
#(0 0 0 0 0 0) - 0
#(0 0 0 0 0 0) - 0
#(0 0 0 0 0 0) - 0
#(0 0 0 0 0 0) - 0
#(0 0 0 0 0 0) - 0
#(0 0 0 0 0 0) - 0
#(0 0 0 0 0 0) - 0
#(0 0 0 0 0 0) - 0
#(0 0 0 0 0 0) - 0
#(0 0 0 0 0 0) - 0
#(0 0 0 0 0 0) - 0
#(0 0 0 0 0 0) - 0
#(0 0 0 0 0 0) - 0
#(0 0 0 0 0 0) - 0
#(0 0 0 0 0 0) - 0
#(0 0 0 0 0 0) - 0
#(0 0 0 0 0 0) - 0
#(0 0 0 0 0 0) - 0
#(0 0 0 0 0 0) - 0
#(0 0 0 0 0 0) - 0
#(0 0 0 0 0 0) - 0
#(0 0 0 0 0 0) - 0
#(0 0 0 0 0 0) - 0
#(0 0 0 0 0 0) - 0
#(0 0 0 0 0 0) - 0
#(0 0 0 0 0 0) - 0
#(0 0 0 0 0 0) - 0
#(0 0 0 0 0 0) - 0
#(0 0 0 0 0 0) - 0
#(0 0 0 0 0 0) - 0
#(0 0 0 0 0 0) - 0
#(0 0 0 0 0 0) - 0
#(0 0 0 0 0 0) - 0
#(0 0 0 0 0 0) - 0
#(0 0 0 0 0 0) - 0
#(0 0 0 0 0 0) - 0
#(0 0 0 0 0 0) - 0
#(0 0 0 0 0 0) - 0
#(0 0 0 0 0 0) - 0
#(0 0 0 0 0 0) - 0
#(0 0 0 0 0 0) - 0
#(0 0 0 0 0 0) - 0
#(0 0 0 0 0 0) - 0
#(0 0 0 0 0 0) - 0
#(0 0 0 0 0 0) - 0
#(0 0 0 0 0 0) - 0
#(0 0 0 0 0 0) - 0
#(0 0 0 0 0 0) - 0
#(0 0 0 0 0 0) - 0
#(0 0 0 0 0 0) - 0
#(0 0 0 0 0 0) - 0
#(0 0 0 0 0 0) - 0
#(0 0 0 0 0 0) - 0
#(0 0 0 0 0 0) - 0
#(0 0 0 0 0 0) - 0
#(0 0 0 0 0 0) - 0
#(0 0 0 0 0 0) - 0
#(0 0 0 0 0 0) - 0
#(0 0 0 0 0 0) - 0
#(0 0 0 0 0 0) - 0
#(0 0 0 0 0 0) - 0
#(0 0 0 0 0 0) - 0
#(0 0 0 0 0 0) - 0
#(0 0 0 0 0 0) - 0
#(0 0 0 0 0 0) - 0
#(0 0 0 0 0 0) - 0
#(0 0 0 0 0 0) - 0
#(0 0 0 0 0 0) - 0
#(0 0 0 0 0 0) - 0
#(0 0 0 0 0 0) - 0
#(0 0 0 0 0 0) - 0
#(0 0 0 0 0 0) - 0
#(0 0 0 0 0 0) - 0
#(0 0 0 0 0 0) - 0
#(0 0 0 0 0 0) - 0
#(0 0 0 0 0 0) - 0
#(0 0 0 0 0 0) - 0
#(0 0 0 0 0 0) - 0
#(0 0 0 0 0 0) - 0
#(0 0 0 0 0 0) - 0
#(0 0 0 0 0 0) - 0
#(0 0 0 0 0 0) - 0
#(0 0 0 0 0 0) - 0
#(0 0 0 0 0 0) - 0
#(0 0 0 0 0 0) - 0
#(0 0 0 0 0 0) - 0
#(0 0 0 0 0 0) - 0
#(0 0 0 0 0 0) - 0
#(0 0 0 0 0 0) - 0
#(0 0 0 0 0 0) - 0
#(0 0 0 0 0 0) - 0
#(0 0 0 0 0 0) - 0
#(0 0 0 0 0 0) - 0
#(0 0 0 0 0 0) - 0
#(0 0 0 0 0 0) - 0
#(0 0 0 0 0 0) - 0
#(0 0 0 0 0 0) - 0
#(0 0 0 0 0 0) - 0
#(0 0 0 0 0 0) - 0
#(0 0 0 0 0 0) - 0
#(0 0 0 0 0 0) - 0
#(0 0 0 0 0 0) - 0
#(0 0 0 0 0 0) - 0
#(0 0 0 0 0 0) - 0
#(0 0 0 0 0 0) - 0
#(0 0 0 0 0 0) - 0
#(0 0 0 0 0 0) - 0
#(0 0 0 0 0 0) - 0
#(0 0 0 0 0 0) - 0
#(0 0 0 0 0 0) - 0
#(0 0 0 0 0 0) - 0
#(0 0 0 0 0 0) - 0
#(0 0 0 0 0 0) - 0
#(0 0 0 0 0 0) - 0
#(0 0 0 0 0 0) - 0
#(0 0 0 0 0 0) - 0
#(0 0 0 0 0 0) - 0
#(0 0 0 0 0 0) - 0
#(0 0 0 0 0 0) - 0
#(0 0 0 0 0 0) - 0
#(0 0 0 0 0 0) - 0
#(0 0 0 0 0 0) - 0
#(0 0 0 0 0 0) - 0
#(0 0 0 0 0 0) - 0
#(0 0 0 0 0 0) - 0
#(0 0 0 0 0 0) - 0
#(0 0 0 0 0 0) - 0
#(0 0 0 0 0 0) - 0
#(0 0 0 0 0 0) - 0
#(0 0 0 0 0 0) - 0
#(0 0 0 0 0 0) - 0
#(0 0 0 0 0 0) - 0
#(0 0 0 0 0 0) - 0
#(0 0 0 0 0 0) - 0
#(0 0 0 0 0 0) - 0
#(0 0 0 0 0 0) - 0
#(0 0 0 0 0 0) - 0
#(0 0 0 0 0 0) - 0
#(0 0 0 0 0 0) - 0
#(0 0 0 0 0 0) - 0
#(0 0 0 0 0 0) - 0
#(0 0 0 0 0 0) - 0
#(0 0 0 0 0 0) - 0
#(0 0 0 0 0 0) - 0
#(0 0 0 0 0 0) - 0
#(0 0 0 0 0 0) - 0
#(0 0 0 0 0 0) - 0
#(0 0 0 0 0 0) - 0
#(0 0 0 0 0 0) - 0
#(0 0 0 0 0 0) - 0
#(0 0 0 0 0 0) - 0
#(0 0 0 0 0 0) - 0
#(0 0 0 0 0 0) - 0
#(0 0 0 0 0 0) - 0
#(0 0 0 0 0 0) - 0
#(0 0 0 0 0 0) - 0
#(0 0 0 0 0 0) - 0
#(0 0 0 0 0 0) - 0
#(0 0 0 0 0 0) - 0
#(0 0 0 0 0 0) - 0
#(0 0 0 0 0 0) - 0
#(0 0 0 0 0 0) - 0
#(0 0 0 0 0 0) - 0
#(0 0 0 0 0 0) - 0
#(0 0 0 0 0 0) - 0
#(0 0 0 0 0 0) - 0
#(0 0 0 0 0 0) - 0
#(0 0 0 0 0 0) - 0
#(0 0 0 0 0 0) - 0
#(0 0 0 0 0 0) - 0
#(0 0 0 0 0 0) - 0
#(0 0 0 0 0 0) - 0
#(0 0 0 0 0 0) - 0
#(0 0 0 0 0 0) - 0
#(0 0 0 0 0 0) - 0
#(0 0 0 0 0 0) - 0
#(0 0 0 0 0 0) - 0
#(0 0 0 0 0 0) - 0
#(0 0 0 0 0 0) - 0
#(0 0 0 0 0 0) - 0
#(0 0 0 0 0 0) - 0
#(0 0 0 0 0 0) - 0
#(0 0 0 0 0 0) - 0
#(0 0 0 0 0 0) - 0
#(0 0 0 0 0 0) - 0
#(0 0 0 0 0 0) - 0
#(0 0 0 0 0 0) - 0
#(0 0 0 0 0 0) - 0
#(0 0 0 0 0 0) - 0
#(0 0 0 0 0 0) - 0
#(0 0 0 0 0 0) - 0
#(0 0 0 0 0 0) - 0
#(0 0 0 0 0 0) - 0
#(0 0 0 0 0 0) - 0
#(0 0 0 0 0 0) - 0
#(0 0 0 0 0 0) - 0
#(0 0 0 0 0 0) - 0
#(0 0 0 0 0 0) - 0
#(0 0 0 0 0 0) - 0
#(0 0 0 0 0 0) - 0
#(0 0 0 0 0 0) - 0
#(0 0 0 0 0 0) - 0
#(0 0 0 0 0 0) - 0
#(0 0 0 0 0 0) - 0
#(0 0 0 0 0 0) - 0
#(0 0 0 0 0 0) - 0
#(0 0 0 0 0 0) - 0
#(0 0 0 0 0 0) - 0
#(0 0 0 0 0 0) - 0
#(0 0 0 0 0 0) - 0
#(0 0 0 0 0 0) - 0
#(0 0 0 0 0 0) - 0
#(0 0 0 0 0 0) - 0
#(0 0 0 0 0 0) - 0
#(0 0 0 0 0 0) - 0
#(0 0 0 0 0 0) - 0
#(0 0 0 0 0 0) - 0
#(0 0 0 0 0 0) - 0
#(0 0 0 0 0 0) - 0
#(0 0 0 0 0 0) - 0
#(0 0 0 0 0 0) - 0
#(0 0 0 0 0 0) - 0
#(0 0 0 0 0 0) - 0
#(0 0 0 0 0 0) - 0
#(0 0 0 0 0 0) - 0
#(0 0 0 0 0 0) - 0
#(0 0 0 0 0 0) - 0
#(0 0 0 0 0 0) - 0
#(0 0 0 0 0 0) - 0
#(0 0 0 0 0 0) - 0
#(0 0 0 0 0 0) - 0
#(0 0 0 0 0 0) - 0
#(0 0 0 0 0 0) - 0
#(0 0 0 0 0 0) - 0
#(0 0 0 0 0 0) - 0
#(0 0 0 0 0 0) - 0
#(0 0 0 0 0 0) - 0
#(0 0 0 0 0 0) - 0
#(0 0 0 0 0 0) - 0
#(0 0 0 0 0 0) - 0
#(0 0 0 0 0 0) - 0
#(0 0 0 0 0 0) - 0
#(0 0 0 0 0 0) - 0
#(0 0 0 0 0 0) - 0
#(0 0 0 0 0 0) - 0
#(0 0 0 0 0 0) - 0
#(0 0 0 0 0 0) - 0
#(0 0 0 0 0 0) - 0
#(0 0 0 0 0 0) - 0
#(0 0 0 0 0 0) - 0
#(0 0 0 0 0 0) - 0
#(0 0 0 0 0 0) - 0
#(0 0 0 0 0 0) - 0
#(0 0 0 0 0 0) - 0
#(0 0 0 0 0 0) - 0
#(0 0 0 0 0 0) - 0
#(0 0 0 0 0 0) - 0
#(0 0 0 0 0 0) - 0
#(0 0 0 0 0 0) - 0
#(0 0 0 0 0 0) - 0
#(0 0 0 0 0 0) - 0
#(0 0 0 0 0 0) - 0
#(0 0 0 0 0 0) - 0
#(0 0 0 0 0 0) - 0
#(0 0 0 0 0 0) - 0
#(0 0 0 0 0 0) - 0
#(0 0 0 0 0 0) - 0
#(0 0 0 0 0 0) - 0
#(0 0 0 0 0 0) - 0
#(0 0 0 0 0 0) - 0
#(0 0 0 0 0 0) - 0
#(0 0 0 0 0 0) - 0
#(0 0 0 0 0 0) - 0
#(0 0 0 0 0 0) - 0
#(0 0 0 0 0 0) - 0
#(0 0 0 0 0 0) - 0
#(0 0 0 0 0 0) - 0
#(0 0 0 0 0 0) - 0
#(0 0 0 0 0 0) - 0
#(0 0 0 0 0 0) - 0
#(0 0 0 0 0 0) - 0
#(0 0 0 0 0 0) - 0
#(0 0 0 0 0 0) - 0
#(0 0 0 0 0 0) - 0
#(0 0 0 0 0 0) - 0
#(0 0 0 0 0 0) - 0
#(0 0 0 0 0 0) - 0
#(0 0 0 0 0 0) - 0
#(0 0 0 0 0 0) - 0
#(0 0 0 0 0 0) - 0
#(0 0 0 0 0 0) - 0
#(0 0 0 0 0 0) - 0
#(0 0 0 0 0 0) - 0
#(0 0 0 0 0 0) - 0
#(0 0 0 0 0 0) - 0
#(0 0 0 0 0 0) - 0
#(0 0 0 0 0 0) - 0
#(0 0 0 0 0 0) - 0
#(0 0 0 0 0 0) - 0
#(0 0 0 0 0 0) - 0
#(0 0 0 0 0 0) - 0
#(0 0 0 0 0 0) - 0
#(0 0 0 0 0 0) - 0
#(0 0 0 0 0 0) - 0
#(0 0 0 0 0 0) - 0
#(0 0 0 0 0 0) - 0
#(0 0 0 0 0 0) - 0
#(0 0 0 0 0 0) - 0
#(0 0 0 0 0 0) - 0
#(0 0 0 0 0 0) - 0
#(0 0 0 0 0 0) - 0
#(0 0 0 0 0 0) - 0
#(0 0 0 0 0 0) - 0
#(0 0 0 0 0 0) - 0
#(0 0 0 0 0 0) - 0
#(0 0 0 0 0 0) - 0
#(0 0 0 0 0 0) - 0
#(0 0 0 0 0 0) - 0
#(0 0 0 0 0 0) - 0
#(0 0 0 0 0 0) - 0
#(0 0 0 0 0 0) - 0
#(0 0 0 0 0 0) - 0
#(0 0 0 0 0 0) - 0
#(0 0 0 0 0 0) - 0
#(0 0 0 0 0 0) - 0
#(0 0 0 0 0 0) - 0
#(0 0 0 0 0 0) - 0
#(0 0 0 0 0 0) - 0
#(0 0 0 0 0 0) - 0
#(0 0 0 0 0 0) - 0
#(0 0 0 0 0 0) - 0
#(0 0 0 0 0 0) - 0
#(0 0 0 0 0 0) - 0
#(0 0 0 0 0 0) - 0
#(0 0 0 0 0 0) - 0
#(0 0 0 0 0 0) - 0
#(0 0 0 0 0 0) - 0
#(0 0 0 0 0 0) - 0
#(0 0 0 0 0 0) - 0
#(0 0 0 0 0 0) - 0
#(0 0 0 0 0 0) - 0
#(0 0 0 0 0 0) - 0
#(0 0 0 0 0 0) - 0
#(0 0 0 0 0 0) - 0
#(0 0 0 0 0 0) - 0
#(0 0 0 0 0 0) - 0
#(0 0 0 0 0 0) - 0
#(0 0 0 0 0 0) - 0
#(0 0 0 0 0 0) - 0
#(0 0 0 0 0 0) - 0
#(0 0 0 0 0 0) - 0
#(0 0 0 0 0 0) - 0
#(0 0 0 0 0 0) - 0
#(0 0 0 0 0 0) - 0
#(0 0 0 0 0 0) - 0
#(0 0 0 0 0 0) - 0
#(0 0 0 0 0 0) - 0
#(0 0 0 0 0 0) - 0
#(0 0 0 0 0 0) - 0
#(0 0 0 0 0 0) - 0
#(0 0 0 0 0 0) - 0
#(0 0 0 0 0 0) - 0
#(0 0 0 0 0 0) - 0
#(0 0 0 0 0 0) - 0
#(0 0 0 0 0 0) - 0
#(0 0 0 0 0 0) - 0
#(0 0 0 0 0 0) - 0
#(0 0 0 0 0 0) - 0
#(0 0 0 0 0 0) - 0
#(0 0 0 0 0 0) - 0
#(0 0 0 0 0 0) - 0
#(0 0 0 0 0 0) - 0
#(0 0 0 0 0 0) - 0
#(0 0 0 0 0 0) - 0
#(0 0 0 0 0 0) - 0
#(0 0 0 0 0 0) - 0
#(0 0 0 0 0 0) - 0
#(0 0 0 0 0 0) - 0
#(0 0 0 0 0 0) - 0
#(0 0 0 0 0 0) - 0
#(0 0 0 0 0 0) - 0
#(0 0 0 0 0 0) - 0
#(0 0 0 0 0 0) - 0
#(0 0 0 0 0 0) - 0
#(0 0 0 0 0 0) - 0
#(0 0 0 0 0 0) - 0
#(0 0 0 0 0 0) - 0
#(0 0 0 0 0 0) - 0
#(0 0 0 0 0 0) - 0
#(0 0 0 0 0 0) - 0
#(0 0 0 0 0 0) - 0
#(0 0 0 0 0 0) - 0
#(0 0 0 0 0 0) - 0
#(0 0 0 0 0 0) - 0
#(0 0 0 0 0 0) - 0
#(0 0 0 0 0 0) - 0
#(0 0 0 0 0 0) - 0
#(0 0 0 0 0 0) - 0
#(0 0 0 0 0 0) - 0
#(0 0 0 0 0 0) - 0
#(0 0 0 0 0 0) - 0
#(0 0 0 0 0 0) - 0
#(0 0 0 0 0 0) - 0
#(0 0 0 0 0 0) - 0
#(0 0 0 0 0 0) - 0
#(0 0 0 0 0 0) - 0
#(0 0 0 0 0 0) - 0
#(0 0 0 0 0 0) - 0
#(0 0 0 0 0 0) - 0
#(0 0 0 0 0 0) - 0
#(0 0 0 0 0 0) - 0
#(0 0 0 0 0 0) - 0
#(0 0 0 0 0 0) - 0
#(0 0 0 0 0 0) - 0
#(0 0 0 0 0 0) - 0
#(0 0 0 0 0 0) - 0
#(0 0 0 0 0 0) - 0
#(0 0 0 0 0 0) - 0
#(0 0 0 0 0 0) - 0
#(0 0 0 0 0 0) - 0
#(0 0 0 0 0 0) - 0
#(0 0 0 0 0 0) - 0
#(0 0 0 0 0 0) - 0
#(0 0 0 0 0 0) - 0
#(0 0 0 0 0 0) - 0
#(0 0 0 0 0 0) - 0
#(0 0 0 0 0 0) - 0
#(0 0 0 0 0 0) - 0
#(0 0 0 0 0 0) - 0
#(0 0 0 0 0 0) - 0
#(0 0 0 0 0 0) - 0
#(0 0.75 0 0 0 0) - 1
#(0 0.6666667 0 0 0 0) - 1
#(0 0.75 0 0 0 0) - 1
#(0 0.75 0 0 0 0) - 1
#(0 0.75 0 0 0 0) - 1
#(0 0.75 0 0 0 0) - 1
#(0 0.75 0 0 0 0) - 1
#(0 0.75 0 0 0 0) - 1
#(0 0.75 0 0 0 0) - 1
#(0 0.75 0 0 0 0) - 1
#(0 0.6666667 0 0 0 0) - 1
#(0 0.75 0 0 0 0) - 1
#(0 0.5833333 0 0 0 0) - 1
#(0 0.5833333 0 0 0 0) - 1
#(0 0.75 0 0 0 0) - 1
#(0 0.5 0 0 0 0) - 1
#(0 0.5833333 0 0 0 0) - 1
#(0 0.5833333 0 0 0 0) - 1
#(0 0.75 0 0 0 0) - 1
#(0 0.6666667 0 0 0 0) - 1
#(0 0.75 0 0 0 0) - 1
#(0 0.6666667 0 0 0 0) - 1
#(0 0.75 0 0 0 0) - 1
#(0 0.75 0 0 0 0) - 1
#(0 0.75 0 0 0 0) - 1
#(0 0.75 0 0 0 0) - 1
#(0 0.75 0 0 0 0) - 1
#(0 0.75 0 0 0 0) - 1
#(0 0.6666667 0 0 0 0) - 1
#(0 0.75 0 0 0 0) - 1
#(0 0.75 0 0 0 0) - 1
#(0 0.75 0 0 0 0) - 1
#(0 0.5833333 0 0 0 0) - 1
#(0 0.75 0 0 0 0) - 1
#(0 0.5833333 0 0 0 0) - 1
#(0 0.5833333 0 0 0 0) - 1
#(0 0.6666667 0 0 0 0) - 1
#(0 0.6666667 0 0 0 0) - 1
#(0 0.6666667 0 0 0 0) - 1
#(0 0.5 0 0 0 0) - 1
#(0 0.6666667 0 0 0 0) - 1
#(0 0.6666667 0 0 0 0) - 1
#(0 0.6666667 0 0 0 0) - 1
#(0 0.5 0 0 0 0) - 1
#(0 0.75 0 0 0 0) - 1
#(0 0.6666667 0 0 0 0) - 1
#(0 0.75 0 0 0 0) - 1
#(0 0.75 0 0 0 0) - 1
#(0 0.6666667 0 0 0 0) - 1
#(0 0.75 0 0 0 0) - 1
#(0 0.5 0 0 0 0) - 1
#(0 0.5 0 0 0 0) - 1
#(0 0.75 0 0 0 0) - 1
#(0 0.75 0 0 0 0) - 1
#(0 0.41666666 0 0 0 0) - 1
#(0 0.6666667 0 0 0 0) - 1
#(0 0.5833333 0 0 0 0) - 1
#(0 0.75 0 0 0 0) - 1
#(0 0.75 0 0 0 0) - 1
#(0 0.6666667 0 0 0 0) - 1
#(0 0.6666667 0 0 0 0) - 1
#(0 0.6666667 0 0 0 0) - 1
#(0 0.5833333 0 0 0 0) - 1
#(0 0.25 0 0 0 0) - 1
#(0 0 0 0 0 0) - 0
#(0 0 0 0 0 0) - 0
#(0 0 0 0 0 0) - 0
#(0 0 0 0 0 0) - 0
#(0 0 0 0 0 0) - 0
#(0 0 0 0 0 0) - 0
#(0 0 0 0 0 0) - 0
#(0 0 0 0 0 0) - 0
#(0 0 0 0 0 0) - 0
#(0 0 0 0 0 0) - 0
#(0 0 0 0 0 0) - 0
#(0 0 0 0 0 0) - 0
#(0 0 0 0 0 0) - 0
#(0 0 0 0 0 0) - 0
#(0 0 0 0 0 0) - 0
#(0 0 0 0 0 0) - 0
#(0 0 0 0 0 0) - 0
#(0 0 0 0 0 0) - 0
#(0 0 0 0 0 0) - 0
#(0 0 0 0 0 0) - 0
#(0 0 0 0 0 0) - 0
#(0 0 0 0 0 0) - 0
#(0 0 0 0 0 0) - 0
#(0 0 0 0 0 0) - 0
#(0 0 0 0 0 0) - 0
#(0 0 0 0 0 0) - 0
#(0 0 0 0 0 0) - 0
#(0 0 0 0 0 0) - 0
#(0 0 0 0 0 0) - 0
#(0 0 0 0 0 0) - 0
#(0 0 0 0 0 0) - 0
#(0 0 0 0 0 0) - 0
#(0 0 0 0 0 0) - 0
#(0 0 0 0 0 0) - 0
#(0 0 0 0 0 0) - 0
#(0 0 0 0 0 0) - 0
#(0 0 0 0 0 0) - 0
#(0 0 0 0 0 0) - 0
#(0 0 0 0 0 0) - 0
#(0 0 0 0 0 0) - 0
#(0 0 0 0 0 0) - 0
#(0 0 0 0 0 0) - 0
#(0 0 0 0 0 0) - 0
#(0 0 0 0 0 0) - 0
#(0 0 0 0 0 0) - 0
#(0 0 0 0 0 0) - 0
#(0 0 0 0 0 0) - 0
#(0 0 0 0 0 0) - 0
#(0 0 0 0 0 0) - 0
#(0 0 0 0 0 0) - 0
#(0 0 0 0 0 0) - 0
#(0 0 0 0 0 0) - 0
#(0 0 0 0 0 0) - 0
#(0 0 0 0 0 0) - 0
#(0 0 0 0 0 0) - 0
#(0 0 0 0 0 0) - 0
#(0 0 0 0 0 0) - 0
#(0 0 0 0 0 0) - 0
#(0 0 0 0 0 0) - 0
#(0 0 0 0 0 0) - 0
#(0 0 0 0 0 0) - 0
#(0 0 0 0 0 0) - 0
#(0 0 0 0 0 0) - 0
#(0 0 0 0 0 0) - 0
#(0 0 0 0 0 0) - 0
#(0 0 0 0 0 0) - 0
#(0 0 0 0 0 0) - 0
#(0 0 0 0 0 0) - 0
#(0 0 0 0 0 0) - 0
#(0 0 0 0 0 0) - 0
#(0 0 0 0 0 0) - 0
#(0 0 0 0 0 0) - 0
#(0 0 0 0 0 0) - 0
#(0 0 0 0 0 0) - 0
#(0 0 0 0 0 0) - 0
#(0 0 0 0 0 0) - 0
#(0 0 0 0 0 0) - 0
#(0 0 0 0 0 0) - 0
#(0 0 0 0 0 0) - 0
#(0 0 0 0 0 0) - 0
#(0 0 0 0 0 0) - 0
#(0 0 0 0 0 0) - 0
#(0 0 0 0 0 0) - 0
#(0 0 0 0 0 0) - 0
#(0 0 0 0 0 0) - 0
#(0 0 0 0 0 0) - 0
#(0 0 0 0 0 0) - 0
#(0 0 0 0 0 0) - 0
#(0 0 0 0 0 0) - 0
#(0 0 0 0 0 0) - 0
#(0 0 0 0 0 0) - 0
#(0 0 0 0 0 0) - 0
#(0 0 0 0 0 0) - 0
#(0 0 0 0 0 0) - 0
#(0 0 0 0 0 0) - 0
#(0 0 0 0 0 0) - 0
#(0 0 0 0 0 0) - 0
#(0 0 0 0 0 0) - 0
#(0 0 0 0 0 0) - 0
#(0 0 0 0 0 0) - 0
#(0 0 0 0 0 0) - 0
#(0 0 0 0 0 0) - 0
#(0 0 0 0 0 0) - 0
#(0 0 0 0 0 0) - 0
#(0 0 0 0 0 0) - 0
#(0 0 0 0 0 0) - 0
#(0 0 0 0 0 0) - 0
#(0 0 0 0 0 0) - 0
#(0 0 0 0 0 0) - 0
#(0 0 0 0 0 0) - 0
#(0 0 0 0 0 0) - 0
#(0 0 0 0 0 0) - 0
#(0 0 0 0 0 0) - 0
#(0 0 0 0 0 0) - 0
#(0 0 0 0 0 0) - 0
#(0 0 0 0 0 0) - 0
#(0 0 0 0 0 0) - 0
#(0 0 0 0 0 0) - 0
#(0 0 0 0 0 0) - 0
#(0 0 0 0 0 0) - 0
#(0 0 0 0 0 0) - 0
#(0 0 0 0 0 0) - 0
#(0 0 0 0 0 0) - 0
#(0 0 0 0 0 0) - 0
#(0 0 0 0 0 0) - 0
#(0 0 0 0 0 0) - 0
#(0 0 0 0 0 0) - 0
#(0 0 0 0 0 0) - 0
#(0 0 0 0 0 0) - 0
#(0 0 0 0 0 0) - 0
#(0 0 0 0 0 0) - 0
#(0 0 0 0 0 0) - 0
#(0 0 0 0 0 0) - 0
#(0 0 0 0 0 0) - 0
#(0 0 0 0 0 0) - 0
#(0 0 0 0 0 0) - 0
#(0 0 0 0 0 0) - 0
#(0 0 0 0 0 0) - 0
#(0 0 0 0 0 0) - 0
#(0 0 0 0 0 0) - 0
#(0 0 0 0 0 0) - 0
#(0 0 0 0 0 0) - 0
#(0 0 0 0 0 0) - 0
#(0 0 0 0 0 0) - 0
#(0 0 0 0 0 0) - 0
#(0 0 0 0 0 0) - 0
#(0 0 0 0 0 0) - 0
#(0 0 0 0 0 0) - 0
#(0 0 0 0 0 0) - 0
#(0 0 0 0 0 0) - 0
#(0 0 0 0 0 0) - 0
#(0 0 0 0 0 0) - 0
#(0 0 0 0 0 0) - 0
#(0 0 0 0 0 0) - 0
#(0 0 0 0 0 0) - 0
#(0 0 0 0 0 0) - 0
#(0 0 0 0 0 0) - 0
#(0 0 0 0 0 0) - 0
#(0 0 0 0 0 0) - 0
#(0 0 0 0 0 0) - 0
#(0 0 0 0 0 0) - 0
#(0 0 0 0 0 0) - 0
#(0 0 0 0 0 0) - 0
#(0 0 0 0 0 0) - 0
#(0 0 0 0 0 0) - 0
#(0 0 0 0 0 0) - 0
#(0 0 0 0 0 0) - 0
#(0 0 0 0 0 0) - 0
#(0 0 0 0 0 0) - 0
#(0 0 0 0 0 0) - 0
#(0 0 0 0 0 0) - 0
#(0 0 0 0 0 0) - 0
#(0 0 0 0 0 0) - 0
#(0 0 0 0 0 0) - 0
#(0 0 0 0 0 0) - 0
#(0 0 0 0 0 0) - 0
#(0 0 0 0 0 0) - 0
#(0 0 0 0 0 0) - 0
#(0 0 0 0 0 0) - 0
#(0 0 0 0 0 0) - 0
#(0 0 0 0 0 0) - 0
#(0 0 0 0 0 0) - 0
#(0 0 0 0 0 0) - 0
#(0 0 0 0 0 0) - 0
#(0 0 0 0 0 0) - 0
#(0 0 0 0 0 0) - 0
#(0 0 0 0 0 0) - 0
#(0 0 0 0 0 0) - 0
#(0 0 0 0 0 0) - 0
#(0 0 0 0 0 0) - 0
#(0 0 0 0 0 0) - 0
#(0 0 0 0 0 0) - 0
#(0 0 0 0 0 0) - 0
#(0 0 0 0 0 0) - 0
#(0 0 0 0 0 0) - 0
#(0 0 0 0 0 0) - 0
#(0 0 0 0 0 0) - 0
#(0 0 0 0 0 0) - 0
#(0 0 0 0 0 0) - 0
#(0 0 0 0 0 0) - 0
#(0 0 0 0 0 0) - 0
#(0 0 0 0 0 0) - 0
#(0 0 0 0 0 0) - 0
#(0 0 0 0 0 0) - 0
#(0 0 0 0 0 0) - 0
#(0 0 0 0 0 0) - 0
#(0 0 0 0 0 0) - 0
#(0 0 0 0 0 0) - 0
#(0 0 0 0 0 0) - 0
#(0 0 0 0 0 0) - 0
#(0 0 0 0 0 0) - 0
#(0 0 0 0 0 0) - 0
#(0 0 0 0 0 0) - 0
#(0 0 0 0 0 0) - 0
#(0 0 0 0 0 0) - 0
#(0 0 0 0 0 0) - 0
#(0 0 0 0 0 0) - 0
#(0 0 0 0 0 0) - 0
#(0 0 0 0 0 0) - 0
#(0 0 0 0 0 0) - 0
#(0 0 0 0 0 0) - 0
#(0 0 0 0 0 0) - 0
#(0 0 0 0 0 0) - 0
#(0 0 0 0 0 0) - 0
#(0 0 0 0 0 0) - 0
#(0 0 0 0 0 0) - 0
#(0 0 0 0 0 0) - 0
#(0 0 0 0 0 0) - 0
#(0 0 0 0 0 0) - 0
#(0 0 0 0 0 0) - 0
#(0 0 0 0 0 0) - 0
#(0 0 0 0 0 0) - 0
#(0 0 0 0 0 0) - 0
#(0 0 0 0 0 0) - 0
#(0 0 0 0 0 0) - 0
#(0 0 0 0 0 0) - 0
#(0 0 0 0 0 0) - 0
#(0 0 0 0 0 0) - 0
#(0 0 0 0 0 0) - 0
#(0 0 0 0 0 0) - 0
#(0 0 0 0 0 0) - 0
#(0 0 0 0 0 0) - 0
#(0 0 0 0 0 0) - 0
#(0 0 0 0 0 0) - 0
#(0 0 0 0 0 0) - 0
#(0 0 0 0 0 0) - 0
#(0 0 0 0 0 0) - 0
#(0 0 0 0 0 0) - 0
#(0 0 0 0 0 0) - 0
#(0 0 0 0 0 0) - 0
#(0 0.5 0 0 0 0) - 1
#(0 0.6666667 0 0 0 0) - 1
#(0 0.5833333 0 0 0 0) - 1
#(0 0.75 0 0 0 0) - 1
#(0 0.5833333 0 0 0 0) - 1
#(0 0.75 0 0 0 0) - 1
#(0 0.5 0 0 0 0) - 1
#(0 0.6666667 0 0 0 0) - 1
#(0 0.5 0 0 0 0) - 1
#(0 0.75 0 0 0 0) - 1
#(0 0.5833333 0 0 0 0) - 1
#(0 0.5833333 0 0 0 0) - 1
#(0 0.6666667 0 0 0 0) - 1
#(0 0.75 0 0 0 0) - 1
#(0 0.6666667 0 0 0 0) - 1
#(0 0.5 0 0 0 0) - 1
#(0 0.6666667 0 0 0 0) - 1
#(0 0.41666666 0 0 0 0) - 1
#(0 0.5 0 0 0 0) - 1
#(0 0.5 0 0 0 0) - 1
#(0 0.75 0 0 0 0) - 1
#(0 0.75 0 0 0 0) - 1
#(0 0.5833333 0 0 0 0) - 1
#(0 0.5833333 0 0 0 0) - 1
#(0 0.41666666 0 0 0 0) - 1
#(0 0.5 0 0 0 0) - 1
#(0 0.5 0 0 0 0) - 1
#(0 0.6666667 0 0 0 0) - 1
#(0 0.6666667 0 0 0 0) - 1
#(0 0.5833333 0 0 0 0) - 1
#(0 0.6666667 0 0 0 0) - 1
#(0 0.6666667 0 0 0 0) - 1
#(0 0.6666667 0 0 0 0) - 1
#(0 0.6666667 0 0 0 0) - 1
#(0 0.33333334 0 0 0 0) - 1
#(0 0 0 0 0 0) - 0
#(0 0 0 0 0 0) - 0
#(0 0 0 0 0 0) - 0
#(0 0 0 0 0 0) - 0
#(0 0 0 0 0 0) - 0
#(0 0 0 0 0 0) - 0
#(0 0 0 0 0 0) - 0
#(0 0 0 0 0 0) - 0
#(0 0 0 0 0 0) - 0
#(0 0 0 0 0 0) - 0
#(0 0 0 0 0 0) - 0
#(0 0 0 0 0 0) - 0
#(0 0 0 0 0 0) - 0
#(0 0 0 0 0 0) - 0
#(0 0 0 0 0 0) - 0
#(0 0 0 0 0 0) - 0
#(0 0 0 0 0 0) - 0
#(0 0 0 0 0 0) - 0
#(0 0 0 0 0 0) - 0
#(0 0 0 0 0 0) - 0
#(0 0 0 0 0 0) - 0
#(0 0 0 0 0 0) - 0
#(0 0 0 0 0 0) - 0
#(0 0 0 0 0 0) - 0
#(0 0 0 0 0 0) - 0
#(0 0 0 0 0 0) - 0
#(0 0 0 0 0 0) - 0
#(0 0 0 0 0 0) - 0
#(0 0 0 0 0 0) - 0
#(0 0 0 0 0 0) - 0
#(0 0 0 0 0 0) - 0
#(0 0 0 0 0 0) - 0
#(0 0 0 0 0 0) - 0
#(0 0 0 0 0 0) - 0
#(0 0 0 0 0 0) - 0
#(0 0 0 0 0 0) - 0
#(0 0 0 0 0 0) - 0
#(0 0 0 0 0 0) - 0
#(0 0 0 0 0 0) - 0
#(0 0 0 0 0 0) - 0
#(0 0 0 0 0 0) - 0
#(0 0 0 0 0 0) - 0
#(0 0 0 0 0 0) - 0
#(0 0 0 0 0 0) - 0
#(0 0 0 0 0 0) - 0
#(0 0 0 0 0 0) - 0
#(0 0 0 0 0 0) - 0
#(0 0 0 0 0 0) - 0
#(0 0 0 0 0 0) - 0
#(0 0 0 0 0 0) - 0
#(0 0 0 0 0 0) - 0
#(0 0 0 0 0 0) - 0
#(0 0 0 0 0 0) - 0
#(0 0 0 0 0 0) - 0
#(0 0 0 0 0 0) - 0
#(0 0 0 0 0 0) - 0
#(0 0 0 0 0 0) - 0
#(0 0 0 0 0 0) - 0
#(0 0.083333336 0 0 0 0) - 1
#(0 0 0 0 0 0) - 0
#(0 0.083333336 0 0 0 0) - 1
#(0 0.083333336 0 0 0 0) - 1
#(0 0.083333336 0 0 0 0) - 1
#(0 0.083333336 0 0 0 0) - 1
#(0 0 0 0 0 0) - 0
#(0 0.083333336 0 0 0 0) - 1
#(0 0 0 0 0 0) - 0
#(0 0 0 0 0 0) - 0
#(0 0.16666667 0 0 0 0) - 1
#(0 0.16666667 0 0 0 0) - 1
#(0 0.16666667 0 0 0 0) - 1
#(0 0.16666667 0 0 0 0) - 1
#(0 0.16666667 0 0 0 0) - 1
#(0 0.16666667 0 0 0 0) - 1
#(0 0.16666667 0 0 0 0) - 1
#(0 0.16666667 0 0 0 0) - 1
#(0 0.16666667 0 0 0 0) - 1
#(0 0.16666667 0 0 0 0) - 1
#(0 0.16666667 0 0 0 0) - 1
#(0 0.16666667 0 0 0 0) - 1
#(0 0.16666667 0 0 0 0) - 1
#(0 0.16666667 0 0 0 0) - 1
#(0 0.16666667 0 0 0 0) - 1
#(0 0.16666667 0 0 0 0) - 1
#(0 0.16666667 0 0 0 0) - 1
#(0 0.16666667 0 0 0 0) - 1
#(0 0.16666667 0 0 0 0) - 1
#(0 0.16666667 0 0 0 0) - 1
#(0 0.16666667 0 0 0 0) - 1
#(0 0.16666667 0 0 0 0) - 1
#(0 0.16666667 0 0 0 0) - 1
#(0 0.16666667 0 0 0 0) - 1
#(0 0.16666667 0 0 0 0) - 1
#(0 0.16666667 0 0 0 0) - 1
#(0 0.16666667 0 0 0 0) - 1
#(0 0.16666667 0 0 0 0) - 1
#(0 0.16666667 0 0 0 0) - 1
#(0 0.16666667 0 0 0 0) - 1
#(0 0.16666667 0 0 0 0) - 1
#(0 0.083333336 0 0 0 0) - 1
#(0 0.16666667 0 0 0 0) - 1
#(0 0.16666667 0 0 0 0) - 1
#(0 0.16666667 0 0 0 0) - 1
#(0 0.16666667 0 0 0 0) - 1
#(0 0.16666667 0 0 0 0) - 1
#(0 0.16666667 0 0 0 0) - 1
#(0 0.16666667 0 0 0 0) - 1
#(0 0.16666667 0 0 0 0) - 1
#(0 0.16666667 0 0 0 0) - 1
#(0 0.16666667 0 0 0 0) - 1
#(0 0.16666667 0 0 0 0) - 1
#(0 0.16666667 0 0 0 0) - 1
#(0 0.16666667 0 0 0 0) - 1
#(0 0.16666667 0 0 0 0) - 1
#(0 0.16666667 0 0 0 0) - 1
#(0 0.16666667 0 0 0 0) - 1
#(0 0.16666667 0 0 0 0) - 1
#(0 0.16666667 0 0 0 0) - 1
#(0 0.16666667 0 0 0 0) - 1
#(0 0.16666667 0 0 0 0) - 1
#(0 0.16666667 0 0 0 0) - 1
#(0 0.16666667 0 0 0 0) - 1
#(0 0.16666667 0 0 0 0) - 1
#(0 0.16666667 0 0 0 0) - 1
#(0 0.16666667 0 0 0 0) - 1
#(0 0.16666667 0 0 0 0) - 1
#(0 0.16666667 0 0 0 0) - 1
#(0 0.16666667 0 0 0 0) - 1
#(0 0.16666667 0 0 0 0) - 1
#(0 0.16666667 0 0 0 0) - 1
#(0 0.083333336 0 0 0 0) - 1
#(0 0.083333336 0 0 0 0) - 1
#(0 0 0 0 0 0) - 0
#(0 0.083333336 0 0 0 0) - 1
#(0 0.083333336 0 0 0 0) - 1
#(0 0 0 0 0 0) - 0
#(0 0 0 0 0 0) - 0
#(0 0 0 0 0 0) - 0
#(0 0 0 0 0 0) - 0
#(0 0 0 0 0 0) - 0
#(0 0.083333336 0 0 0 0) - 1
#(0 0.083333336 0 0 0 0) - 1
#(0 0 0 0 0 0) - 0
#(0 0.083333336 0 0 0 0) - 1
#(0 0 0 0 0 0) - 0
#(0 0 0 0 0 0) - 0
#(0 0 0 0 0 0) - 0
#(0 0 0 0 0 0) - 0
#(0 0.083333336 0 0 0 0) - 1
#(0 0.083333336 0 0 0 0) - 1
#(0 0.083333336 0 0 0 0) - 1
#(0 0.083333336 0 0 0 0) - 1
#(0 0.083333336 0 0 0 0) - 1
#(0 0.083333336 0 0 0 0) - 1
#(0 0.083333336 0 0 0 0) - 1
#(0 0.083333336 0 0 0 0) - 1
#(0 0 0 0 0 0) - 0
#(0 0 0 0 0 0) - 0
#(0 0.083333336 0 0 0 0) - 1
#(0 0 0 0 0 0) - 0
#(0 0 0 0 0 0) - 0
#(0 0 0 0 0 0) - 0
#(0 0 0 0 0 0) - 0
#(0 0.083333336 0 0 0 0) - 1
#(0 0.083333336 0 0 0 0) - 1
#(0 0.083333336 0 0 0 0) - 1
#(0 0.083333336 0 0 0 0) - 1
#(0 0.083333336 0 0 0 0) - 1
#(0 0 0 0 0 0) - 0
#(0 0.083333336 0 0 0 0) - 1
#(0 0.083333336 0 0 0 0) - 1
#(0 0 0 0 0 0) - 0
#(0 0 0 0 0 0) - 0
#(0 0 0 0 0 0) - 0
#(0 0 0 0 0 0) - 0
#(0 0 0 0 0 0) - 0
#(0 0 0 0 0 0) - 0
#(0 0 0 0 0 0) - 0
#(0 0 0 0 0 0) - 0
#(0 0 0 0 0 0) - 0
#(0 0 0 0 0 0) - 0
#(0 0 0 0 0 0) - 0
#(0 0 0 0 0 0) - 0
#(0 0 0 0 0 0) - 0
#(0 0 0 0 0 0) - 0
#(0 0 0 0 0 0) - 0
#(0 0 0 0 0 0) - 0
#(0 0 0 0 0 0) - 0
#(0 0 0 0 0 0) - 0
#(0 0 0 0 0 0) - 0
#(0 0 0 0 0 0) - 0
#(0 0 0 0 0 0) - 0
#(0 0 0 0 0 0) - 0
#(0 0.083333336 0 0 0 0) - 1
#(0 0.083333336 0 0 0 0) - 1
#(0 0.083333336 0 0 0 0) - 1
#(0 0 0 0 0 0) - 0
#(0 0 0 0 0 0) - 0
#(0 0.083333336 0 0 0 0) - 1
#(0 0.083333336 0 0 0 0) - 1
#(0 0.083333336 0 0 0 0) - 1
#(0 0 0 0 0 0) - 0
#(0 0.083333336 0 0 0 0) - 1
#(0 0.083333336 0 0 0 0) - 1
#(0 0.083333336 0 0 0 0) - 1
#(0 0.083333336 0 0 0 0) - 1
#(0 0 0 0 0 0) - 0
#(0 0 0 0 0 0) - 0
#(0 0.083333336 0 0 0 0) - 1
#(0 0.083333336 0 0 0 0) - 1
#(0 0.083333336 0 0 0 0) - 1
#(0 0 0 0 0 0) - 0
#(0 0 0 0 0 0) - 0
#(0 0 0 0 0 0) - 0
#(0 0.083333336 0 0 0 0) - 1
#(0 0.083333336 0 0 0 0) - 1
#(0 0.083333336 0 0 0 0) - 1
#(0 0.083333336 0 0 0 0) - 1
#(0 0.083333336 0 0 0 0) - 1
#(0 0.083333336 0 0 0 0) - 1
#(0 0.083333336 0 0 0 0) - 1
#(0 0.083333336 0 0 0 0) - 1
#(0 0.083333336 0 0 0 0) - 1
#(0 0.083333336 0 0 0 0) - 1
#(0 0 0 0 0 0) - 0
#(0 0 0 0 0 0) - 0
#(0 0 0 0 0 0) - 0
#(0 0 0 0 0 0) - 0
#(0 0.083333336 0 0 0 0) - 1
#(0 0.083333336 0 0 0 0) - 1
#(0 0.083333336 0 0 0 0) - 1
#(0 0 0 0 0 0) - 0
#(0 0 0 0 0 0) - 0
#(0 0.083333336 0 0 0 0) - 1
#(0 0 0 0 0 0) - 0
#(0 0 0 0 0 0) - 0
#(0 0.083333336 0 0 0 0) - 1
#(0 0.083333336 0 0 0 0) - 1
#(0 0.083333336 0 0 0 0) - 1
#(0 0.083333336 0 0 0 0) - 1
#(0 0 0 0 0 0) - 0
#(0 0 0 0 0 0) - 0
#(0 0 0 0 0 0) - 0
#(0 0.083333336 0 0 0 0) - 1
#(0 0 0 0 0 0) - 0
#(0 0.083333336 0 0 0 0) - 1
#(0 0.083333336 0 0 0 0) - 1
#(0 0.083333336 0 0 0 0) - 1
#(0 0.083333336 0 0 0 0) - 1
#(0 0 0 0 0 0) - 0
#(0 0 0 0 0 0) - 0
#(0 0 0 0 0 0) - 0
#(0 0 0 0 0 0) - 0
#(0 0 0 0 0 0) - 0
#(0 0 0 0 0 0) - 0
#(0 0 0 0 0 0) - 0
#(0 0 0 0 0 0) - 0
#(0 0 0 0 0 0) - 0
#(0 0 0 0 0 0) - 0
#(0 0 0 0 0 0) - 0
#(0 0 0 0 0 0) - 0
#(0 0 0 0 0 0) - 0
#(0 0 0 0 0 0) - 0
#(0 0 0 0 0 0) - 0
#(0 0 0 0 0 0) - 0
#(0 0 0 0 0 0) - 0
#(0 0 0 0 0 0) - 0
#(0 0 0 0 0 0) - 0
#(0 0 0 0 0 0) - 0
#(0 0 0 0 0 0) - 0
#(0 0 0 0 0 0) - 0
#(0 0 0 0 0 0) - 0
#(0 0 0 0 0 0) - 0
#(0 0 0 0 0 0) - 0
#(0 0 0 0 0 0) - 0
#(0 0 0 0 0 0) - 0
#(0 0 0 0 0 0) - 0
#(0 0 0 0 0 0) - 0
#(0 0 0 0 0 0) - 0
#(0 0 0 0 0 0) - 0
#(0 0 0 0 0 0) - 0
#(0 0 0 0 0 0) - 0
#(0 0 0 0 0 0) - 0
#(0 0 0 0 0 0) - 0
#(0 0 0 0 0 0) - 0
#(0 0 0 0 0 0) - 0
#(0 0 0 0 0 0) - 0
#(0 0 0 0 0 0) - 0
#(0 0 0 0 0 0) - 0
#(0 0 0 0 0 0) - 0
#(0 0 0 0 0 0) - 0
#(0 0 0 0 0 0) - 0
#(0 0 0 0 0 0) - 0
#(0 0 0 0 0 0) - 0
#(0 0 0 0 0 0) - 0
#(0 0 0 0 0 0) - 0
#(0 0 0 0 0 0) - 0
#(0 0 0 0 0 0) - 0
#(0 0 0 0 0 0) - 0
#(0 0 0 0 0 0) - 0
#(0 0 0 0 0 0) - 0
#(0 0 0 0 0 0) - 0
#(0 0 0 0 0 0) - 0
#(0 0 0 0 0 0) - 0
#(0 0 0 0 0 0) - 0
#(0 0 0 0 0 0) - 0
#(0 0 0 0 0 0) - 0
#(0 0 0 0 0 0) - 0
#(0 0 0 0 0 0) - 0
#(0 0 0 0 0 0) - 0
#(0 0 0 0 0 0) - 0
#(0 0 0 0 0 0) - 0
#(0 0 0 0 0 0) - 0
#(0 0 0 0 0 0) - 0
#(0 0 0 0 0 0) - 0
#(0 0 0 0 0 0) - 0
#(0 0 0 0 0 0) - 0
#(0 0 0 0 0 0) - 0
#(0 0 0 0 0 0) - 0
#(0 0 0 0 0 0) - 0
#(0 0 0 0 0 0) - 0
#(0 0 0 0 0 0) - 0
#(0 0 0 0 0 0) - 0
#(0 0 0 0 0 0) - 0
#(0 0 0 0 0 0) - 0
#(0 0 0 0 0 0) - 0
#(0 0 0 0 0 0) - 0
#(0 0 0 0 0 0) - 0
#(0 0 0 0 0 0) - 0
#(0 0 0 0 0 0) - 0
#(0 0 0 0 0 0) - 0
#(0 0 0 0 0 0) - 0
#(0 0 0 0 0 0) - 0
#(0 0 0 0 0 0) - 0
#(0 0 0 0 0 0) - 0
#(0 0 0 0 0 0) - 0
#(0 0 0 0 0 0) - 0
#(0 0 0 0 0 0) - 0
#(0 0 0 0 0 0) - 0
#(0 0 0 0 0 0) - 0
#(0 0 0 0 0 0) - 0
#(0 0 0 0 0 0) - 0
#(0 0 0 0 0 0) - 0
#(0 0 0 0 0 0) - 0
#(0 0 0 0 0 0) - 0
#(0 0 0 0 0 0) - 0
#(0 0 0 0 0 0) - 0
#(0 0 0 0 0 0) - 0
#(0 0 0 0 0 0) - 0
#(0 0 0 0 0 0) - 0
#(0 0 0 0 0 0) - 0
#(0 0 0 0 0 0) - 0
#(0 0 0 0 0 0) - 0
#(0 0 0 0 0 0) - 0
#(0 0 0 0 0 0) - 0
#(0 0 0 0 0 0) - 0
#(0 0 0 0 0 0) - 0
#(0 0 0 0 0 0) - 0
#(0 0 0 0 0 0) - 0
#(0 0 0 0 0 0) - 0
#(0 0 0 0 0 0) - 0
#(0 0 0 0 0 0) - 0
#(0 0 0 0 0 0) - 0
#(0 0 0 0 0 0) - 0
#(0 0 0 0 0 0) - 0
#(0 0 0 0 0 0) - 0
#(0 0 0 0 0 0) - 0
#(0 0 0 0 0 0) - 0
#(0 0 0 0 0 0) - 0
#(0 0 0 0 0 0) - 0
#(0 0 0 0 0 0) - 0
#(0 0 0 0 0 0) - 0
#(0 0 0 0 0 0) - 0
#(0 0 0 0 0 0) - 0
#(0 0 0 0 0 0) - 0
#(0 0 0 0 0 0) - 0
#(0 0 0 0 0 0) - 0
#(0 0 0 0 0 0) - 0
#(0 0 0 0 0 0) - 0
#(0 0 0 0 0 0) - 0
#(0 0 0 0 0 0) - 0
#(0 0 0 0 0 0) - 0
#(0 0 0 0 0 0) - 0
#(0 0 0 0 0 0) - 0
#(0 0 0 0 0 0) - 0
#(0 0 0 0 0 0) - 0
#(0 0 0 0 0 0) - 0
#(0 0 0 0 0 0) - 0
#(0 0 0 0 0 0) - 0
#(0 0 0 0 0 0) - 0
#(0 0 0 0 0 0) - 0
#(0 0 0 0 0 0) - 0
#(0 0 0 0 0 0) - 0
#(0 0 0 0 0 0) - 0
#(0 0 0 0 0 0) - 0
#(0 0 0 0 0 0) - 0
#(0 0 0 0 0 0) - 0
#(0 0 0 0 0 0) - 0
#(0 0 0 0 0 0) - 0
#(0 0 0 0 0 0) - 0
#(0 0 0 0 0 0) - 0
#(0 0 0 0 0 0) - 0
#(0 0 0 0 0 0) - 0
#(0 0 0 0 0 0) - 0
#(0 0 0 0 0 0) - 0
#(0 0 0 0 0 0) - 0
#(0 0 0 0 0 0) - 0
#(0 0 0 0 0 0) - 0
#(0 0 0 0 0 0) - 0
#(0 0 0 0 0 0) - 0
#(0 0 0 0 0 0) - 0
#(0 0 0 0 0 0) - 0
#(0 0 0 0 0 0) - 0
#(0 0 0 0 0 0) - 0
#(0 0 0 0 0 0) - 0
#(0 0 0 0 0 0) - 0
#(0 0 0 0 0 0) - 0
#(0 0 0 0 0 0) - 0
#(0 0 0 0 0 0) - 0
#(0 0 0 0 0 0) - 0
#(0 0 0 0 0 0) - 0
#(0 0 0 0 0 0) - 0
#(0 0 0 0 0 0) - 0
#(0 0 0 0 0 0) - 0
#(0 0 0 0 0 0) - 0
#(0 0 0 0 0 0) - 0
#(0 0 0 0 0 0) - 0
#(0 0 0 0 0 0) - 0
#(0 0 0 0 0 0) - 0
#(0 0 0 0 0 0) - 0
#(0 0 0 0 0 0) - 0
#(0 0 0 0 0 0) - 0
#(0 0 0 0 0 0) - 0
#(0 0 0 0 0 0) - 0
#(0 0 0 0 0 0) - 0
#(0 0 0 0 0 0) - 0
#(0 0 0 0 0 0) - 0
#(0 0 0 0 0 0) - 0
#(0 0 0 0 0 0) - 0
#(0 0 0 0 0 0) - 0
#(0 0 0 0 0 0) - 0
#(0 0 0 0 0 0) - 0
#(0 0 0 0 0 0) - 0
#(0 0 0 0 0 0) - 0
#(0 0 0 0 0 0) - 0
#(0 0 0 0 0 0) - 0
#(0 0 0 0 0 0) - 0
#(0 0 0 0 0 0) - 0
#(0 0 0 0 0 0) - 0
#(0 0 0 0 0 0) - 0
#(0 0 0 0 0 0) - 0
#(0 0 0 0 0 0) - 0
#(0 0 0 0 0 0) - 0
#(0 0 0 0 0 0) - 0
#(0 0 0 0 0 0) - 0
#(0 0 0 0 0 0) - 0
#(0 0 0 0 0 0) - 0
#(0 0 0 0 0 0) - 0
#(0 0 0 0 0 0) - 0
#(0 0 0 0 0 0) - 0
#(0 0 0 0 0 0) - 0
#(0 0 0 0 0 0) - 0
#(0 0 0 0 0 0) - 0
#(0 0 0 0 0 0) - 0
#(0 0 0 0 0 0) - 0
#(0 0 0 0 0 0) - 0
#(0 0 0 0 0 0) - 0
#(0 0 0 0 0 0) - 0
#(0 0 0 0 0 0) - 0
#(0 0 0 0 0 0) - 0
#(0 0 0 0 0 0) - 0
#(0 0 0 0 0 0) - 0
#(0 0 0 0 0 0) - 0
#(0 0 0 0 0 0) - 0
#(0 0 0 0 0 0) - 0
#(0 0 0 0 0 0) - 0
#(0 0 0 0 0 0) - 0
#(0 0 0 0 0 0) - 0
#(0 0 0 0 0 0) - 0
#(0 0 0 0 0 0) - 0
#(0 0 0 0 0 0) - 0
#(0 0 0 0 0 0) - 0
#(0 0 0 0 0 0) - 0
#(0 0 0 0 0 0) - 0
#(0 0 0 0 0 0) - 0
#(0 0 0 0 0 0) - 0
#(0 0 0 0 0 0) - 0
#(0 0 0 0 0 0) - 0
#(0 0 0 0 0 0) - 0
#(0 0 0 0 0 0) - 0
#(0 0 0 0 0 0) - 0
#(0 0 0 0 0 0) - 0
#(0 0 0 0 0 0) - 0
#(0 0 0 0 0 0) - 0
#(0 0 0 0 0 0) - 0
#(0 0 0 0 0 0) - 0
#(0 0 0 0 0 0) - 0
#(0 0 0 0 0 0) - 0
#(0 0 0 0 0 0) - 0
#(0 0 0 0 0 0) - 0
#(0 0 0 0 0 0) - 0
#(0 0.083333336 0 0 0 0) - 1
#(0 0.083333336 0 0 0 0) - 1
#(0 0.083333336 0 0 0 0) - 1
#(0 0.083333336 0 0 0 0) - 1
#(0 0.083333336 0 0 0 0) - 1
#(0 0.083333336 0 0 0 0) - 1
#(0 0 0 0 0 0) - 0
#(0 0.083333336 0 0 0 0) - 1
#(0 0 0 0 0 0) - 0
#(0 0 0 0 0 0) - 0
#(0 0.083333336 0 0 0 0) - 1
#(0 0.083333336 0 0 0 0) - 1
#(0 0 0 0 0 0) - 0
#(0 0 0 0 0 0) - 0
#(0 0.083333336 0 0 0 0) - 1
#(0 0.083333336 0 0 0 0) - 1
#(0 0.083333336 0 0 0 0) - 1
#(0 0.083333336 0 0 0 0) - 1
#(0 0 0 0 0 0) - 0
#(0 0 0 0 0 0) - 0
#(0 0 0 0 0 0) - 0
#(0 0 0 0 0 0) - 0
#(0 0 0 0 0 0) - 0
#(0 0 0 0 0 0) - 0
#(0 0 0 0 0 0) - 0
#(0 0 0 0 0 0) - 0
#(0 0 0 0 0 0) - 0
#(0 0 0 0 0 0) - 0
#(0 0 0 0 0 0) - 0
#(0 0 0 0 0 0) - 0
#(0 0 0 0 0 0) - 0
#(0 0 0 0 0 0) - 0
#(0 0 0 0 0 0) - 0
#(0 0 0 0 0 0) - 0
#(0 0 0 0 0 0) - 0
#(0 0 0 0 0 0) - 0
#(0 0 0 0 0 0) - 0
#(0 0 0 0 0 0) - 0
#(0 0 0 0 0 0) - 0
#(0 0 0 0 0 0) - 0
#(0 0 0 0 0 0) - 0
#(0 0 0 0 0 0) - 0
#(0 0 0 0 0 0) - 0
#(0 0 0 0 0 0) - 0
#(0 0 0 0 0 0) - 0
#(0 0 0 0 0 0) - 0
#(0 0 0 0 0 0) - 0
#(0 0 0 0 0 0) - 0
#(0 0 0 0 0 0) - 0
#(0 0 0 0 0 0) - 0
#(0 0 0 0 0 0) - 0
#(0 0 0 0 0 0) - 0
#(0 0 0 0 0 0) - 0
#(0 0 0 0 0 0) - 0
#(0 0 0 0 0 0) - 0
#(0 0 0 0 0 0) - 0
#(0 0 0 0 0 0) - 0
#(0 0 0 0 0 0) - 0
#(0 0 0 0 0 0) - 0
#(0 0 0 0 0 0) - 0
#(0 0 0 0 0 0) - 0
#(0 0 0 0 0 0) - 0
#(0 0 0 0 0 0) - 0
#(0 0 0 0 0 0) - 0
#(0 0 0 0 0 0) - 0
#(0 0 0 0 0 0) - 0
#(0 0 0 0 0 0) - 0
#(0 0 0 0 0 0) - 0
#(0 0 0 0 0 0) - 0
#(0 0 0 0 0 0) - 0
#(0 0 0 0 0 0) - 0
#(0 0 0 0 0 0) - 0
#(0 0 0 0 0 0) - 0
#(0 0 0 0 0 0) - 0
#(0 0 0 0 0 0) - 0
#(0 0 0 0 0 0) - 0
#(0 0 0 0 0 0) - 0
#(0 0 0 0 0 0) - 0
#(0 0 0 0 0 0) - 0
#(0 0 0 0 0 0) - 0
#(0 0 0 0 0 0) - 0
#(0 0 0 0 0 0) - 0
#(0 0 0 0 0 0) - 0
#(0 0 0 0 0 0) - 0
#(0 0 0 0 0 0) - 0
#(0 0 0 0 0 0) - 0
#(0 0 0 0 0 0) - 0
#(0 0 0 0 0 0) - 0
#(0 0 0 0 0 0) - 0
#(0 0 0 0 0 0) - 0
#(0 0 0 0 0 0) - 0
#(0 0 0 0 0 0) - 0
#(0 0 0 0 0 0) - 0
#(0 0 0 0 0 0) - 0
#(0 0 0 0 0 0) - 0
#(0 0 0 0 0 0) - 0
#(0 0 0 0 0 0) - 0
#(0 0 0 0 0 0) - 0
#(0 0 0 0 0 0) - 0
#(0 0 0 0 0 0) - 0
#(0 0 0 0 0 0) - 0
#(0 0 0 0 0 0) - 0
#(0 0 0 0 0 0) - 0
#(0 0 0 0 0 0) - 0
#(0 0 0 0 0 0) - 0
#(0 0 0 0 0 0) - 0
#(0 0 0 0 0 0) - 0
#(0 0 0 0 0 0) - 0
#(0 0 0 0 0 0) - 0
#(0 0 0 0 0 0) - 0
#(0 0 0 0 0 0) - 0
#(0 0 0 0 0 0) - 0
#(0 0 0 0 0 0) - 0
#(0 0 0 0 0 0) - 0
#(0 0 0 0 0 0) - 0
#(0 0 0 0 0 0) - 0
#(0 0 0 0 0 0) - 0
#(0 0 0 0 0 0) - 0
#(0 0 0 0 0 0) - 0
#(0 0 0 0 0 0) - 0
#(0 0 0 0 0 0) - 0
#(0 0 0 0 0 0) - 0
#(0 0 0 0 0 0) - 0
#(0 0 0 0 0 0) - 0
#(0 0 0 0 0 0) - 0
#(0 0 0 0 0 0) - 0
#(0 0 0 0 0 0) - 0
#(0 0 0 0 0 0) - 0
#(0 0 0 0 0 0) - 0
#(0 0 0 0 0 0) - 0

Grupo 2
#(0 0 0 0 0 0) - 0
#(0 0 0 0 0 0) - 0
#(0 0 0 0 0 0) - 0
#(0 0 0 0 0 0) - 0
#(0 0 0 0 0 0) - 0
#(0 0 0 0 0 0) - 0
#(0 0 0 0 0 0) - 0
#(0 0 0 0 0 0) - 0
#(0 0 0 0 0 0) - 0
#(0 0 0 0 0 0) - 0
#(0 0 0 0 0 0) - 0
#(0 0 0 0 0 0) - 0
#(0 0 0 0 0 0) - 0
#(0 0 0 0 0 0) - 0
#(0 0 0 0 0 0) - 0
#(0 0 0 0 0 0) - 0
#(0 0 0 0 0 0) - 0
#(0 0 0.92 0 0 0) - 2
#(0 0 0.76 0 0 0) - 2
#(0 0 0.92 0 0 0) - 2
#(0 0 0.76 0 0 0) - 2
#(0 0 0.68 0 0 0) - 2
#(0 0 0.52 0 0 0) - 2
#(0 0 0.56 0 0 0) - 2
#(0 0 0.44 0 0 0) - 2
#(0 0 0.68 0 0 0) - 2
#(0 0 0.92 0 0 0) - 2
#(0 0 0.76 0 0 0) - 2
#(0 0 0.92 0 0 0) - 2
#(0 0 0.6 0 0 0) - 2
#(0 0 0.76 0 0 0) - 2
#(0 0 0.56 0 0 0) - 2
#(0 0 0.8 0 0 0) - 2
#(0 0 0.6 0 0 0) - 2
#(0 0 0.44 0 0 0) - 2
#(0 0 0 0 0 0) - 0
#(0 0 0 0 0 0) - 0
#(0 0 0 0 0 0) - 0
#(0 0 0 0 0 0) - 0
#(0 0 0 0 0 0) - 0
#(0 0 0 0 0 0) - 0
#(0 0 0 0 0 0) - 0
#(0 0 0 0 0 0) - 0
#(0 0 0 0 0 0) - 0
#(0 0 0 0 0 0) - 0
#(0 0 0 0 0 0) - 0
#(0 0 0 0 0 0) - 0
#(0 0 0 0 0 0) - 0
#(0 0 0 0 0 0) - 0
#(0 0 0 0 0 0) - 0
#(0 0 0 0 0 0) - 0
#(0 0 0 0 0 0) - 0
#(0 0 0 0 0 0) - 0
#(0 0 0 0 0 0) - 0
#(0 0 0 0 0 0) - 0
#(0 0 0 0 0 0) - 0
#(0 0 0 0 0 0) - 0
#(0 0 0 0 0 0) - 0
#(0 0 0 0 0 0) - 0
#(0 0 0 0 0 0) - 0
#(0 0 0 0 0 0) - 0
#(0 0 0 0 0 0) - 0
#(0 0 0 0 0 0) - 0
#(0 0 0 0 0 0) - 0
#(0 0 0 0 0 0) - 0
#(0 0 0 0 0 0) - 0
#(0 0 0 0 0 0) - 0
#(0 0 0 0 0 0) - 0
#(0 0 0 0 0 0) - 0
#(0 0 0 0 0 0) - 0
#(0 0 0 0 0 0) - 0
#(0 0 0 0 0 0) - 0
#(0 0 0 0 0 0) - 0
#(0 0 0 0 0 0) - 0
#(0 0 0 0 0 0) - 0
#(0 0 0 0 0 0) - 0
#(0 0 0 0 0 0) - 0
#(0 0 0 0 0 0) - 0
#(0 0 0 0 0 0) - 0
#(0 0 0 0 0 0) - 0
#(0 0 0 0 0 0) - 0
#(0 0 0 0 0 0) - 0
#(0 0 0 0 0 0) - 0
#(0 0 0 0 0 0) - 0
#(0 0 0 0 0 0) - 0
#(0 0 0 0 0 0) - 0
#(0 0 0 0 0 0) - 0
#(0 0 0 0 0 0) - 0
#(0 0 0 0 0 0) - 0
#(0 0 0 0 0 0) - 0
#(0 0 0 0 0 0) - 0
#(0 0 0 0 0 0) - 0
#(0 0 0 0 0 0) - 0
#(0 0 0 0 0 0) - 0
#(0 0 0 0 0 0) - 0
#(0 0 0 0 0 0) - 0
#(0 0 0 0 0 0) - 0
#(0 0 0 0 0 0) - 0
#(0 0 0 0 0 0) - 0
#(0 0 0 0 0 0) - 0
#(0 0 0 0 0 0) - 0
#(0 0 0 0 0 0) - 0
#(0 0 0 0 0 0) - 0
#(0 0 0 0 0 0) - 0
#(0 0 0 0 0 0) - 0
#(0 0 0 0 0 0) - 0
#(0 0 0 0 0 0) - 0
#(0 0 0 0 0 0) - 0
#(0 0 0 0 0 0) - 0
#(0 0 0 0 0 0) - 0
#(0 0 0 0 0 0) - 0
#(0 0 0 0 0 0) - 0
#(0 0 0 0 0 0) - 0
#(0 0 0 0 0 0) - 0
#(0 0 0 0 0 0) - 0
#(0 0 0 0 0 0) - 0
#(0 0 0 0 0 0) - 0
#(0 0 0 0 0 0) - 0
#(0 0 0 0 0 0) - 0
#(0 0 0 0 0 0) - 0
#(0 0 0 0 0 0) - 0
#(0 0 0 0 0 0) - 0
#(0 0 0 0 0 0) - 0
#(0 0 0 0 0 0) - 0
#(0 0 0 0 0 0) - 0
#(0 0 0 0 0 0) - 0
#(0 0 0 0 0 0) - 0
#(0 0 0 0 0 0) - 0
#(0 0 0 0 0 0) - 0
#(0 0 0 0 0 0) - 0
#(0 0 0 0 0 0) - 0
#(0 0 0 0 0 0) - 0
#(0 0 0 0 0 0) - 0
#(0 0 0 0 0 0) - 0
#(0 0 0 0 0 0) - 0
#(0 0 0 0 0 0) - 0
#(0 0 0 0 0 0) - 0
#(0 0 0 0 0 0) - 0
#(0 0 0 0 0 0) - 0
#(0 0 0 0 0 0) - 0
#(0 0 0 0 0 0) - 0
#(0 0 0 0 0 0) - 0
#(0 0 0 0 0 0) - 0
#(0 0 0 0 0 0) - 0
#(0 0 0 0 0 0) - 0
#(0 0 0 0 0 0) - 0
#(0 0 0 0 0 0) - 0
#(0 0 0 0 0 0) - 0
#(0 0 0 0 0 0) - 0
#(0 0 0 0 0 0) - 0
#(0 0 0 0 0 0) - 0
#(0 0 0 0 0 0) - 0
#(0 0 0 0 0 0) - 0
#(0 0 0 0 0 0) - 0
#(0 0 0 0 0 0) - 0
#(0 0 0 0 0 0) - 0
#(0 0 0 0 0 0) - 0
#(0 0 0 0 0 0) - 0
#(0 0 0 0 0 0) - 0
#(0 0 0 0 0 0) - 0
#(0 0 0 0 0 0) - 0
#(0 0 0 0 0 0) - 0
#(0 0 0 0 0 0) - 0
#(0 0 0 0 0 0) - 0
#(0 0 0 0 0 0) - 0
#(0 0 0 0 0 0) - 0
#(0 0 0 0 0 0) - 0
#(0 0 0 0 0 0) - 0
#(0 0 0 0 0 0) - 0
#(0 0 0 0 0 0) - 0
#(0 0 0 0 0 0) - 0
#(0 0 0 0 0 0) - 0
#(0 0 0 0 0 0) - 0
#(0 0 0 0 0 0) - 0
#(0 0 0 0 0 0) - 0
#(0 0 0 0 0 0) - 0
#(0 0 0 0 0 0) - 0
#(0 0 0 0 0 0) - 0
#(0 0 0 0 0 0) - 0
#(0 0 0 0 0 0) - 0
#(0 0 0 0 0 0) - 0
#(0 0 0 0 0 0) - 0
#(0 0 0 0 0 0) - 0
#(0 0 0 0 0 0) - 0
#(0 0 0 0 0 0) - 0
#(0 0 0 0 0 0) - 0
#(0 0 0 0 0 0) - 0
#(0 0 0 0 0 0) - 0
#(0 0 0 0 0 0) - 0
#(0 0 0 0 0 0) - 0
#(0 0 0 0 0 0) - 0
#(0 0 0 0 0 0) - 0
#(0 0 0.88 0 0 0) - 2
#(0 0 0.8 0 0 0) - 2
#(0 0 0.88 0 0 0) - 2
#(0 0 0.88 0 0 0) - 2
#(0 0 0.76 0 0 0) - 2
#(0 0 0.88 0 0 0) - 2
#(0 0 0.76 0 0 0) - 2
#(0 0 0.8 0 0 0) - 2
#(0 0 0.76 0 0 0) - 2
#(0 0 0.84 0 0 0) - 2
#(0 0 0.64 0 0 0) - 2
#(0 0 0.6 0 0 0) - 2
#(0 0 0.88 0 0 0) - 2
#(0 0 0.8 0 0 0) - 2
#(0 0 0.92 0 0 0) - 2
#(0 0 0.76 0 0 0) - 2
#(0 0 0.68 0 0 0) - 2
#(0 0 0.6 0 0 0) - 2
#(0 0 0.52 0 0 0) - 2
#(0 0 0.6 0 0 0) - 2
#(0 0 0.48 0 0 0) - 2
#(0 0 0 0 0 0) - 0
#(0 0 0 0 0 0) - 0
#(0 0 0 0 0 0) - 0
#(0 0 0 0 0 0) - 0
#(0 0 0 0 0 0) - 0
#(0 0 0 0 0 0) - 0
#(0 0 0 0 0 0) - 0
#(0 0 0 0 0 0) - 0
#(0 0 0 0 0 0) - 0
#(0 0 0 0 0 0) - 0
#(0 0 0 0 0 0) - 0
#(0 0 0 0 0 0) - 0
#(0 0 0 0 0 0) - 0
#(0 0 0 0 0 0) - 0
#(0 0 0 0 0 0) - 0
#(0 0 0 0 0 0) - 0
#(0 0 0 0 0 0) - 0
#(0 0 0 0 0 0) - 0
#(0 0 0 0 0 0) - 0
#(0 0 0 0 0 0) - 0
#(0 0 0 0 0 0) - 0
#(0 0 0 0 0 0) - 0
#(0 0 0 0 0 0) - 0
#(0 0 0 0 0 0) - 0
#(0 0 0 0 0 0) - 0
#(0 0 0 0 0 0) - 0
#(0 0 0 0 0 0) - 0
#(0 0 0 0 0 0) - 0
#(0 0 0 0 0 0) - 0
#(0 0 0 0 0 0) - 0
#(0 0 0 0 0 0) - 0
#(0 0 0 0 0 0) - 0
#(0 0 0 0 0 0) - 0
#(0 0 0 0 0 0) - 0
#(0 0 0 0 0 0) - 0
#(0 0 0 0 0 0) - 0
#(0 0 0 0 0 0) - 0
#(0 0 0 0 0 0) - 0
#(0 0 0 0 0 0) - 0
#(0 0 0 0 0 0) - 0
#(0 0 0 0 0 0) - 0
#(0 0 0 0 0 0) - 0
#(0 0 0 0 0 0) - 0
#(0 0 0 0 0 0) - 0
#(0 0 0 0 0 0) - 0
#(0 0 0 0 0 0) - 0
#(0 0 0 0 0 0) - 0
#(0 0 0 0 0 0) - 0
#(0 0 0 0 0 0) - 0
#(0 0 0 0 0 0) - 0
#(0 0 0 0 0 0) - 0
#(0 0 0 0 0 0) - 0
#(0 0 0 0 0 0) - 0
#(0 0 0 0 0 0) - 0
#(0 0 0 0 0 0) - 0
#(0 0 0 0 0 0) - 0
#(0 0 0 0 0 0) - 0
#(0 0 0 0 0 0) - 0
#(0 0 0 0 0 0) - 0
#(0 0 0 0 0 0) - 0
#(0 0 0 0 0 0) - 0
#(0 0 0 0 0 0) - 0
#(0 0 0 0 0 0) - 0
#(0 0 0 0 0 0) - 0
#(0 0 0 0 0 0) - 0
#(0 0 0 0 0 0) - 0
#(0 0 0 0 0 0) - 0
#(0 0 0 0 0 0) - 0

Grupo 3
#(0 0 0 0 0 0) - 0
#(0 0 0 0 0 0) - 0
#(0 0 0 0 0 0) - 0
#(0 0 0 0 0 0) - 0
#(0 0 0 0 0 0) - 0
#(0 0 0 0 0 0) - 0
#(0 0 0 0 0 0) - 0
#(0 0 0 0 0 0) - 0
#(0 0 0 0 0 0) - 0
#(0 0 0 0 0 0) - 0
#(0 0 0 0 0 0) - 0
#(0 0 0 0 0 0) - 0
#(0 0 0 0 0 0) - 0
#(0 0 0 0 0 0) - 0
#(0 0 0 0 0 0) - 0
#(0 0 0 0 0 0) - 0
#(0 0 0 0 0 0) - 0
#(0 0 0 0 0 0) - 0
#(0 0 0 0 0 0) - 0
#(0 0 0 0 0 0) - 0
#(0 0 0 0 0 0) - 0
#(0 0 0 0 0 0) - 0
#(0 0 0 0 0 0) - 0
#(0 0 0 0 0 0) - 0
#(0 0 0 0 0 0) - 0
#(0 0 0 0 0 0) - 0
#(0 0 0 0 0 0) - 0
#(0 0 0 0 0 0) - 0
#(0 0 0 0 0 0) - 0
#(0 0 0 0 0 0) - 0
#(0 0 0 0.008547009 0 0) - 3
#(0 0 0 0 0 0) - 0
#(0 0 0 0 0 0) - 0
#(0 0 0 0 0 0) - 0
#(0 0 0 0 0 0) - 0
#(0 0 0 0 0 0) - 0
#(0 0 0 0 0 0) - 0
#(0 0 0 0 0 0) - 0
#(0 0 0 0 0 0) - 0
#(0 0 0 0 0 0) - 0
#(0 0 0 0 0 0) - 0
#(0 0 0 0 0 0) - 0
#(0 0 0 0 0 0) - 0
#(0 0 0 0 0 0) - 0
#(0 0 0 0 0 0) - 0
#(0 0 0 0 0 0) - 0
#(0 0 0 0 0 0) - 0
#(0 0 0 0 0 0) - 0
#(0 0 0 0 0 0) - 0
#(0 0 0 0 0 0) - 0
#(0 0 0 0 0 0) - 0
#(0 0 0 0.2820513 0 0) - 3
#(0 0 0 0.2735043 0 0) - 3
#(0 0 0 0.11965812 0 0) - 3
#(0 0 0 0.13675214 0 0) - 3
#(0 0 0 0.2820513 0 0) - 3
#(0 0 0 0.22222222 0 0) - 3
#(0 0 0 0.06837607 0 0) - 3
#(0 0 0 0.102564104 0 0) - 3
#(0 0 0 0.07692308 0 0) - 3
#(0 0 0 0.15384616 0 0) - 3
#(0 0 0 0.2820513 0 0) - 3
#(0 0 0 0.26495728 0 0) - 3
#(0 0 0 0.11965812 0 0) - 3
#(0 0 0 0.26495728 0 0) - 3
#(0 0 0 0.2820513 0 0) - 3
#(0 0 0 0.051282052 0 0) - 3
#(0 0 0 0.08547009 0 0) - 3
#(0 0 0 0.051282052 0 0) - 3
#(0 0 0 0.06837607 0 0) - 3
#(0 0 0 0.08547009 0 0) - 3
#(0 0 0 0.05982906 0 0) - 3
#(0 0 0 0.2820513 0 0) - 3
#(0 0 0 0.26495728 0 0) - 3
#(0 0 0 0.11965812 0 0) - 3
#(0 0 0 0.26495728 0 0) - 3
#(0 0 0 0.2820513 0 0) - 3
#(0 0 0 0.094017096 0 0) - 3
#(0 0 0 0.35897437 0 0) - 3
#(0 0 0 0.17094018 0 0) - 3
#(0 0 0 0.21367522 0 0) - 3
#(0 0 0 0.2820513 0 0) - 3
#(0 0 0 0.24786325 0 0) - 3
#(0 0 0 0.34188035 0 0) - 3
#(0 0 0 0.30769232 0 0) - 3
#(0 0 0 0.102564104 0 0) - 3
#(0 0 0 0.16239317 0 0) - 3
#(0 0 0 0.18803419 0 0) - 3
#(0 0 0 0.17094018 0 0) - 3
#(0 0 0 0.2905983 0 0) - 3
#(0 0 0 0.2991453 0 0) - 3
#(0 0 0 0.2735043 0 0) - 3
#(0 0 0 0.26495728 0 0) - 3
#(0 0 0 0.23931624 0 0) - 3
#(0 0 0 0.24786325 0 0) - 3
#(0 0 0 0.1965812 0 0) - 3
#(0 0 0 0.2735043 0 0) - 3
#(0 0 0 0.23076923 0 0) - 3
#(0 0 0 0.23076923 0 0) - 3
#(0 0 0 0.21367522 0 0) - 3
#(0 0 0 0.35042736 0 0) - 3
#(0 0 0 0.32478634 0 0) - 3
#(0 0 0 0.34188035 0 0) - 3
#(0 0 0 0.2820513 0 0) - 3
#(0 0 0 0.20512821 0 0) - 3
#(0 0 0 0.15384616 0 0) - 3
#(0 0 0 0.21367522 0 0) - 3
#(0 0 0 0.34188035 0 0) - 3
#(0 0 0 0.3931624 0 0) - 3
#(0 0 0 0.07692308 0 0) - 3
#(0 0 0 0.21367522 0 0) - 3
#(0 0 0 0.102564104 0 0) - 3
#(0 0 0 0.35042736 0 0) - 3
#(0 0 0 0.30769232 0 0) - 3
#(0 0 0 0.2820513 0 0) - 3
#(0 0 0 0.2820513 0 0) - 3
#(0 0 0 0.41025642 0 0) - 3
#(0 0 0 0.18803419 0 0) - 3
#(0 0 0 0.08547009 0 0) - 3
#(0 0 0 0.07692308 0 0) - 3
#(0 0 0 0.37606838 0 0) - 3
#(0 0 0 0.22222222 0 0) - 3
#(0 0 0 0.16239317 0 0) - 3
#(0 0 0 0.13675214 0 0) - 3
#(0 0 0 0.042735044 0 0) - 3
#(0 0 0 0.31623933 0 0) - 3
#(0 0 0 0.41025642 0 0) - 3
#(0 0 0 0.23076923 0 0) - 3
#(0 0 0 0.2905983 0 0) - 3
#(0 0 0 0.008547009 0 0) - 3
#(0 0 0 0 0 0) - 0
#(0 0 0 0 0 0) - 0
#(0 0 0 0 0 0) - 0
#(0 0 0 0 0 0) - 0
#(0 0 0 0 0 0) - 0
#(0 0 0 0.008547009 0 0) - 3
#(0 0 0 0.008547009 0 0) - 3
#(0 0 0 0 0 0) - 0
#(0 0 0 0 0 0) - 0
#(0 0 0 0 0 0) - 0
#(0 0 0 0 0 0) - 0
#(0 0 0 0 0 0) - 0
#(0 0 0 0 0 0) - 0
#(0 0 0 0 0 0) - 0
#(0 0 0 0 0 0) - 0
#(0 0 0 0 0 0) - 0
#(0 0 0 0 0 0) - 0
#(0 0 0 0 0 0) - 0
#(0 0 0 0 0 0) - 0
#(0 0 0 0 0 0) - 0
#(0 0 0 0.008547009 0 0) - 3
#(0 0 0 0 0 0) - 0
#(0 0 0 0 0 0) - 0
#(0 0 0 0 0 0) - 0
#(0 0 0 0 0 0) - 0
#(0 0 0 0.05982906 0 0) - 3
#(0 0 0 0.05982906 0 0) - 3
#(0 0 0 0.051282052 0 0) - 3
#(0 0 0 0.051282052 0 0) - 3
#(0 0 0 0 0 0) - 0
#(0 0 0 0.051282052 0 0) - 3
#(0 0 0 0.05982906 0 0) - 3
#(0 0 0 0.051282052 0 0) - 3
#(0 0 0 0.034188036 0 0) - 3
#(0 0 0 0.07692308 0 0) - 3
#(0 0 0 0.15384616 0 0) - 3
#(0 0 0 0.051282052 0 0) - 3
#(0 0 0 0.05982906 0 0) - 3
#(0 0 0 0.07692308 0 0) - 3
#(0 0 0 0.08547009 0 0) - 3
#(0 0 0 0.06837607 0 0) - 3
#(0 0 0 0 0 0) - 0
#(0 0 0 0 0 0) - 0
#(0 0 0 0 0 0) - 0
#(0 0 0 0 0 0) - 0
#(0 0 0 0 0 0) - 0
#(0 0 0 0 0 0) - 0
#(0 0 0 0 0 0) - 0
#(0 0 0 0 0 0) - 0
#(0 0 0 0 0 0) - 0
#(0 0 0 0 0 0) - 0
#(0 0 0 0 0 0) - 0
#(0 0 0 0 0 0) - 0
#(0 0 0 0 0 0) - 0
#(0 0 0 0 0 0) - 0
#(0 0 0 0 0 0) - 0
#(0 0 0 0 0 0) - 0
#(0 0 0 0 0 0) - 0
#(0 0 0 0 0 0) - 0
#(0 0 0 0.094017096 0 0) - 3
#(0 0 0 0.08547009 0 0) - 3
#(0 0 0 0.094017096 0 0) - 3
#(0 0 0 0.07692308 0 0) - 3
#(0 0 0 0.07692308 0 0) - 3
#(0 0 0 0.07692308 0 0) - 3
#(0 0 0 0.025641026 0 0) - 3
#(0 0 0 0.042735044 0 0) - 3
#(0 0 0 0.042735044 0 0) - 3
#(0 0 0 0.051282052 0 0) - 3
#(0 0 0 0 0 0) - 0
#(0 0 0 0 0 0) - 0
#(0 0 0 0 0 0) - 0
#(0 0 0 0 0 0) - 0
#(0 0 0 0 0 0) - 0
#(0 0 0 0 0 0) - 0
#(0 0 0 0 0 0) - 0
#(0 0 0 0 0 0) - 0
#(0 0 0 0 0 0) - 0
#(0 0 0 0 0 0) - 0
#(0 0 0 0 0 0) - 0
#(0 0 0 0.042735044 0 0) - 3
#(0 0 0 0.051282052 0 0) - 3
#(0 0 0 0.042735044 0 0) - 3
#(0 0 0 0.051282052 0 0) - 3
#(0 0 0 0.034188036 0 0) - 3
#(0 0 0 0.06837607 0 0) - 3
#(0 0 0 0.06837607 0 0) - 3
#(0 0 0 0.017094018 0 0) - 3
#(0 0 0 0.025641026 0 0) - 3
#(0 0 0 0.042735044 0 0) - 3
#(0 0 0 0.06837607 0 0) - 3
#(0 0 0 0.05982906 0 0) - 3
#(0 0 0 0.05982906 0 0) - 3
#(0 0 0 0.07692308 0 0) - 3
#(0 0 0 0.017094018 0 0) - 3
#(0 0 0 0.051282052 0 0) - 3
#(0 0 0 0.08547009 0 0) - 3
#(0 0 0 0.017094018 0 0) - 3
#(0 0 0 0 0 0) - 0
#(0 0 0 0 0 0) - 0
#(0 0 0 0 0 0) - 0
#(0 0 0 0.06837607 0 0) - 3
#(0 0 0 0.06837607 0 0) - 3
#(0 0 0 0.07692308 0 0) - 3
#(0 0 0 0.08547009 0 0) - 3
#(0 0 0 0.042735044 0 0) - 3
#(0 0 0 0 0 0) - 0
#(0 0 0 0 0 0) - 0
#(0 0 0 0 0 0) - 0
#(0 0 0 0 0 0) - 0
#(0 0 0 0 0 0) - 0
#(0 0 0 0 0 0) - 0
#(0 0 0 0 0 0) - 0
#(0 0 0 0 0 0) - 0
#(0 0 0 0 0 0) - 0
#(0 0 0 0 0 0) - 0
#(0 0 0 0 0 0) - 0
#(0 0 0 0 0 0) - 0
#(0 0 0 0 0 0) - 0
#(0 0 0 0 0 0) - 0
#(0 0 0 0 0 0) - 0
#(0 0 0 0 0 0) - 0
#(0 0 0 0 0 0) - 0
#(0 0 0 0 0 0) - 0
#(0 0 0 0 0 0) - 0

Grupo 4
#(0 0 0 0 0 0) - 0
#(0 0 0 0 0 0) - 0
#(0 0 0 0 0 0) - 0
#(0 0 0 0 0 0) - 0
#(0 0 0 0 0 0) - 0
#(0 0 0 0 0 0) - 0
#(0 0 0 0 0 0) - 0
#(0 0 0 0 0 0) - 0
#(0 0 0 0 0 0) - 0
#(0 0 0 0 0 0) - 0
#(0 0 0 0 0 0) - 0
#(0 0 0 0 0 0) - 0
#(0 0 0 0 0 0) - 0
#(0 0 0 0 0 0) - 0
#(0 0 0 0 0 0) - 0
#(0 0 0 0 0 0) - 0
#(0 0 0 0 0 0) - 0
#(0 0 0 0 0 0) - 0
#(0 0 0 0 0 0) - 0
#(0 0 0 0 0 0) - 0
#(0 0 0 0 0 0) - 0
#(0 0 0 0 0 0) - 0
#(0 0 0 0 0 0) - 0
#(0 0 0 0 0 0) - 0
#(0 0 0 0 0 0) - 0
#(0 0 0 0 0 0) - 0
#(0 0 0 0 0 0) - 0
#(0 0 0 0 0.118644066 0) - 4
#(0 0 0 0 0.13559322 0) - 4
#(0 0 0 0 0.13559322 0) - 4
#(0 0 0 0 0.13559322 0) - 4
#(0 0 0 0 0.118644066 0) - 4
#(0 0 0 0 0.13559322 0) - 4
#(0 0 0 0 0.13559322 0) - 4
#(0 0 0 0 0.15254237 0) - 4
#(0 0 0 0 0.118644066 0) - 4
#(0 0 0 0 0.033898305 0) - 4
#(0 0 0 0 0.084745765 0) - 4
#(0 0 0 0 0.13559322 0) - 4
#(0 0 0 0 0.13559322 0) - 4
#(0 0 0 0 0.15254237 0) - 4
#(0 0 0 0 0.16949153 0) - 4
#(0 0 0 0 0.16949153 0) - 4
#(0 0 0 0 0.13559322 0) - 4
#(0 0 0 0 0.10169491 0) - 4
#(0 0 0 0 0 0) - 0
#(0 0 0 0 0 0) - 0
#(0 0 0 0 0 0) - 0
#(0 0 0 0 0 0) - 0
#(0 0 0 0 0 0) - 0
#(0 0 0 0 0 0) - 0
#(0 0 0 0 0 0) - 0
#(0 0 0 0 0 0) - 0
#(0 0 0 0 0.42372882 0) - 4
#(0 0 0 0 0.33898306 0) - 4
#(0 0 0 0 0.47457626 0) - 4
#(0 0 0 0 0.33898306 0) - 4
#(0 0 0 0 0.2542373 0) - 4
#(0 0 0 0 0.42372882 0) - 4
#(0 0 0 0 0.3898305 0) - 4
#(0 0 0 0 0.27118644 0) - 4
#(0 0 0 0 0.44067797 0) - 4
#(0 0 0 0 0.16949153 0) - 4
#(0 0 0 0 0.30508474 0) - 4
#(0 0 0 0 0.30508474 0) - 4
#(0 0 0 0 0.27118644 0) - 4
#(0 0 0 0 0.27118644 0) - 4
#(0 0 0 0 0.42372882 0) - 4
#(0 0 0 0 0.22033899 0) - 4
#(0 0 0 0 0.2881356 0) - 4
#(0 0 0 0 0.3559322 0) - 4
#(0 0 0 0 0.18644068 0) - 4
#(0 0 0 0 0 0) - 0
#(0 0 0 0 0 0) - 0
#(0 0 0 0 0 0) - 0
#(0 0 0 0 0.20338982 0) - 4
#(0 0 0 0 0.13559322 0) - 4
#(0 0 0 0 0.16949153 0) - 4
#(0 0 0 0 0.13559322 0) - 4
#(0 0 0 0 0.18644068 0) - 4
#(0 0 0 0 0.27118644 0) - 4
#(0 0 0 0 0.47457626 0) - 4
#(0 0 0 0 0.33898306 0) - 4
#(0 0 0 0 0.3220339 0) - 4
#(0 0 0 0 0.5084746 0) - 4
#(0 0 0 0 0.37288135 0) - 4
#(0 0 0 0 0.3898305 0) - 4
#(0 0 0 0 0.2542373 0) - 4
#(0 0 0 0 0.27118644 0) - 4
#(0 0 0 0 0.118644066 0) - 4
#(0 0 0 0 0.23728813 0) - 4
#(0 0 0 0 0.118644066 0) - 4
#(0 0 0 0 0 0) - 0
#(0 0 0 0 0 0) - 0
#(0 0 0 0 0 0) - 0
#(0 0 0 0 0.016949153 0) - 4
#(0 0 0 0 0.016949153 0) - 4
#(0 0 0 0 0 0) - 0
#(0 0 0 0 0.016949153 0) - 4
#(0 0 0 0 0.016949153 0) - 4
#(0 0 0 0 0.016949153 0) - 4
#(0 0 0 0 0.016949153 0) - 4
#(0 0 0 0 0.016949153 0) - 4
#(0 0 0 0 0 0) - 0
#(0 0 0 0 0 0) - 0
#(0 0 0 0 0 0) - 0
#(0 0 0 0 0 0) - 0
#(0 0 0 0 0 0) - 0
#(0 0 0 0 0 0) - 0
#(0 0 0 0 0 0) - 0
#(0 0 0 0 0 0) - 0
#(0 0 0 0 0 0) - 0
#(0 0 0 0 0.016949153 0) - 4
#(0 0 0 0 0 0) - 0
#(0 0 0 0 0 0) - 0
#(0 0 0 0 0 0) - 0
#(0 0 0 0 0.016949153 0) - 4
#(0 0 0 0 0.016949153 0) - 4
#(0 0 0 0 0.016949153 0) - 4
#(0 0 0 0 0.016949153 0) - 4
#(0 0 0 0 0 0) - 0
#(0 0 0 0 0 0) - 0
#(0 0 0 0 0 0) - 0
#(0 0 0 0 0 0) - 0
#(0 0 0 0 0 0) - 0
#(0 0 0 0 0 0) - 0
#(0 0 0 0 0 0) - 0
#(0 0 0 0 0 0) - 0
#(0 0 0 0 0 0) - 0
#(0 0 0 0 0 0) - 0
#(0 0 0 0 0 0) - 0
#(0 0 0 0 0 0) - 0
#(0 0 0 0 0.016949153 0) - 4
#(0 0 0 0 0.016949153 0) - 4
#(0 0 0 0 0.016949153 0) - 4
#(0 0 0 0 0.016949153 0) - 4
#(0 0 0 0 0.033898305 0) - 4
#(0 0 0 0 0.033898305 0) - 4
#(0 0 0 0 0.016949153 0) - 4
#(0 0 0 0 0.016949153 0) - 4
#(0 0 0 0 0.016949153 0) - 4
#(0 0 0 0 0.033898305 0) - 4
#(0 0 0 0 0.033898305 0) - 4
#(0 0 0 0 0 0) - 0
#(0 0 0 0 0 0) - 0
#(0 0 0 0 0 0) - 0
#(0 0 0 0 0 0) - 0
#(0 0 0 0 0 0) - 0
#(0 0 0 0 0 0) - 0
#(0 0 0 0 0 0) - 0
#(0 0 0 0 0 0) - 0
#(0 0 0 0 0 0) - 0
#(0 0 0 0 0.016949153 0) - 4
#(0 0 0 0 0.016949153 0) - 4
#(0 0 0 0 0 0) - 0
#(0 0 0 0 0.016949153 0) - 4
#(0 0 0 0 0.016949153 0) - 4
#(0 0 0 0 0 0) - 0
#(0 0 0 0 0 0) - 0
#(0 0 0 0 0.016949153 0) - 4
#(0 0 0 0 0.016949153 0) - 4
#(0 0 0 0 0.016949153 0) - 4
#(0 0 0 0 0 0) - 0
#(0 0 0 0 0 0) - 0
#(0 0 0 0 0.016949153 0) - 4
#(0 0 0 0 0.016949153 0) - 4
#(0 0 0 0 0.016949153 0) - 4
#(0 0 0 0 0 0) - 0
#(0 0 0 0 0 0) - 0
#(0 0 0 0 0 0) - 0
#(0 0 0 0 0.016949153 0) - 4
#(0 0 0 0 0 0) - 0
#(0 0 0 0 0.016949153 0) - 4
#(0 0 0 0 0.06779661 0) - 4
#(0 0 0 0 0.06779661 0) - 4
#(0 0 0 0 0.033898305 0) - 4
#(0 0 0 0 0.033898305 0) - 4
#(0 0 0 0 0.033898305 0) - 4
#(0 0 0 0 0.050847456 0) - 4
#(0 0 0 0 0.084745765 0) - 4
#(0 0 0 0 0.050847456 0) - 4
#(0 0 0 0 0.033898305 0) - 4
#(0 0 0 0 0.050847456 0) - 4
#(0 0 0 0 0.13559322 0) - 4
#(0 0 0 0 0.18644068 0) - 4
#(0 0 0 0 0.16949153 0) - 4
#(0 0 0 0 0.16949153 0) - 4
#(0 0 0 0 0.16949153 0) - 4
#(0 0 0 0 0.18644068 0) - 4
#(0 0 0 0 0.118644066 0) - 4
#(0 0 0 0 0.13559322 0) - 4
#(0 0 0 0 0.16949153 0) - 4
#(0 0 0 0 0.15254237 0) - 4
#(0 0 0 0 0.15254237 0) - 4
#(0 0 0 0 0.15254237 0) - 4
#(0 0 0 0 0.15254237 0) - 4
#(0 0 0 0 0.15254237 0) - 4
#(0 0 0 0 0.13559322 0) - 4
#(0 0 0 0 0 0) - 0
#(0 0 0 0 0 0) - 0
#(0 0 0 0 0 0) - 0
#(0 0 0 0 0 0) - 0
#(0 0 0 0 0 0) - 0
#(0 0 0 0 0 0) - 0
#(0 0 0 0 0 0) - 0
#(0 0 0 0 0 0) - 0
#(0 0 0 0 0 0) - 0
#(0 0 0 0 0 0) - 0
#(0 0 0 0 0 0) - 0

Grupo 5
#(0 0 0 0 0 0) - 0
#(0 0 0 0 0 0) - 0
#(0 0 0 0 0 0) - 0
#(0 0 0 0 0 0) - 0
#(0 0 0 0 0 0) - 0
#(0 0 0 0 0 0) - 0
#(0 0 0 0 0 0) - 0
#(0 0 0 0 0 0) - 0
#(0 0 0 0 0 0) - 0
#(0 0 0 0 0 0) - 0
#(0 0 0 0 0 0) - 0
#(0 0 0 0 0 0) - 0
#(0 0 0 0 0 0) - 0
#(0 0 0 0 0 0) - 0
#(0 0 0 0 0 0) - 0
#(0 0 0 0 0 0) - 0
#(0 0 0 0 0 0) - 0
#(0 0 0 0 0 0) - 0
#(0 0 0 0 0 0) - 0
#(0 0 0 0 0 0) - 0
#(0 0 0 0 0 0) - 0
#(0 0 0 0 0 0) - 0
#(0 0 0 0 0 0) - 0
#(0 0 0 0 0 0) - 0
#(0 0 0 0 0 0) - 0
#(0 0 0 0 0 0.23076923) - 5
#(0 0 0 0 0 0.23076923) - 5
#(0 0 0 0 0 0.23076923) - 5
#(0 0 0 0 0 0) - 0
#(0 0 0 0 0 0) - 0
#(0 0 0 0 0 0) - 0
#(0 0 0 0 0 0) - 0
#(0 0 0 0 0 0) - 0
#(0 0 0 0 0 0.26923078) - 5
#(0 0 0 0 0 0) - 0
#(0 0 0 0 0 0) - 0
#(0 0 0 0 0 0) - 0
#(0 0 0 0 0 0.26923078) - 5
#(0 0 0 0 0 0) - 0
#(0 0 0 0 0 0) - 0
#(0 0 0 0 0 0) - 0
#(0 0 0 0 0 0) - 0
#(0 0 0 0 0 0) - 0
#(0 0 0 0 0 0) - 0
#(0 0 0 0 0 0) - 0
#(0 0 0 0 0 0) - 0
#(0 0 0 0 0 0) - 0
#(0 0 0 0 0 0) - 0
#(0 0 0 0 0 0) - 0
#(0 0 0 0 0 0) - 0
#(0 0 0 0 0 0) - 0
#(0 0 0 0 0 0) - 0
#(0 0 0 0 0 0) - 0
#(0 0 0 0 0 0) - 0
#(0 0 0 0 0 0) - 0
#(0 0 0 0 0 0) - 0
#(0 0 0 0 0 0) - 0
#(0 0 0 0 0 0) - 0
#(0 0 0 0 0 0) - 0
#(0 0 0 0 0 0) - 0
#(0 0 0 0 0 0) - 0
#(0 0 0 0 0 0) - 0
#(0 0 0 0 0 0.03846154) - 5
#(0 0 0 0 0 0) - 0
#(0 0 0 0 0 0) - 0
#(0 0 0 0 0 0) - 0
#(0 0 0 0 0 0.03846154) - 5
#(0 0 0 0 0 0.03846154) - 5
#(0 0 0 0 0 0) - 0
#(0 0 0 0 0 0) - 0
#(0 0 0 0 0 0) - 0
#(0 0 0 0 0 0) - 0
#(0 0 0 0 0 0) - 0
#(0 0 0 0 0 0.03846154) - 5
#(0 0 0 0 0 0.26923078) - 5
#(0 0 0 0 0 0.03846154) - 5
#(0 0 0 0 0 0) - 0
#(0 0 0 0 0 0) - 0
#(0 0 0 0 0 0.26923078) - 5
#(0 0 0 0 0 0.03846154) - 5
#(0 0 0 0 0 0.03846154) - 5
#(0 0 0 0 0 0) - 0
#(0 0 0 0 0 0) - 0
#(0 0 0 0 0 0.03846154) - 5
#(0 0 0 0 0 0.03846154) - 5
#(0 0 0 0 0 0) - 0
#(0 0 0 0 0 0) - 0
#(0 0 0 0 0 0.03846154) - 5
#(0 0 0 0 0 0) - 0
#(0 0 0 0 0 0) - 0
#(0 0 0 0 0 0) - 0
#(0 0 0 0 0 0.03846154) - 5
#(0 0 0 0 0 0.03846154) - 5
#(0 0 0 0 0 0) - 0
#(0 0 0 0 0 0) - 0
#(0 0 0 0 0 0) - 0
#(0 0 0 0 0 0) - 0
#(0 0 0 0 0 0) - 0
#(0 0 0 0 0 0.03846154) - 5
#(0 0 0 0 0 0.115384616) - 5
#(0 0 0 0 0 0) - 0
#(0 0 0 0 0 0) - 0
#(0 0 0 0 0 0) - 0
#(0 0 0 0 0 0) - 0
#(0 0 0 0 0 0) - 0
#(0 0 0 0 0 0.07692308) - 5
#(0 0 0 0 0 0) - 0
#(0 0 0 0 0 0.26923078) - 5
#(0 0 0 0 0 0.15384616) - 5
#(0 0 0 0 0 0.15384616) - 5
#(0 0 0 0 0 0.1923077) - 5
#(0 0 0 0 0 0.07692308) - 5
#(0 0 0 0 0 0) - 0
#(0 0 0 0 0 0.07692308) - 5
#(0 0 0 0 0 0) - 0
#(0 0 0 0 0 0.03846154) - 5
#(0 0 0 0 0 0.03846154) - 5
#(0 0 0 0 0 0) - 0
#(0 0 0 0 0 0) - 0
#(0 0 0 0 0 0) - 0
#(0 0 0 0 0 0) - 0
#(0 0 0 0 0 0) - 0
#(0 0 0 0 0 0) - 0
#(0 0 0 0 0 0) - 0
#(0 0 0 0 0 0) - 0
#(0 0 0 0 0 0.03846154) - 5
#(0 0 0 0 0 0.03846154) - 5
#(0 0 0 0 0 0) - 0
#(0 0 0 0 0 0.03846154) - 5
#(0 0 0 0 0 0) - 0
#(0 0 0 0 0 0) - 0
#(0 0 0 0 0 0) - 0
#(0 0 0 0 0 0.03846154) - 5
#(0 0 0 0 0 0) - 0
#(0 0 0 0 0 0.26923078) - 5
#(0 0 0 0 0 0) - 0
#(0 0 0 0 0 0) - 0
#(0 0 0 0 0 0.115384616) - 5
#(0 0 0 0 0 0.115384616) - 5
#(0 0 0 0 0 0.07692308) - 5
#(0 0 0 0 0 0) - 0
#(0 0 0 0 0 0) - 0
#(0 0 0 0 0 0.34615386) - 5
#(0 0 0 0 0 0) - 0
#(0 0 0 0 0 0.34615386) - 5
#(0 0 0 0 0 0.30769232) - 5
#(0 0 0 0 0 0) - 0
#(0 0 0 0 0 0.15384616) - 5
#(0 0 0 0 0 0.07692308) - 5
#(0 0 0 0 0 0) - 0
#(0 0 0 0 0 0.03846154) - 5
#(0 0 0 0 0 0.26923078) - 5
#(0 0 0 0 0 0) - 0
#(0 0 0 0 0 0.30769232) - 5
#(0 0 0 0 0 0) - 0
#(0 0 0 0 0 0) - 0
#(0 0 0 0 0 0.23076923) - 5
#(0 0 0 0 0 0) - 0
#(0 0 0 0 0 0) - 0
#(0 0 0 0 0 0.03846154) - 5
#(0 0 0 0 0 0) - 0
#(0 0 0 0 0 0) - 0
#(0 0 0 0 0 0) - 0
#(0 0 0 0 0 0) - 0
#(0 0 0 0 0 0) - 0
#(0 0 0 0 0 0) - 0
#(0 0 0 0 0 0) - 0
#(0 0 0 0 0 0) - 0
#(0 0 0 0 0 0) - 0
#(0 0 0 0 0 0.115384616) - 5
#(0 0 0 0 0 0.03846154) - 5
#(0 0 0 0 0 0.07692308) - 5
#(0 0 0 0 0 0.03846154) - 5
#(0 0 0 0 0 0.115384616) - 5
#(0 0 0 0 0 0.07692308) - 5
#(0 0 0 0 0 0.07692308) - 5
#(0 0 0 0 0 0.115384616) - 5
#(0 0 0 0 0 0.03846154) - 5
#(0 0 0 0 0 0.1923077) - 5
#(0 0 0 0 0 0.03846154) - 5
#(0 0 0 0 0 0.03846154) - 5
#(0 0 0 0 0 0.07692308) - 5
#(0 0 0 0 0 0.03846154) - 5
#(0 0 0 0 0 0.07692308) - 5
#(0 0 0 0 0 0) - 0
#(0 0 0 0 0 0.3846154) - 5
#(0 0 0 0 0 0.26923078) - 5
#(0 0 0 0 0 0.3846154) - 5
#(0 0 0 0 0 0) - 0
#(0 0 0 0 0 0.07692308) - 5
#(0 0 0 0 0 0) - 0
#(0 0 0 0 0 0) - 0
#(0 0 0 0 0 0.26923078) - 5
#(0 0 0 0 0 0.26923078) - 5
#(0 0 0 0 0 0.26923078) - 5
#(0 0 0 0 0 0) - 0
#(0 0 0 0 0 0) - 0
#(0 0 0 0 0 0) - 0
#(0 0 0 0 0 0) - 0
#(0 0 0 0 0 0) - 0
#(0 0 0 0 0 0) - 0
#(0 0 0 0 0 0.23076923) - 5
#(0 0 0 0 0 0) - 0
#(0 0 0 0 0 0) - 0
#(0 0 0 0 0 0) - 0
#(0 0 0 0 0 0.03846154) - 5
#(0 0 0 0 0 0.23076923) - 5
#(0 0 0 0 0 0) - 0
#(0 0 0 0 0 0) - 0
#(0 0 0 0 0 0) - 0
#(0 0 0 0 0 0) - 0
#(0 0 0 0 0 0) - 0
#(0 0 0 0 0 0) - 0
#(0 0 0 0 0 0.07692308) - 5
#(0 0 0 0 0 0.115384616) - 5
#(0 0 0 0 0 0) - 0
#(0 0 0 0 0 0.03846154) - 5
#(0 0 0 0 0 0) - 0
#(0 0 0 0 0 0) - 0
#(0 0 0 0 0 0) - 0
#(0 0 0 0 0 0) - 0
#(0 0 0 0 0 0.03846154) - 5
#(0 0 0 0 0 0.07692308) - 5
#(0 0 0 0 0 0.115384616) - 5
#(0 0 0 0 0 0) - 0
#(0 0 0 0 0 0.03846154) - 5
#(0 0 0 0 0 0) - 0
#(0 0 0 0 0 0.07692308) - 5
#(0 0 0 0 0 0.07692308) - 5
#(0 0 0 0 0 0.03846154) - 5
#(0 0 0 0 0 0) - 0
#(0 0 0 0 0 0.03846154) - 5
#(0 0 0 0 0 0.03846154) - 5
#(0 0 0 0 0 0.07692308) - 5
#(0 0 0 0 0 0.07692308) - 5
#(0 0 0 0 0 0) - 0
#(0 0 0 0 0 0) - 0
#(0 0 0 0 0 0) - 0
#(0 0 0 0 0 0) - 0
#(0 0 0 0 0 0) - 0
#(0 0 0 0 0 0) - 0
#(0 0 0 0 0 0) - 0
#(0 0 0 0 0 0) - 0
#(0 0 0 0 0 0) - 0
#(0 0 0 0 0 0) - 0
#(0 0 0 0 0 0) - 0
#(0 0 0 0 0 0) - 0
#(0 0 0 0 0 0) - 0
#(0 0 0 0 0 0) - 0
#(0 0 0 0 0 0) - 0
#(0 0 0 0 0 0) - 0
#(0 0 0 0 0 0.26923078) - 5
#(0 0 0 0 0 0) - 0
#(0 0 0 0 0 0) - 0
#(0 0 0 0 0 0) - 0
#(0 0 0 0 0 0) - 0
#(0 0 0 0 0 0) - 0
#(0 0 0 0 0 0) - 0
#(0 0 0 0 0 0) - 0
#(0 0 0 0 0 0.23076923) - 5
#(0 0 0 0 0 0.23076923) - 5
#(0 0 0 0 0 0) - 0
#(0 0 0 0 0 0) - 0
#(0 0 0 0 0 0) - 0
#(0 0 0 0 0 0.03846154) - 5
#(0 0 0 0 0 0) - 0
#(0 0 0 0 0 0.15384616) - 5
#(0 0 0 0 0 0) - 0
#(0 0 0 0 0 0.07692308) - 5
#(0 0 0 0 0 0.03846154) - 5
#(0 0 0 0 0 0.03846154) - 5
#(0 0 0 0 0 0) - 0
#(0 0 0 0 0 0.15384616) - 5
#(0 0 0 0 0 0.03846154) - 5
#(0 0 0 0 0 0.15384616) - 5
#(0 0 0 0 0 0.03846154) - 5
#(0 0 0 0 0 0) - 0
#(0 0 0 0 0 0) - 0
#(0 0 0 0 0 0) - 0
#(0 0 0 0 0 0) - 0
#(0 0 0 0 0 0.07692308) - 5
#(0 0 0 0 0 0.07692308) - 5
#(0 0 0 0 0 0.03846154) - 5
#(0 0 0 0 0 0.03846154) - 5
#(0 0 0 0 0 0) - 0
#(0 0 0 0 0 0) - 0
#(0 0 0 0 0 0.115384616) - 5
#(0 0 0 0 0 0) - 0
#(0 0 0 0 0 0) - 0
#(0 0 0 0 0 0.07692308) - 5
#(0 0 0 0 0 0.03846154) - 5
#(0 0 0 0 0 0.15384616) - 5
#(0 0 0 0 0 0) - 0
#(0 0 0 0 0 0) - 0
#(0 0 0 0 0 0) - 0
#(0 0 0 0 0 0.07692308) - 5
#(0 0 0 0 0 0.03846154) - 5
#(0 0 0 0 0 0) - 0
#(0 0 0 0 0 0.07692308) - 5
#(0 0 0 0 0 0.23076923) - 5
#(0 0 0 0 0 0.07692308) - 5
#(0 0 0 0 0 0.03846154) - 5
#(0 0 0 0 0 0) - 0
#(0 0 0 0 0 0) - 0
#(0 0 0 0 0 0) - 0
#(0 0 0 0 0 0) - 0
#(0 0 0 0 0 0) - 0
#(0 0 0 0 0 0) - 0
#(0 0 0 0 0 0.115384616) - 5
#(0 0 0 0 0 0.07692308) - 5
#(0 0 0 0 0 0.03846154) - 5
#(0 0 0 0 0 0.23076923) - 5
#(0 0 0 0 0 0.03846154) - 5
#(0 0 0 0 0 0.07692308) - 5
#(0 0 0 0 0 0.30769232) - 5
#(0 0 0 0 0 0) - 0
#(0 0 0 0 0 0.115384616) - 5
#(0 0 0 0 0 0.07692308) - 5
#(0 0 0 0 0 0.07692308) - 5
#(0 0 0 0 0 0) - 0
#(0 0 0 0 0 0) - 0
#(0 0 0 0 0 0) - 0
#(0 0 0 0 0 0.07692308) - 5
#(0 0 0 0 0 0.115384616) - 5
#(0 0 0 0 0 0.115384616) - 5
#(0 0 0 0 0 0.03846154) - 5
#(0 0 0 0 0 0) - 0
#(0 0 0 0 0 0) - 0
#(0 0 0 0 0 0) - 0
#(0 0 0 0 0 0) - 0
#(0 0 0 0 0 0.07692308) - 5
#(0 0 0 0 0 0.115384616) - 5
#(0 0 0 0 0 0) - 0
#(0 0 0 0 0 0) - 0
#(0 0 0 0 0 0.30769232) - 5
#(0 0 0 0 0 0.03846154) - 5
#(0 0 0 0 0 0.3846154) - 5
#(0 0 0 0 0 0) - 0
#(0 0 0 0 0 0.23076923) - 5
#(0 0 0 0 0 0) - 0
#(0 0 0 0 0 0) - 0
#(0 0 0 0 0 0) - 0
#(0 0 0 0 0 0) - 0
#(0 0 0 0 0 0.30769232) - 5
#(0 0 0 0 0 0) - 0
#(0 0 0 0 0 0.115384616) - 5
#(0 0 0 0 0 0) - 0
#(0 0 0 0 0 0.115384616) - 5
#(0 0 0 0 0 0.03846154) - 5
#(0 0 0 0 0 0.07692308) - 5
#(0 0 0 0 0 0) - 0
#(0 0 0 0 0 0) - 0
#(0 0 0 0 0 0) - 0
#(0 0 0 0 0 0.115384616) - 5
#(0 0 0 0 0 0) - 0
#(0 0 0 0 0 0.1923077) - 5
#(0 0 0 0 0 0.07692308) - 5
#(0 0 0 0 0 0.26923078) - 5
#(0 0 0 0 0 0.23076923) - 5
#(0 0 0 0 0 0.30769232) - 5
#(0 0 0 0 0 0.23076923) - 5
#(0 0 0 0 0 0.23076923) - 5
#(0 0 0 0 0 0.26923078) - 5
#(0 0 0 0 0 0.1923077) - 5
#(0 0 0 0 0 0.3846154) - 5
#(0 0 0 0 0 0.07692308) - 5
#(0 0 0 0 0 0.23076923) - 5
#(0 0 0 0 0 0.15384616) - 5
#(0 0 0 0 0 0) - 0
#(0 0 0 0 0 0) - 0
#(0 0 0 0 0 0.07692308) - 5
#(0 0 0 0 0 0.07692308) - 5
#(0 0 0 0 0 0) - 0
#(0 0 0 0 0 0) - 0
#(0 0 0 0 0 0) - 0
#(0 0 0 0 0 0.07692308) - 5
#(0 0 0 0 0 0) - 0
#(0 0 0 0 0 0) - 0
#(0 0 0 0 0 0) - 0
#(0 0 0 0 0 0.23076923) - 5
#(0 0 0 0 0 0.23076923) - 5
#(0 0 0 0 0 0) - 0
#(0 0 0 0 0 0) - 0
#(0 0 0 0 0 0) - 0
#(0 0 0 0 0 0.03846154) - 5
#(0 0 0 0 0 0) - 0
#(0 0 0 0 0 0) - 0
#(0 0 0 0 0 0) - 0
#(0 0 0 0 0 0.03846154) - 5
#(0 0 0 0 0 0.03846154) - 5
#(0 0 0 0 0 0) - 0
#(0 0 0 0 0 0) - 0
#(0 0 0 0 0 0) - 0
#(0 0 0 0 0 0) - 0
#(0 0 0 0 0 0) - 0
#(0 0 0 0 0 0) - 0
#(0 0 0 0 0 0.03846154) - 5
#(0 0 0 0 0 0.03846154) - 5
#(0 0 0 0 0 0) - 0
#(0 0 0 0 0 0) - 0
#(0 0 0 0 0 0.03846154) - 5
#(0 0 0 0 0 0.03846154) - 5
#(0 0 0 0 0 0) - 0
#(0 0 0 0 0 0) - 0
#(0 0 0 0 0 0) - 0
#(0 0 0 0 0 0) - 0
#(0 0 0 0 0 0) - 0
#(0 0 0 0 0 0) - 0
#(0 0 0 0 0 0) - 0
#(0 0 0 0 0 0) - 0
#(0 0 0 0 0 0) - 0
#(0 0 0 0 0 0) - 0
#(0 0 0 0 0 0) - 0
#(0 0 0 0 0 0) - 0
#(0 0 0 0 0 0) - 0
#(0 0 0 0 0 0) - 0
#(0 0 0 0 0 0) - 0
#(0 0 0 0 0 0) - 0
#(0 0 0 0 0 0) - 0
#(0 0 0 0 0 0) - 0
#(0 0 0 0 0 0) - 0
#(0 0 0 0 0 0.115384616) - 5
#(0 0 0 0 0 0.03846154) - 5
#(0 0 0 0 0 0) - 0
#(0 0 0 0 0 0) - 0
#(0 0 0 0 0 0) - 0
#(0 0 0 0 0 0.03846154) - 5
#(0 0 0 0 0 0.03846154) - 5
#(0 0 0 0 0 0.03846154) - 5
#(0 0 0 0 0 0.03846154) - 5
#(0 0 0 0 0 0) - 0
#(0 0 0 0 0 0) - 0
#(0 0 0 0 0 0) - 0
#(0 0 0 0 0 0.07692308) - 5
#(0 0 0 0 0 0) - 0
#(0 0 0 0 0 0) - 0
#(0 0 0 0 0 0) - 0
#(0 0 0 0 0 0) - 0
#(0 0 0 0 0 0) - 0
#(0 0 0 0 0 0) - 0
#(0 0 0 0 0 0.1923077) - 5
#(0 0 0 0 0 0.26923078) - 5
#(0 0 0 0 0 0.26923078) - 5
#(0 0 0 0 0 0.30769232) - 5
#(0 0 0 0 0 0.23076923) - 5
#(0 0 0 0 0 0.26923078) - 5
#(0 0 0 0 0 0.26923078) - 5
#(0 0 0 0 0 0.1923077) - 5
#(0 0 0 0 0 0.26923078) - 5
#(0 0 0 0 0 0.26923078) - 5
#(0 0 0 0 0 0.3846154) - 5
#(0 0 0 0 0 0.30769232) - 5
#(0 0 0 0 0 0.03846154) - 5
#(0 0 0 0 0 0) - 0
#(0 0 0 0 0 0) - 0
#(0 0 0 0 0 0) - 0
#(0 0 0 0 0 0.07692308) - 5
#(0 0 0 0 0 0.26923078) - 5
#(0 0 0 0 0 0.23076923) - 5
#(0 0 0 0 0 0.23076923) - 5
#(0 0 0 0 0 0.23076923) - 5
#(0 0 0 0 0 0.15384616) - 5
#(0 0 0 0 0 0) - 0
#(0 0 0 0 0 0) - 0
#(0 0 0 0 0 0) - 0
#(0 0 0 0 0 0.03846154) - 5
#(0 0 0 0 0 0.03846154) - 5
#(0 0 0 0 0 0) - 0
#(0 0 0 0 0 0) - 0
#(0 0 0 0 0 0) - 0
#(0 0 0 0 0 0) - 0
#(0 0 0 0 0 0) - 0
#(0 0 0 0 0 0) - 0
#(0 0 0 0 0 0) - 0
#(0 0 0 0 0 0.03846154) - 5
#(0 0 0 0 0 0.03846154) - 5
#(0 0 0 0 0 0.03846154) - 5
#(0 0 0 0 0 0.03846154) - 5
#(0 0 0 0 0 0.115384616) - 5
#(0 0 0 0 0 0.03846154) - 5
#(0 0 0 0 0 0.07692308) - 5
#(0 0 0 0 0 0.15384616) - 5
#(0 0 0 0 0 0.07692308) - 5
#(0 0 0 0 0 0.07692308) - 5
#(0 0 0 0 0 0.07692308) - 5
#(0 0 0 0 0 0) - 0
#(0 0 0 0 0 0) - 0
#(0 0 0 0 0 0) - 0
#(0 0 0 0 0 0.03846154) - 5
#(0 0 0 0 0 0) - 0
#(0 0 0 0 0 0) - 0
#(0 0 0 0 0 0) - 0
#(0 0 0 0 0 0) - 0
#(0 0 0 0 0 0) - 0
#(0 0 0 0 0 0) - 0
#(0 0 0 0 0 0) - 0
#(0 0 0 0 0 0) - 0
#(0 0 0 0 0 0) - 0
#(0 0 0 0 0 0) - 0
#(0 0 0 0 0 0) - 0
#(0 0 0 0 0 0.26923078) - 5
#(0 0 0 0 0 0.03846154) - 5
#(0 0 0 0 0 0) - 0
#(0 0 0 0 0 0) - 0
#(0 0 0 0 0 0) - 0
#(0 0 0 0 0 0) - 0
#(0 0 0 0 0 0) - 0
#(0 0 0 0 0 0) - 0
#(0 0 0 0 0 0.03846154) - 5
#(0 0 0 0 0 0) - 0
#(0 0 0 0 0 0.23076923) - 5
#(0 0 0 0 0 0) - 0
#(0 0 0 0 0 0) - 0
#(0 0 0 0 0 0) - 0
#(0 0 0 0 0 0) - 0
#(0 0 0 0 0 0) - 0
#(0 0 0 0 0 0) - 0
#(0 0 0 0 0 0) - 0
#(0 0 0 0 0 0) - 0
#(0 0 0 0 0 0) - 0
#(0 0 0 0 0 0) - 0
#(0 0 0 0 0 0) - 0
#(0 0 0 0 0 0) - 0
#(0 0 0 0 0 0) - 0
#(0 0 0 0 0 0) - 0
#(0 0 0 0 0 0) - 0
#(0 0 0 0 0 0) - 0
#(0 0 0 0 0 0) - 0
#(0 0 0 0 0 0) - 0
#(0 0 0 0 0 0) - 0
#(0 0 0 0 0 0) - 0
#(0 0 0 0 0 0) - 0
#(0 0 0 0 0 0) - 0
#(0 0 0 0 0 0) - 0
#(0 0 0 0 0 0) - 0
#(0 0 0 0 0 0) - 0
#(0 0 0 0 0 0.1923077) - 5
#(0 0 0 0 0 0.07692308) - 5
#(0 0 0 0 0 0.1923077) - 5
#(0 0 0 0 0 0.115384616) - 5
#(0 0 0 0 0 0.26923078) - 5
#(0 0 0 0 0 0.34615386) - 5
#(0 0 0 0 0 0.34615386) - 5
#(0 0 0 0 0 0.23076923) - 5
#(0 0 0 0 0 0.26923078) - 5
#(0 0 0 0 0 0.26923078) - 5
#(0 0 0 0 0 0.07692308) - 5
#(0 0 0 0 0 0.26923078) - 5
#(0 0 0 0 0 0.15384616) - 5
#(0 0 0 0 0 0) - 0
#(0 0 0 0 0 0.115384616) - 5
#(0 0 0 0 0 0) - 0
#(0 0 0 0 0 0) - 0
#(0 0 0 0 0 0.26923078) - 5
#(0 0 0 0 0 0.26923078) - 5
#(0 0 0 0 0 0.30769232) - 5
#(0 0 0 0 0 0.3846154) - 5
#(0 0 0 0 0 0.1923077) - 5
#(0 0 0 0 0 0) - 0
#(0 0 0 0 0 0.07692308) - 5
#(0 0 0 0 0 0) - 0
#(0 0 0 0 0 0) - 0
#(0 0 0 0 0 0.03846154) - 5
#(0 0 0 0 0 0) - 0
#(0 0 0 0 0 0) - 0
#(0 0 0 0 0 0.115384616) - 5
#(0 0 0 0 0 0.07692308) - 5
#(0 0 0 0 0 0.07692308) - 5
#(0 0 0 0 0 0.07692308) - 5
#(0 0 0 0 0 0) - 0
#(0 0 0 0 0 0.07692308) - 5
#(0 0 0 0 0 0) - 0
#(0 0 0 0 0 0) - 0
#(0 0 0 0 0 0) - 0
#(0 0 0 0 0 0) - 0
#(0 0 0 0 0 0) - 0
#(0 0 0 0 0 0) - 0
#(0 0 0 0 0 0.03846154) - 5
#(0 0 0 0 0 0) - 0
#(0 0 0 0 0 0.03846154) - 5
#(0 0 0 0 0 0) - 0
#(0 0 0 0 0 0.07692308) - 5
#(0 0 0 0 0 0) - 0
#(0 0 0 0 0 0) - 0
#(0 0 0 0 0 0) - 0
#(0 0 0 0 0 0) - 0
#(0 0 0 0 0 0) - 0
#(0 0 0 0 0 0.1923077) - 5
#(0 0 0 0 0 0) - 0
#(0 0 0 0 0 0.1923077) - 5
#(0 0 0 0 0 0) - 0
#(0 0 0 0 0 0.23076923) - 5
#(0 0 0 0 0 0.07692308) - 5
#(0 0 0 0 0 0.23076923) - 5
#(0 0 0 0 0 0) - 0
#(0 0 0 0 0 0) - 0
#(0 0 0 0 0 0.115384616) - 5
#(0 0 0 0 0 0) - 0
#(0 0 0 0 0 0.15384616) - 5
#(0 0 0 0 0 0.1923077) - 5
#(0 0 0 0 0 0.115384616) - 5
#(0 0 0 0 0 0.115384616) - 5
#(0 0 0 0 0 0.115384616) - 5
#(0 0 0 0 0 0) - 0
#(0 0 0 0 0 0.03846154) - 5
#(0 0 0 0 0 0) - 0
#(0 0 0 0 0 0) - 0
#(0 0 0 0 0 0.07692308) - 5
#(0 0 0 0 0 0) - 0
#(0 0 0 0 0 0) - 0
#(0 0 0 0 0 0) - 0
#(0 0 0 0 0 0) - 0
#(0 0 0 0 0 0) - 0
#(0 0 0 0 0 0.07692308) - 5
#(0 0 0 0 0 0) - 0
#(0 0 0 0 0 0.115384616) - 5
#(0 0 0 0 0 0) - 0
#(0 0 0 0 0 0.07692308) - 5
#(0 0 0 0 0 0) - 0
#(0 0 0 0 0 0) - 0
#(0 0 0 0 0 0) - 0
#(0 0 0 0 0 0) - 0
#(0 0 0 0 0 0) - 0
#(0 0 0 0 0 0) - 0
#(0 0 0 0 0 0.07692308) - 5
#(0 0 0 0 0 0.07692308) - 5
#(0 0 0 0 0 0) - 0
#(0 0 0 0 0 0) - 0
#(0 0 0 0 0 0.115384616) - 5
#(0 0 0 0 0 0.07692308) - 5
#(0 0 0 0 0 0.03846154) - 5
#(0 0 0 0 0 0) - 0
#(0 0 0 0 0 0) - 0
#(0 0 0 0 0 0.30769232) - 5
#(0 0 0 0 0 0) - 0
#(0 0 0 0 0 0.07692308) - 5
#(0 0 0 0 0 0) - 0
#(0 0 0 0 0 0.07692308) - 5
#(0 0 0 0 0 0.23076923) - 5
#(0 0 0 0 0 0.30769232) - 5
#(0 0 0 0 0 0) - 0
#(0 0 0 0 0 0) - 0
#(0 0 0 0 0 0) - 0
#(0 0 0 0 0 0) - 0
#(0 0 0 0 0 0) - 0
#(0 0 0 0 0 0) - 0
#(0 0 0 0 0 0) - 0
#(0 0 0 0 0 0.30769232) - 5
#(0 0 0 0 0 0) - 0
#(0 0 0 0 0 0.07692308) - 5
#(0 0 0 0 0 0) - 0
#(0 0 0 0 0 0) - 0
#(0 0 0 0 0 0) - 0
#(0 0 0 0 0 0.115384616) - 5
#(0 0 0 0 0 0) - 0
#(0 0 0 0 0 0) - 0
#(0 0 0 0 0 0.03846154) - 5
#(0 0 0 0 0 0) - 0
#(0 0 0 0 0 0) - 0
#(0 0 0 0 0 0) - 0
#(0 0 0 0 0 0) - 0
#(0 0 0 0 0 0) - 0
#(0 0 0 0 0 0) - 0
#(0 0 0 0 0 0.07692308) - 5
#(0 0 0 0 0 0.03846154) - 5
#(0 0 0 0 0 0) - 0
#(0 0 0 0 0 0) - 0
#(0 0 0 0 0 0.07692308) - 5
#(0 0 0 0 0 0) - 0
#(0 0 0 0 0 0) - 0
#(0 0 0 0 0 0) - 0
#(0 0 0 0 0 0) - 0
#(0 0 0 0 0 0.03846154) - 5
#(0 0 0 0 0 0) - 0
#(0 0 0 0 0 0) - 0
#(0 0 0 0 0 0) - 0
#(0 0 0 0 0 0.07692308) - 5
#(0 0 0 0 0 0.07692308) - 5
#(0 0 0 0 0 0) - 0
#(0 0 0 0 0 0) - 0
#(0 0 0 0 0 0.07692308) - 5
#(0 0 0 0 0 0.03846154) - 5
#(0 0 0 0 0 0.07692308) - 5
#(0 0 0 0 0 0.03846154) - 5
#(0 0 0 0 0 0.07692308) - 5
#(0 0 0 0 0 0.07692308) - 5
#(0 0 0 0 0 0) - 0
#(0 0 0 0 0 0.07692308) - 5
#(0 0 0 0 0 0) - 0
#(0 0 0 0 0 0.42307693) - 5
#(0 0 0 0 0 0.30769232) - 5
#(0 0 0 0 0 0.42307693) - 5
#(0 0 0 0 0 0.07692308) - 5
#(0 0 0 0 0 0.26923078) - 5
#(0 0 0 0 0 0.1923077) - 5
#(0 0 0 0 0 0.26923078) - 5
#(0 0 0 0 0 0.1923077) - 5
#(0 0 0 0 0 0.07692308) - 5
#(0 0 0 0 0 0) - 0
#(0 0 0 0 0 0) - 0
#(0 0 0 0 0 0.03846154) - 5
#(0 0 0 0 0 0) - 0
#(0 0 0 0 0 0.26923078) - 5
#(0 0 0 0 0 0.30769232) - 5
#(0 0 0 0 0 0.30769232) - 5
#(0 0 0 0 0 0.23076923) - 5
#(0 0 0 0 0 0) - 0
#(0 0 0 0 0 0.23076923) - 5
#(0 0 0 0 0 0.30769232) - 5
#(0 0 0 0 0 0.115384616) - 5
#(0 0 0 0 0 0.30769232) - 5
#(0 0 0 0 0 0) - 0
#(0 0 0 0 0 0.115384616) - 5
#(0 0 0 0 0 0) - 0
#(0 0 0 0 0 0.07692308) - 5
#(0 0 0 0 0 0.03846154) - 5
#(0 0 0 0 0 0.07692308) - 5
#(0 0 0 0 0 0.03846154) - 5
#(0 0 0 0 0 0.07692308) - 5
#(0 0 0 0 0 0.115384616) - 5
#(0 0 0 0 0 0) - 0
#(0 0 0 0 0 0) - 0
#(0 0 0 0 0 0) - 0
#(0 0 0 0 0 0.03846154) - 5
#(0 0 0 0 0 0) - 0
#(0 0 0 0 0 0) - 0
#(0 0 0 0 0 0.03846154) - 5
#(0 0 0 0 0 0.07692308) - 5
#(0 0 0 0 0 0) - 0
#(0 0 0 0 0 0.07692308) - 5
#(0 0 0 0 0 0.15384616) - 5
#(0 0 0 0 0 0.07692308) - 5
#(0 0 0 0 0 0.15384616) - 5
#(0 0 0 0 0 0.03846154) - 5
#(0 0 0 0 0 0) - 0
#(0 0 0 0 0 0) - 0
#(0 0 0 0 0 0.30769232) - 5
#(0 0 0 0 0 0) - 0
#(0 0 0 0 0 0) - 0
#(0 0 0 0 0 0) - 0
#(0 0 0 0 0 0) - 0
#(0 0 0 0 0 0) - 0
#(0 0 0 0 0 0.03846154) - 5
#(0 0 0 0 0 0) - 0
#(0 0 0 0 0 0) - 0
#(0 0 0 0 0 0) - 0
#(0 0 0 0 0 0) - 0
#(0 0 0 0 0 0) - 0
#(0 0 0 0 0 0) - 0
#(0 0 0 0 0 0) - 0
#(0 0 0 0 0 0) - 0
#(0 0 0 0 0 0) - 0
#(0 0 0 0 0 0) - 0
#(0 0 0 0 0 0) - 0
#(0 0 0 0 0 0) - 0
#(0 0 0 0 0 0) - 0
#(0 0 0 0 0 0) - 0
#(0 0 0 0 0 0) - 0
#(0 0 0 0 0 0) - 0
#(0 0 0 0 0 0) - 0
#(0 0 0 0 0 0) - 0
#(0 0 0 0 0 0) - 0
#(0 0 0 0 0 0) - 0
#(0 0 0 0 0 0) - 0
#(0 0 0 0 0 0) - 0
#(0 0 0 0 0 0) - 0
#(0 0 0 0 0 0) - 0
#(0 0 0 0 0 0) - 0
#(0 0 0 0 0 0) - 0
#(0 0 0 0 0 0) - 0
#(0 0 0 0 0 0) - 0
#(0 0 0 0 0 0) - 0
#(0 0 0 0 0 0.03846154) - 5
#(0 0 0 0 0 0) - 0
#(0 0 0 0 0 0.07692308) - 5
#(0 0 0 0 0 0.03846154) - 5
#(0 0 0 0 0 0.07692308) - 5
#(0 0 0 0 0 0) - 0
#(0 0 0 0 0 0) - 0
#(0 0 0 0 0 0) - 0
#(0 0 0 0 0 0) - 0
#(0 0 0 0 0 0) - 0
#(0 0 0 0 0 0.07692308) - 5
#(0 0 0 0 0 0.07692308) - 5
#(0 0 0 0 0 0.115384616) - 5
#(0 0 0 0 0 0) - 0
#(0 0 0 0 0 0.07692308) - 5
#(0 0 0 0 0 0.07692308) - 5
#(0 0 0 0 0 0.07692308) - 5
#(0 0 0 0 0 0.03846154) - 5
#(0 0 0 0 0 0) - 0
#(0 0 0 0 0 0.15384616) - 5
#(0 0 0 0 0 0.07692308) - 5
#(0 0 0 0 0 0) - 0
#(0 0 0 0 0 0.115384616) - 5
#(0 0 0 0 0 0) - 0
#(0 0 0 0 0 0.03846154) - 5
#(0 0 0 0 0 0) - 0
#(0 0 0 0 0 0) - 0
#(0 0 0 0 0 0) - 0
#(0 0 0 0 0 0) - 0
#(0 0 0 0 0 0.07692308) - 5
#(0 0 0 0 0 0.03846154) - 5
#(0 0 0 0 0 0) - 0
#(0 0 0 0 0 0.03846154) - 5
#(0 0 0 0 0 0.07692308) - 5
#(0 0 0 0 0 0.07692308) - 5
#(0 0 0 0 0 0.26923078) - 5
#(0 0 0 0 0 0.1923077) - 5
#(0 0 0 0 0 0) - 0
#(0 0 0 0 0 0.1923077) - 5
#(0 0 0 0 0 0) - 0
#(0 0 0 0 0 0) - 0
#(0 0 0 0 0 0) - 0
#(0 0 0 0 0 0) - 0
#(0 0 0 0 0 0) - 0
#(0 0 0 0 0 0) - 0
#(0 0 0 0 0 0.07692308) - 5
#(0 0 0 0 0 0.07692308) - 5
#(0 0 0 0 0 0) - 0
#(0 0 0 0 0 0) - 0
#(0 0 0 0 0 0) - 0
#(0 0 0 0 0 0) - 0
#(0 0 0 0 0 0) - 0
#(0 0 0 0 0 0) - 0
#(0 0 0 0 0 0) - 0
#(0 0 0 0 0 0) - 0
#(0 0 0 0 0 0.03846154) - 5
#(0 0 0 0 0 0.03846154) - 5
#(0 0 0 0 0 0.03846154) - 5
#(0 0 0 0 0 0.03846154) - 5
#(0 0 0 0 0 0.15384616) - 5
#(0 0 0 0 0 0.15384616) - 5
#(0 0 0 0 0 0.115384616) - 5
#(0 0 0 0 0 0.07692308) - 5
#(0 0 0 0 0 0.07692308) - 5
#(0 0 0 0 0 0.07692308) - 5
#(0 0 0 0 0 0.115384616) - 5
#(0 0 0 0 0 0.03846154) - 5
#(0 0 0 0 0 0) - 0
#(0 0 0 0 0 0) - 0
#(0 0 0 0 0 0.07692308) - 5
#(0 0 0 0 0 0.07692308) - 5
#(0 0 0 0 0 0.03846154) - 5
#(0 0 0 0 0 0.03846154) - 5
#(0 0 0 0 0 0.07692308) - 5
#(0 0 0 0 0 0.115384616) - 5
#(0 0 0 0 0 0.03846154) - 5
#(0 0 0 0 0 0.03846154) - 5
#(0 0 0 0 0 0.23076923) - 5
#(0 0 0 0 0 0.26923078) - 5
#(0 0 0 0 0 0.03846154) - 5
#(0 0 0 0 0 0.26923078) - 5
#(0 0 0 0 0 0) - 0
#(0 0 0 0 0 0.03846154) - 5
#(0 0 0 0 0 0) - 0
#(0 0 0 0 0 0.07692308) - 5
#(0 0 0 0 0 0) - 0
#(0 0 0 0 0 0) - 0
#(0 0 0 0 0 0) - 0
#(0 0 0 0 0 0) - 0
#(0 0 0 0 0 0.03846154) - 5
#(0 0 0 0 0 0) - 0
#(0 0 0 0 0 0) - 0
#(0 0 0 0 0 0.03846154) - 5
#(0 0 0 0 0 0.03846154) - 5
#(0 0 0 0 0 0.03846154) - 5
#(0 0 0 0 0 0) - 0
#(0 0 0 0 0 0) - 0
#(0 0 0 0 0 0) - 0
#(0 0 0 0 0 0) - 0
#(0 0 0 0 0 0) - 0
#(0 0 0 0 0 0) - 0
#(0 0 0 0 0 0) - 0
#(0 0 0 0 0 0.03846154) - 5
#(0 0 0 0 0 0) - 0
#(0 0 0 0 0 0) - 0
#(0 0 0 0 0 0) - 0
#(0 0 0 0 0 0) - 0
#(0 0 0 0 0 0) - 0
#(0 0 0 0 0 0) - 0
#(0 0 0 0 0 0) - 0
#(0 0 0 0 0 0) - 0
#(0 0 0 0 0 0.03846154) - 5
#(0 0 0 0 0 0.30769232) - 5
#(0 0 0 0 0 0.30769232) - 5
#(0 0 0 0 0 0) - 0
#(0 0 0 0 0 0.07692308) - 5
#(0 0 0 0 0 0) - 0
#(0 0 0 0 0 0) - 0
#(0 0 0 0 0 0.03846154) - 5
#(0 0 0 0 0 0) - 0
#(0 0 0 0 0 0.115384616) - 5
#(0 0 0 0 0 0.1923077) - 5
#(0 0 0 0 0 0.07692308) - 5
#(0 0 0 0 0 0.15384616) - 5
#(0 0 0 0 0 0.15384616) - 5
#(0 0 0 0 0 0.23076923) - 5
#(0 0 0 0 0 0.07692308) - 5
#(0 0 0 0 0 0) - 0
#(0 0 0 0 0 0.07692308) - 5
#(0 0 0 0 0 0) - 0
#(0 0 0 0 0 0.1923077) - 5
#(0 0 0 0 0 0.1923077) - 5
#(0 0 0 0 0 0.115384616) - 5
#(0 0 0 0 0 0.115384616) - 5
#(0 0 0 0 0 0.15384616) - 5
#(0 0 0 0 0 0.23076923) - 5
#(0 0 0 0 0 0.03846154) - 5
#(0 0 0 0 0 0.115384616) - 5
#(0 0 0 0 0 0.1923077) - 5
#(0 0 0 0 0 0.1923077) - 5
#(0 0 0 0 0 0.1923077) - 5
#(0 0 0 0 0 0) - 0
#(0 0 0 0 0 0) - 0
#(0 0 0 0 0 0) - 0
#(0 0 0 0 0 0.115384616) - 5
#(0 0 0 0 0 0) - 0
#(0 0 0 0 0 0.115384616) - 5
#(0 0 0 0 0 0) - 0
#(0 0 0 0 0 0) - 0
#(0 0 0 0 0 0.1923077) - 5
#(0 0 0 0 0 0) - 0
#(0 0 0 0 0 0.115384616) - 5
#(0 0 0 0 0 0) - 0
#(0 0 0 0 0 0) - 0
#(0 0 0 0 0 0.07692308) - 5
#(0 0 0 0 0 0) - 0
#(0 0 0 0 0 0.07692308) - 5
#(0 0 0 0 0 0) - 0
#(0 0 0 0 0 0.26923078) - 5
#(0 0 0 0 0 0) - 0
#(0 0 0 0 0 0.03846154) - 5
#(0 0 0 0 0 0) - 0
#(0 0 0 0 0 0.03846154) - 5
#(0 0 0 0 0 0.07692308) - 5
#(0 0 0 0 0 0) - 0
#(0 0 0 0 0 0.07692308) - 5
#(0 0 0 0 0 0.03846154) - 5
#(0 0 0 0 0 0) - 0
#(0 0 0 0 0 0) - 0
#(0 0 0 0 0 0) - 0
#(0 0 0 0 0 0.03846154) - 5
#(0 0 0 0 0 0.03846154) - 5
#(0 0 0 0 0 0) - 0
#(0 0 0 0 0 0.03846154) - 5
#(0 0 0 0 0 0.03846154) - 5
#(0 0 0 0 0 0) - 0
#(0 0 0 0 0 0.03846154) - 5
#(0 0 0 0 0 0) - 0
#(0 0 0 0 0 0.03846154) - 5
#(0 0 0 0 0 0) - 0
#(0 0 0 0 0 0) - 0
#(0 0 0 0 0 0) - 0
#(0 0 0 0 0 0) - 0
#(0 0 0 0 0 0) - 0
#(0 0 0 0 0 0.07692308) - 5
#(0 0 0 0 0 0.15384616) - 5
#(0 0 0 0 0 0.03846154) - 5
#(0 0 0 0 0 0.03846154) - 5
#(0 0 0 0 0 0.03846154) - 5
#(0 0 0 0 0 0.15384616) - 5
#(0 0 0 0 0 0.115384616) - 5
#(0 0 0 0 0 0.15384616) - 5
#(0 0 0 0 0 0.07692308) - 5
#(0 0 0 0 0 0) - 0
#(0 0 0 0 0 0.03846154) - 5
#(0 0 0 0 0 0) - 0
#(0 0 0 0 0 0.03846154) - 5
#(0 0 0 0 0 0) - 0
#(0 0 0 0 0 0) - 0
#(0 0 0 0 0 0) - 0
#(0 0 0 0 0 0) - 0
#(0 0 0 0 0 0) - 0
#(0 0 0 0 0 0) - 0
#(0 0 0 0 0 0.03846154) - 5
#(0 0 0 0 0 0.03846154) - 5
#(0 0 0 0 0 0) - 0
#(0 0 0 0 0 0) - 0
#(0 0 0 0 0 0) - 0
#(0 0 0 0 0 0) - 0
#(0 0 0 0 0 0) - 0
#(0 0 0 0 0 0) - 0
#(0 0 0 0 0 0) - 0
#(0 0 0 0 0 0.03846154) - 5
#(0 0 0 0 0 0) - 0
#(0 0 0 0 0 0) - 0
#(0 0 0 0 0 0.26923078) - 5
#(0 0 0 0 0 0.26923078) - 5
#(0 0 0 0 0 0.23076923) - 5
#(0 0 0 0 0 0.1923077) - 5
#(0 0 0 0 0 0.26923078) - 5
#(0 0 0 0 0 0.115384616) - 5
#(0 0 0 0 0 0.26923078) - 5
#(0 0 0 0 0 0.46153846) - 5
#(0 0 0 0 0 0.115384616) - 5
#(0 0 0 0 0 0.1923077) - 5
#(0 0 0 0 0 0.23076923) - 5
#(0 0 0 0 0 0.26923078) - 5
#(0 0 0 0 0 0.1923077) - 5
#(0 0 0 0 0 0.07692308) - 5
#(0 0 0 0 0 0) - 0
#(0 0 0 0 0 0) - 0
#(0 0 0 0 0 0.03846154) - 5
#(0 0 0 0 0 0) - 0
#(0 0 0 0 0 0) - 0
#(0 0 0 0 0 0) - 0
#(0 0 0 0 0 0) - 0
#(0 0 0 0 0 0) - 0
#(0 0 0 0 0 0) - 0
#(0 0 0 0 0 0) - 0
