
Grupo 0
#(0 0 0 0 0 0) - 0
#(0 0 0 0 0 0) - 0
#(0 0 0 0 0 0) - 0
#(0 0 0 0 0 0) - 0
#(0 0 0 0 0 0) - 0
#(0 0 0 0 0 0) - 0
#(0 0 0 0 0 0) - 0
#(0 0 0 0 0 0) - 0
#(0 0 0 0 0 0) - 0
#(0 0 0 0 0 0) - 0
#(0 0 0 0 0 0) - 0
#(0 0 0 0 0 0) - 0
#(0 0 0 0 0 0) - 0
#(0.21111111 0 0 0 0 0) - 0
#(0.21111111 0 0 0 0 0) - 0
#(0.17777778 0 0 0 0 0) - 0
#(0.16666667 0 0 0 0 0) - 0
#(0.2 0 0 0 0 0) - 0
#(0.21111111 0 0 0 0 0) - 0
#(0.15555556 0 0 0 0 0) - 0
#(0.24444444 0 0 0 0 0) - 0
#(0.21111111 0 0 0 0 0) - 0
#(0.2777778 0 0 0 0 0) - 0
#(0.18888889 0 0 0 0 0) - 0
#(0.3 0 0 0 0 0) - 0
#(0.2888889 0 0 0 0 0) - 0
#(0.2777778 0 0 0 0 0) - 0
#(0.16666667 0 0 0 0 0) - 0
#(0.21111111 0 0 0 0 0) - 0
#(0.2777778 0 0 0 0 0) - 0
#(0.26666668 0 0 0 0 0) - 0
#(0.18888889 0 0 0 0 0) - 0
#(0.23333333 0 0 0 0 0) - 0
#(0.15555556 0 0 0 0 0) - 0
#(0.24444444 0 0 0 0 0) - 0
#(0.23333333 0 0 0 0 0) - 0
#(0.17777778 0 0 0 0 0) - 0
#(0.23333333 0 0 0 0 0) - 0
#(0.18888889 0 0 0 0 0) - 0
#(0.2 0 0 0 0 0) - 0
#(0.22222222 0 0 0 0 0) - 0
#(0 0 0 0 0 0) - 0
#(0 0 0 0 0 0) - 0
#(0 0 0 0 0 0) - 0
#(0 0 0 0 0 0) - 0
#(0 0 0 0 0 0) - 0
#(0 0 0 0 0 0) - 0
#(0 0 0 0 0 0) - 0
#(0 0 0 0 0 0) - 0
#(0.32222223 0 0 0 0 0) - 0
#(0.2888889 0 0 0 0 0) - 0
#(0.31111112 0 0 0 0 0) - 0
#(0.34444445 0 0 0 0 0) - 0
#(0.3 0 0 0 0 0) - 0
#(0.26666668 0 0 0 0 0) - 0
#(0.3 0 0 0 0 0) - 0
#(0.24444444 0 0 0 0 0) - 0
#(0.3 0 0 0 0 0) - 0
#(0.24444444 0 0 0 0 0) - 0
#(0.2 0 0 0 0 0) - 0
#(0.36666667 0 0 0 0 0) - 0
#(0.42222223 0 0 0 0 0) - 0
#(0.3888889 0 0 0 0 0) - 0
#(0.36666667 0 0 0 0 0) - 0
#(0.35555556 0 0 0 0 0) - 0
#(0.07777778 0 0 0 0 0) - 0
#(0.12222222 0 0 0 0 0) - 0
#(0.08888889 0 0 0 0 0) - 0
#(0.12222222 0 0 0 0 0) - 0
#(0.12222222 0 0 0 0 0) - 0
#(0.12222222 0 0 0 0 0) - 0
#(0 0 0 0 0 0) - 0
#(0 0 0 0 0 0) - 0
#(0 0 0 0 0 0) - 0
#(0 0 0 0 0 0) - 0
#(0 0 0 0 0 0) - 0
#(0 0 0 0 0 0) - 0
#(0 0 0 0 0 0) - 0
#(0 0 0 0 0 0) - 0
#(0 0 0 0 0 0) - 0
#(0 0 0 0 0 0) - 0
#(0 0 0 0 0 0) - 0
#(0 0 0 0 0 0) - 0
#(0 0 0 0 0 0) - 0
#(0 0 0 0 0 0) - 0
#(0 0 0 0 0 0) - 0
#(0 0 0 0 0 0) - 0
#(0 0 0 0 0 0) - 0
#(0 0 0 0 0 0) - 0
#(0.17777778 0 0 0 0 0) - 0
#(0.17777778 0 0 0 0 0) - 0
#(0.17777778 0 0 0 0 0) - 0
#(0.17777778 0 0 0 0 0) - 0
#(0.17777778 0 0 0 0 0) - 0
#(0.17777778 0 0 0 0 0) - 0
#(0.14444445 0 0 0 0 0) - 0
#(0.17777778 0 0 0 0 0) - 0
#(0 0 0 0 0 0) - 0
#(0 0 0 0 0 0) - 0
#(0 0 0 0 0 0) - 0
#(0 0 0 0 0 0) - 0
#(0 0 0 0 0 0) - 0
#(0 0 0 0 0 0) - 0
#(0 0 0 0 0 0) - 0
#(0 0 0 0 0 0) - 0
#(0 0 0 0 0 0) - 0
#(0 0 0 0 0 0) - 0
#(0 0 0 0 0 0) - 0
#(0 0 0 0 0 0) - 0
#(0 0 0 0 0 0) - 0
#(0 0 0 0 0 0) - 0
#(0 0 0 0 0 0) - 0
#(0 0 0 0 0 0) - 0
#(0 0 0 0 0 0) - 0
#(0 0 0 0 0 0) - 0
#(0 0 0 0 0 0) - 0
#(0 0 0 0 0 0) - 0
#(0 0 0 0 0 0) - 0
#(0 0 0 0 0 0) - 0
#(0 0 0 0 0 0) - 0
#(0 0 0 0 0 0) - 0
#(0 0 0 0 0 0) - 0
#(0 0 0 0 0 0) - 0
#(0 0 0 0 0 0) - 0
#(0 0 0 0 0 0) - 0
#(0 0 0 0 0 0) - 0
#(0 0 0 0 0 0) - 0

Grupo 1
#(0 0 0 0 0 0) - 0
#(0 0 0 0 0 0) - 0
#(0 0 0 0 0 0) - 0
#(0 0 0 0 0 0) - 0
#(0 0 0 0 0 0) - 0
#(0 0 0 0 0 0) - 0
#(0 0 0 0 0 0) - 0
#(0 0 0 0 0 0) - 0
#(0 0 0 0 0 0) - 0
#(0 0 0 0 0 0) - 0
#(0 0 0 0 0 0) - 0
#(0 0 0 0 0 0) - 0
#(0 0 0 0 0 0) - 0
#(0 0 0 0 0 0) - 0
#(0 0 0 0 0 0) - 0
#(0 0 0 0 0 0) - 0
#(0 0 0 0 0 0) - 0
#(0 0 0 0 0 0) - 0
#(0 0 0 0 0 0) - 0
#(0 0 0 0 0 0) - 0
#(0 0 0 0 0 0) - 0
#(0 0 0 0 0 0) - 0
#(0 0 0 0 0 0) - 0
#(0 0 0 0 0 0) - 0
#(0 0 0 0 0 0) - 0
#(0 0 0 0 0 0) - 0
#(0 0 0 0 0 0) - 0
#(0 0 0 0 0 0) - 0
#(0 0 0 0 0 0) - 0
#(0 0 0 0 0 0) - 0
#(0 0 0 0 0 0) - 0
#(0 0 0 0 0 0) - 0
#(0 0 0 0 0 0) - 0
#(0 0 0 0 0 0) - 0
#(0 0 0 0 0 0) - 0
#(0 0 0 0 0 0) - 0
#(0 0 0 0 0 0) - 0
#(0 0 0 0 0 0) - 0
#(0 0 0 0 0 0) - 0
#(0 0 0 0 0 0) - 0
#(0 0 0 0 0 0) - 0
#(0 0 0 0 0 0) - 0
#(0 0 0 0 0 0) - 0
#(0 0 0 0 0 0) - 0
#(0 0 0 0 0 0) - 0
#(0 0 0 0 0 0) - 0
#(0 0 0 0 0 0) - 0
#(0 0 0 0 0 0) - 0
#(0 0 0 0 0 0) - 0
#(0 0 0 0 0 0) - 0
#(0 0 0 0 0 0) - 0
#(0 0 0 0 0 0) - 0
#(0 0 0 0 0 0) - 0
#(0 0 0 0 0 0) - 0
#(0 0 0 0 0 0) - 0
#(0 0 0 0 0 0) - 0
#(0 0 0 0 0 0) - 0
#(0 0 0 0 0 0) - 0
#(0 0 0 0 0 0) - 0
#(0 0 0 0 0 0) - 0
#(0 0 0 0 0 0) - 0
#(0 0 0 0 0 0) - 0
#(0 0 0 0 0 0) - 0
#(0 0 0 0 0 0) - 0
#(0 0 0 0 0 0) - 0
#(0 0 0 0 0 0) - 0
#(0 0 0 0 0 0) - 0
#(0 0 0 0 0 0) - 0
#(0 0 0 0 0 0) - 0
#(0 0 0 0 0 0) - 0
#(0 0 0 0 0 0) - 0
#(0 0 0 0 0 0) - 0
#(0 0 0 0 0 0) - 0
#(0 0 0 0 0 0) - 0
#(0 0 0 0 0 0) - 0
#(0 0 0 0 0 0) - 0
#(0 0 0 0 0 0) - 0
#(0 0 0 0 0 0) - 0
#(0 0 0 0 0 0) - 0
#(0 0 0 0 0 0) - 0
#(0 0 0 0 0 0) - 0
#(0 0 0 0 0 0) - 0
#(0 0 0 0 0 0) - 0
#(0 0 0 0 0 0) - 0
#(0 0 0 0 0 0) - 0
#(0 0 0 0 0 0) - 0
#(0 0 0 0 0 0) - 0
#(0 0 0 0 0 0) - 0
#(0 0 0 0 0 0) - 0
#(0 0 0 0 0 0) - 0
#(0 0 0 0 0 0) - 0
#(0 0 0 0 0 0) - 0
#(0 0 0 0 0 0) - 0
#(0 0 0 0 0 0) - 0
#(0 0 0 0 0 0) - 0
#(0 0 0 0 0 0) - 0
#(0 0 0 0 0 0) - 0
#(0 0 0 0 0 0) - 0
#(0 0 0 0 0 0) - 0
#(0 0 0 0 0 0) - 0
#(0 0 0 0 0 0) - 0
#(0 0 0 0 0 0) - 0
#(0 0 0 0 0 0) - 0
#(0 0 0 0 0 0) - 0
#(0 0 0 0 0 0) - 0
#(0 0 0 0 0 0) - 0
#(0 0 0 0 0 0) - 0
#(0 0 0 0 0 0) - 0
#(0 0 0 0 0 0) - 0
#(0 0 0 0 0 0) - 0
#(0 0 0 0 0 0) - 0
#(0 0 0 0 0 0) - 0
#(0 0 0 0 0 0) - 0
#(0 0 0 0 0 0) - 0
#(0 0 0 0 0 0) - 0
#(0 0 0 0 0 0) - 0
#(0 0 0 0 0 0) - 0
#(0 0 0 0 0 0) - 0
#(0 0 0 0 0 0) - 0
#(0 0 0 0 0 0) - 0
#(0 0 0 0 0 0) - 0
#(0 0 0 0 0 0) - 0
#(0 0 0 0 0 0) - 0
#(0 0 0 0 0 0) - 0
#(0 0 0 0 0 0) - 0
#(0 0 0 0 0 0) - 0
#(0 0 0 0 0 0) - 0
#(0 0 0 0 0 0) - 0
#(0 0 0 0 0 0) - 0
#(0 0 0 0 0 0) - 0
#(0 0 0 0 0 0) - 0
#(0 0 0 0 0 0) - 0
#(0 0 0 0 0 0) - 0
#(0 0 0 0 0 0) - 0
#(0 0 0 0 0 0) - 0
#(0 0 0 0 0 0) - 0
#(0 0 0 0 0 0) - 0
#(0 0 0 0 0 0) - 0
#(0 0 0 0 0 0) - 0
#(0 0 0 0 0 0) - 0
#(0 0 0 0 0 0) - 0
#(0 0 0 0 0 0) - 0
#(0 0 0 0 0 0) - 0
#(0 0 0 0 0 0) - 0
#(0 0 0 0 0 0) - 0
#(0 0 0 0 0 0) - 0
#(0 0 0 0 0 0) - 0
#(0 0 0 0 0 0) - 0
#(0 0 0 0 0 0) - 0
#(0 0 0 0 0 0) - 0
#(0 0 0 0 0 0) - 0
#(0 0 0 0 0 0) - 0
#(0 0 0 0 0 0) - 0
#(0 0 0 0 0 0) - 0
#(0 0 0 0 0 0) - 0
#(0 0 0 0 0 0) - 0
#(0 0 0 0 0 0) - 0
#(0 0 0 0 0 0) - 0
#(0 0 0 0 0 0) - 0
#(0 0 0 0 0 0) - 0
#(0 0 0 0 0 0) - 0
#(0 0 0 0 0 0) - 0
#(0 0 0 0 0 0) - 0
#(0 0 0 0 0 0) - 0
#(0 0 0 0 0 0) - 0
#(0 0 0 0 0 0) - 0
#(0 0 0 0 0 0) - 0
#(0 0 0 0 0 0) - 0
#(0 0 0 0 0 0) - 0
#(0 0 0 0 0 0) - 0
#(0 0 0 0 0 0) - 0
#(0 0 0 0 0 0) - 0
#(0 0 0 0 0 0) - 0
#(0 0 0 0 0 0) - 0
#(0 0 0 0 0 0) - 0
#(0 0 0 0 0 0) - 0
#(0 0 0 0 0 0) - 0
#(0 0 0 0 0 0) - 0
#(0 0 0 0 0 0) - 0
#(0 0 0 0 0 0) - 0
#(0 0 0 0 0 0) - 0
#(0 0 0 0 0 0) - 0
#(0 0 0 0 0 0) - 0
#(0 0 0 0 0 0) - 0
#(0 0 0 0 0 0) - 0
#(0 0 0 0 0 0) - 0
#(0 0 0 0 0 0) - 0
#(0 0 0 0 0 0) - 0
#(0 0 0 0 0 0) - 0
#(0 0 0 0 0 0) - 0
#(0 0 0 0 0 0) - 0
#(0 0 0 0 0 0) - 0
#(0 0 0 0 0 0) - 0
#(0 0 0 0 0 0) - 0
#(0 0 0 0 0 0) - 0
#(0 0 0 0 0 0) - 0
#(0 0 0 0 0 0) - 0
#(0 0 0 0 0 0) - 0
#(0 0 0 0 0 0) - 0
#(0 0 0 0 0 0) - 0
#(0 0 0 0 0 0) - 0
#(0 0 0 0 0 0) - 0
#(0 0 0 0 0 0) - 0
#(0 0 0 0 0 0) - 0
#(0 0 0 0 0 0) - 0
#(0 0 0 0 0 0) - 0
#(0 0 0 0 0 0) - 0
#(0 0 0 0 0 0) - 0
#(0 0 0 0 0 0) - 0
#(0 0 0 0 0 0) - 0
#(0 0 0 0 0 0) - 0
#(0 0 0 0 0 0) - 0
#(0 0 0 0 0 0) - 0
#(0 0 0 0 0 0) - 0
#(0 0 0 0 0 0) - 0
#(0 0 0 0 0 0) - 0
#(0 0 0 0 0 0) - 0
#(0 0 0 0 0 0) - 0
#(0 0 0 0 0 0) - 0
#(0 0 0 0 0 0) - 0
#(0 0 0 0 0 0) - 0
#(0 0 0 0 0 0) - 0
#(0 0 0 0 0 0) - 0
#(0 0 0 0 0 0) - 0
#(0 0 0 0 0 0) - 0
#(0 0 0 0 0 0) - 0
#(0 0 0 0 0 0) - 0
#(0 0 0 0 0 0) - 0
#(0 0 0 0 0 0) - 0
#(0 0 0 0 0 0) - 0
#(0 0 0 0 0 0) - 0
#(0 0 0 0 0 0) - 0
#(0 0 0 0 0 0) - 0
#(0 0 0 0 0 0) - 0
#(0 0 0 0 0 0) - 0
#(0 0 0 0 0 0) - 0
#(0 0 0 0 0 0) - 0
#(0 0 0 0 0 0) - 0
#(0 0 0 0 0 0) - 0
#(0 0 0 0 0 0) - 0
#(0 0 0 0 0 0) - 0
#(0 0 0 0 0 0) - 0
#(0 0 0 0 0 0) - 0
#(0 0 0 0 0 0) - 0
#(0 0 0 0 0 0) - 0
#(0 0 0 0 0 0) - 0
#(0 0 0 0 0 0) - 0
#(0 0 0 0 0 0) - 0
#(0 0 0 0 0 0) - 0
#(0 0 0 0 0 0) - 0
#(0 0 0 0 0 0) - 0
#(0 0 0 0 0 0) - 0
#(0 0 0 0 0 0) - 0
#(0 0 0 0 0 0) - 0
#(0 0 0 0 0 0) - 0
#(0 0 0 0 0 0) - 0
#(0 0 0 0 0 0) - 0
#(0 0 0 0 0 0) - 0
#(0 0 0 0 0 0) - 0
#(0 0 0 0 0 0) - 0
#(0 0 0 0 0 0) - 0
#(0 0 0 0 0 0) - 0
#(0 0 0 0 0 0) - 0
#(0 0 0 0 0 0) - 0
#(0 0 0 0 0 0) - 0
#(0 0 0 0 0 0) - 0
#(0 0 0 0 0 0) - 0
#(0 0 0 0 0 0) - 0
#(0 0 0 0 0 0) - 0
#(0 0 0 0 0 0) - 0
#(0 0 0 0 0 0) - 0
#(0 0 0 0 0 0) - 0
#(0 0 0 0 0 0) - 0
#(0 0 0 0 0 0) - 0
#(0 0 0 0 0 0) - 0
#(0 0 0 0 0 0) - 0
#(0 0 0 0 0 0) - 0
#(0 0 0 0 0 0) - 0
#(0 0 0 0 0 0) - 0
#(0 0 0 0 0 0) - 0
#(0 0 0 0 0 0) - 0
#(0 0 0 0 0 0) - 0
#(0 0 0 0 0 0) - 0
#(0 0 0 0 0 0) - 0
#(0 0 0 0 0 0) - 0
#(0 0 0 0 0 0) - 0
#(0 0 0 0 0 0) - 0
#(0 0 0 0 0 0) - 0
#(0 0 0 0 0 0) - 0
#(0 0 0 0 0 0) - 0
#(0 0 0 0 0 0) - 0
#(0 0 0 0 0 0) - 0
#(0 0 0 0 0 0) - 0
#(0 0 0 0 0 0) - 0
#(0 0 0 0 0 0) - 0
#(0 0 0 0 0 0) - 0
#(0 0 0 0 0 0) - 0
#(0 0 0 0 0 0) - 0
#(0 0 0 0 0 0) - 0
#(0 0 0 0 0 0) - 0
#(0 0 0 0 0 0) - 0
#(0 0 0 0 0 0) - 0
#(0 0 0 0 0 0) - 0
#(0 0 0 0 0 0) - 0
#(0 0 0 0 0 0) - 0
#(0 0 0 0 0 0) - 0
#(0 0 0 0 0 0) - 0
#(0 0 0 0 0 0) - 0
#(0 0 0 0 0 0) - 0
#(0 0 0 0 0 0) - 0
#(0 0 0 0 0 0) - 0
#(0 0 0 0 0 0) - 0
#(0 0 0 0 0 0) - 0
#(0 0 0 0 0 0) - 0
#(0 0 0 0 0 0) - 0
#(0 0 0 0 0 0) - 0
#(0 0 0 0 0 0) - 0
#(0 0 0 0 0 0) - 0
#(0 0 0 0 0 0) - 0
#(0 0 0 0 0 0) - 0
#(0 0 0 0 0 0) - 0
#(0 0 0 0 0 0) - 0
#(0 0 0 0 0 0) - 0
#(0 0 0 0 0 0) - 0
#(0 0 0 0 0 0) - 0
#(0 0 0 0 0 0) - 0
#(0 0 0 0 0 0) - 0
#(0 0 0 0 0 0) - 0
#(0 0 0 0 0 0) - 0
#(0 0 0 0 0 0) - 0
#(0 0 0 0 0 0) - 0
#(0 0 0 0 0 0) - 0
#(0 0 0 0 0 0) - 0
#(0 0 0 0 0 0) - 0
#(0 0 0 0 0 0) - 0
#(0 0 0 0 0 0) - 0
#(0 0 0 0 0 0) - 0
#(0 0 0 0 0 0) - 0
#(0 0 0 0 0 0) - 0
#(0 0 0 0 0 0) - 0
#(0 0 0 0 0 0) - 0
#(0 0 0 0 0 0) - 0
#(0 0 0 0 0 0) - 0
#(0 0 0 0 0 0) - 0
#(0 0 0 0 0 0) - 0
#(0 0 0 0 0 0) - 0
#(0 0 0 0 0 0) - 0
#(0 0 0 0 0 0) - 0
#(0 0 0 0 0 0) - 0
#(0 0 0 0 0 0) - 0
#(0 0 0 0 0 0) - 0
#(0 0 0 0 0 0) - 0
#(0 0 0 0 0 0) - 0
#(0 0 0 0 0 0) - 0
#(0 0 0 0 0 0) - 0
#(0 0 0 0 0 0) - 0
#(0 0 0 0 0 0) - 0
#(0 0 0 0 0 0) - 0
#(0 0 0 0 0 0) - 0
#(0 0 0 0 0 0) - 0
#(0 0 0 0 0 0) - 0
#(0 0 0 0 0 0) - 0
#(0 0 0 0 0 0) - 0
#(0 0 0 0 0 0) - 0
#(0 0 0 0 0 0) - 0
#(0 0 0 0 0 0) - 0
#(0 0 0 0 0 0) - 0
#(0 0 0 0 0 0) - 0
#(0 0 0 0 0 0) - 0
#(0 0 0 0 0 0) - 0
#(0 0 0 0 0 0) - 0
#(0 0 0 0 0 0) - 0
#(0 0 0 0 0 0) - 0
#(0 0 0 0 0 0) - 0
#(0 0 0 0 0 0) - 0
#(0 0 0 0 0 0) - 0
#(0 0 0 0 0 0) - 0
#(0 0 0 0 0 0) - 0
#(0 0 0 0 0 0) - 0
#(0 0 0 0 0 0) - 0
#(0 0 0 0 0 0) - 0
#(0 0 0 0 0 0) - 0
#(0 0 0 0 0 0) - 0
#(0 0 0 0 0 0) - 0
#(0 0 0 0 0 0) - 0
#(0 0 0 0 0 0) - 0
#(0 0 0 0 0 0) - 0
#(0 0 0 0 0 0) - 0
#(0 0 0 0 0 0) - 0
#(0 0 0 0 0 0) - 0
#(0 0 0 0 0 0) - 0
#(0 0 0 0 0 0) - 0
#(0 0 0 0 0 0) - 0
#(0 0 0 0 0 0) - 0
#(0 0 0 0 0 0) - 0
#(0 0 0 0 0 0) - 0
#(0 0 0 0 0 0) - 0
#(0 0 0 0 0 0) - 0
#(0 0 0 0 0 0) - 0
#(0 0 0 0 0 0) - 0
#(0 0 0 0 0 0) - 0
#(0 0 0 0 0 0) - 0
#(0 0 0 0 0 0) - 0
#(0 0 0 0 0 0) - 0
#(0 0 0 0 0 0) - 0
#(0 0 0 0 0 0) - 0
#(0 0 0 0 0 0) - 0
#(0 0 0 0 0 0) - 0
#(0 0 0 0 0 0) - 0
#(0 0 0 0 0 0) - 0
#(0 0 0 0 0 0) - 0
#(0 0 0 0 0 0) - 0
#(0 0 0 0 0 0) - 0
#(0 0 0 0 0 0) - 0
#(0 0 0 0 0 0) - 0
#(0 0 0 0 0 0) - 0
#(0 0 0 0 0 0) - 0
#(0 0 0 0 0 0) - 0
#(0 0 0 0 0 0) - 0
#(0 0 0 0 0 0) - 0
#(0 0 0 0 0 0) - 0
#(0 0 0 0 0 0) - 0
#(0 0 0 0 0 0) - 0
#(0 0 0 0 0 0) - 0
#(0 0 0 0 0 0) - 0
#(0 0 0 0 0 0) - 0
#(0 0 0 0 0 0) - 0
#(0 0 0 0 0 0) - 0
#(0 0 0 0 0 0) - 0
#(0 0 0 0 0 0) - 0
#(0 0 0 0 0 0) - 0
#(0 0 0 0 0 0) - 0
#(0 0 0 0 0 0) - 0
#(0 0 0 0 0 0) - 0
#(0 0 0 0 0 0) - 0
#(0 0 0 0 0 0) - 0
#(0 0 0 0 0 0) - 0
#(0 0 0 0 0 0) - 0
#(0 0 0 0 0 0) - 0
#(0 0 0 0 0 0) - 0
#(0 0 0 0 0 0) - 0
#(0 0 0 0 0 0) - 0
#(0 0 0 0 0 0) - 0
#(0 0 0 0 0 0) - 0
#(0 0 0 0 0 0) - 0
#(0 0 0 0 0 0) - 0
#(0 0 0 0 0 0) - 0
#(0 0 0 0 0 0) - 0
#(0 0 0 0 0 0) - 0
#(0 0 0 0 0 0) - 0
#(0 0 0 0 0 0) - 0
#(0 0 0 0 0 0) - 0
#(0 0 0 0 0 0) - 0
#(0 0 0 0 0 0) - 0
#(0 0 0 0 0 0) - 0
#(0 0 0 0 0 0) - 0
#(0 0 0 0 0 0) - 0
#(0 0 0 0 0 0) - 0
#(0 0 0 0 0 0) - 0
#(0 0 0 0 0 0) - 0
#(0 0 0 0 0 0) - 0
#(0 0 0 0 0 0) - 0
#(0 0 0 0 0 0) - 0
#(0 0 0 0 0 0) - 0
#(0 0 0 0 0 0) - 0
#(0 0 0 0 0 0) - 0
#(0 0 0 0 0 0) - 0
#(0 0 0 0 0 0) - 0
#(0 0 0 0 0 0) - 0
#(0 0 0 0 0 0) - 0
#(0 0 0 0 0 0) - 0
#(0 0 0 0 0 0) - 0
#(0 0 0 0 0 0) - 0
#(0 0 0 0 0 0) - 0
#(0 0 0 0 0 0) - 0
#(0 0 0 0 0 0) - 0
#(0 0 0 0 0 0) - 0
#(0 0 0 0 0 0) - 0
#(0 0 0 0 0 0) - 0
#(0 0 0 0 0 0) - 0
#(0 0 0 0 0 0) - 0
#(0 0 0 0 0 0) - 0
#(0 0 0 0 0 0) - 0
#(0 0 0 0 0 0) - 0
#(0 0 0 0 0 0) - 0
#(0 0 0 0 0 0) - 0
#(0 0 0 0 0 0) - 0
#(0 0 0 0 0 0) - 0
#(0 0 0 0 0 0) - 0
#(0 0 0 0 0 0) - 0
#(0 0 0 0 0 0) - 0
#(0 0 0 0 0 0) - 0
#(0 0 0 0 0 0) - 0
#(0 0 0 0 0 0) - 0
#(0 0 0 0 0 0) - 0
#(0 0 0 0 0 0) - 0
#(0 0 0 0 0 0) - 0
#(0 0 0 0 0 0) - 0
#(0 0 0 0 0 0) - 0
#(0 0 0 0 0 0) - 0
#(0 0 0 0 0 0) - 0
#(0 0 0 0 0 0) - 0
#(0 0 0 0 0 0) - 0
#(0 0 0 0 0 0) - 0
#(0 0 0 0 0 0) - 0
#(0 0 0 0 0 0) - 0
#(0 0 0 0 0 0) - 0
#(0 0 0 0 0 0) - 0
#(0 0 0 0 0 0) - 0
#(0 0 0 0 0 0) - 0
#(0 0 0 0 0 0) - 0
#(0 0 0 0 0 0) - 0
#(0 0 0 0 0 0) - 0
#(0 0 0 0 0 0) - 0
#(0 0 0 0 0 0) - 0
#(0 0 0 0 0 0) - 0
#(0 0 0 0 0 0) - 0
#(0 0 0 0 0 0) - 0
#(0 0 0 0 0 0) - 0
#(0 0 0 0 0 0) - 0
#(0 0 0 0 0 0) - 0
#(0 0 0 0 0 0) - 0
#(0 0 0 0 0 0) - 0
#(0 0 0 0 0 0) - 0
#(0 0 0 0 0 0) - 0
#(0 0 0 0 0 0) - 0
#(0 0 0 0 0 0) - 0
#(0 0 0 0 0 0) - 0
#(0 0 0 0 0 0) - 0
#(0 0 0 0 0 0) - 0
#(0 0 0 0 0 0) - 0
#(0 0 0 0 0 0) - 0
#(0 0 0 0 0 0) - 0
#(0 0 0 0 0 0) - 0
#(0 0 0 0 0 0) - 0
#(0 0 0 0 0 0) - 0
#(0 0 0 0 0 0) - 0
#(0 0 0 0 0 0) - 0
#(0 0 0 0 0 0) - 0
#(0 0 0 0 0 0) - 0
#(0 0 0 0 0 0) - 0
#(0 0 0 0 0 0) - 0
#(0 0 0 0 0 0) - 0
#(0 0 0 0 0 0) - 0
#(0 0 0 0 0 0) - 0
#(0 0 0 0 0 0) - 0
#(0 0 0 0 0 0) - 0
#(0 0 0 0 0 0) - 0
#(0 0 0 0 0 0) - 0
#(0 0 0 0 0 0) - 0
#(0 0 0 0 0 0) - 0
#(0 0 0 0 0 0) - 0
#(0 0 0 0 0 0) - 0
#(0 0 0 0 0 0) - 0
#(0 0 0 0 0 0) - 0
#(0 0 0 0 0 0) - 0
#(0 0 0 0 0 0) - 0
#(0 0 0 0 0 0) - 0
#(0 0 0 0 0 0) - 0
#(0 0 0 0 0 0) - 0
#(0 0 0 0 0 0) - 0
#(0 0 0 0 0 0) - 0
#(0 0 0 0 0 0) - 0
#(0 0 0 0 0 0) - 0
#(0 0 0 0 0 0) - 0
#(0 0 0 0 0 0) - 0
#(0 0 0 0 0 0) - 0
#(0 0 0 0 0 0) - 0
#(0 0 0 0 0 0) - 0
#(0 0 0 0 0 0) - 0
#(0 0 0 0 0 0) - 0
#(0 0 0 0 0 0) - 0
#(0 0 0 0 0 0) - 0
#(0 0 0 0 0 0) - 0
#(0 0 0 0 0 0) - 0
#(0 0 0 0 0 0) - 0
#(0 0 0 0 0 0) - 0
#(0 0 0 0 0 0) - 0
#(0 0 0 0 0 0) - 0
#(0 0 0 0 0 0) - 0
#(0 0 0 0 0 0) - 0
#(0 0 0 0 0 0) - 0
#(0 0 0 0 0 0) - 0
#(0 0 0 0 0 0) - 0
#(0 0 0 0 0 0) - 0
#(0 0 0 0 0 0) - 0
#(0 0 0 0 0 0) - 0
#(0 0 0 0 0 0) - 0
#(0 0 0 0 0 0) - 0
#(0 0 0 0 0 0) - 0
#(0 0 0 0 0 0) - 0
#(0 0 0 0 0 0) - 0
#(0 0 0 0 0 0) - 0
#(0 0 0 0 0 0) - 0
#(0 0 0 0 0 0) - 0
#(0 0 0 0 0 0) - 0
#(0 0 0 0 0 0) - 0
#(0 0 0 0 0 0) - 0
#(0 0 0 0 0 0) - 0
#(0 0 0 0 0 0) - 0
#(0 0 0 0 0 0) - 0
#(0 0 0 0 0 0) - 0
#(0 0 0 0 0 0) - 0
#(0 0 0 0 0 0) - 0
#(0 0 0 0 0 0) - 0
#(0 0 0 0 0 0) - 0
#(0 0 0 0 0 0) - 0
#(0 0 0 0 0 0) - 0
#(0 0 0 0 0 0) - 0
#(0 0 0 0 0 0) - 0
#(0 0 0 0 0 0) - 0
#(0 0 0 0 0 0) - 0
#(0 0 0 0 0 0) - 0
#(0 0 0 0 0 0) - 0
#(0 0 0 0 0 0) - 0
#(0 0 0 0 0 0) - 0
#(0 0 0 0 0 0) - 0
#(0 0 0 0 0 0) - 0
#(0 0 0 0 0 0) - 0
#(0 0 0 0 0 0) - 0
#(0 0 0 0 0 0) - 0
#(0 0 0 0 0 0) - 0
#(0 0 0 0 0 0) - 0
#(0 0 0 0 0 0) - 0
#(0 0 0 0 0 0) - 0
#(0 0 0 0 0 0) - 0
#(0 0 0 0 0 0) - 0
#(0 0 0 0 0 0) - 0
#(0 0 0 0 0 0) - 0
#(0 0 0 0 0 0) - 0
#(0 0 0 0 0 0) - 0
#(0 0 0 0 0 0) - 0
#(0 0 0 0 0 0) - 0
#(0 0 0 0 0 0) - 0
#(0 0 0 0 0 0) - 0
#(0 0 0 0 0 0) - 0
#(0 0 0 0 0 0) - 0
#(0 0 0 0 0 0) - 0
#(0 0 0 0 0 0) - 0
#(0 0 0 0 0 0) - 0
#(0 0 0 0 0 0) - 0
#(0 0 0 0 0 0) - 0
#(0 0 0 0 0 0) - 0
#(0 0 0 0 0 0) - 0
#(0 0 0 0 0 0) - 0
#(0 0 0 0 0 0) - 0
#(0 0 0 0 0 0) - 0
#(0 0 0 0 0 0) - 0
#(0 0 0 0 0 0) - 0
#(0 0 0 0 0 0) - 0
#(0 0 0 0 0 0) - 0
#(0 0 0 0 0 0) - 0
#(0 0 0 0 0 0) - 0
#(0 0 0 0 0 0) - 0
#(0 0 0 0 0 0) - 0
#(0 1.0 0 0 0 0) - 1
#(0 1.0 0 0 0 0) - 1
#(0 1.0 0 0 0 0) - 1
#(0 1.0 0 0 0 0) - 1
#(0 1.0 0 0 0 0) - 1
#(0 1.0 0 0 0 0) - 1
#(0 1.0 0 0 0 0) - 1
#(0 1.0 0 0 0 0) - 1
#(0 1.0 0 0 0 0) - 1
#(0 1.0 0 0 0 0) - 1
#(0 1.0 0 0 0 0) - 1
#(0 1.0 0 0 0 0) - 1
#(0 0.8333333 0 0 0 0) - 1
#(0 0.8333333 0 0 0 0) - 1
#(0 1.0 0 0 0 0) - 1
#(0 0.6666667 0 0 0 0) - 1
#(0 0.8333333 0 0 0 0) - 1
#(0 0.8333333 0 0 0 0) - 1
#(0 1.0 0 0 0 0) - 1
#(0 0.8333333 0 0 0 0) - 1
#(0 1.0 0 0 0 0) - 1
#(0 0.8333333 0 0 0 0) - 1
#(0 1.0 0 0 0 0) - 1
#(0 1.0 0 0 0 0) - 1
#(0 1.0 0 0 0 0) - 1
#(0 1.0 0 0 0 0) - 1
#(0 1.0 0 0 0 0) - 1
#(0 1.0 0 0 0 0) - 1
#(0 1.0 0 0 0 0) - 1
#(0 1.0 0 0 0 0) - 1
#(0 1.0 0 0 0 0) - 1
#(0 1.0 0 0 0 0) - 1
#(0 0.8333333 0 0 0 0) - 1
#(0 1.0 0 0 0 0) - 1
#(0 0.8333333 0 0 0 0) - 1
#(0 0.8333333 0 0 0 0) - 1
#(0 1.0 0 0 0 0) - 1
#(0 1.0 0 0 0 0) - 1
#(0 1.0 0 0 0 0) - 1
#(0 0.8333333 0 0 0 0) - 1
#(0 0.8333333 0 0 0 0) - 1
#(0 1.0 0 0 0 0) - 1
#(0 1.0 0 0 0 0) - 1
#(0 0.8333333 0 0 0 0) - 1
#(0 1.0 0 0 0 0) - 1
#(0 1.0 0 0 0 0) - 1
#(0 1.0 0 0 0 0) - 1
#(0 1.0 0 0 0 0) - 1
#(0 0.8333333 0 0 0 0) - 1
#(0 1.0 0 0 0 0) - 1
#(0 0.6666667 0 0 0 0) - 1
#(0 0.6666667 0 0 0 0) - 1
#(0 1.0 0 0 0 0) - 1
#(0 1.0 0 0 0 0) - 1
#(0 0.6666667 0 0 0 0) - 1
#(0 0.8333333 0 0 0 0) - 1
#(0 0.8333333 0 0 0 0) - 1
#(0 1.0 0 0 0 0) - 1
#(0 1.0 0 0 0 0) - 1
#(0 1.0 0 0 0 0) - 1
#(0 1.0 0 0 0 0) - 1
#(0 1.0 0 0 0 0) - 1
#(0 0.8333333 0 0 0 0) - 1
#(0 0.33333334 0 0 0 0) - 1
#(0 0 0 0 0 0) - 0
#(0 0 0 0 0 0) - 0
#(0 0 0 0 0 0) - 0
#(0 0 0 0 0 0) - 0
#(0 0 0 0 0 0) - 0
#(0 0 0 0 0 0) - 0
#(0 0 0 0 0 0) - 0
#(0 0 0 0 0 0) - 0
#(0 0 0 0 0 0) - 0
#(0 0 0 0 0 0) - 0
#(0 0 0 0 0 0) - 0
#(0 0 0 0 0 0) - 0
#(0 0 0 0 0 0) - 0
#(0 0 0 0 0 0) - 0
#(0 0 0 0 0 0) - 0
#(0 0 0 0 0 0) - 0
#(0 0 0 0 0 0) - 0
#(0 0 0 0 0 0) - 0
#(0 0 0 0 0 0) - 0
#(0 0 0 0 0 0) - 0
#(0 0 0 0 0 0) - 0
#(0 0 0 0 0 0) - 0
#(0 0 0 0 0 0) - 0
#(0 0 0 0 0 0) - 0
#(0 0 0 0 0 0) - 0
#(0 0 0 0 0 0) - 0
#(0 0 0 0 0 0) - 0
#(0 0 0 0 0 0) - 0
#(0 0 0 0 0 0) - 0
#(0 0 0 0 0 0) - 0
#(0 0 0 0 0 0) - 0
#(0 0 0 0 0 0) - 0
#(0 0 0 0 0 0) - 0
#(0 0 0 0 0 0) - 0
#(0 0 0 0 0 0) - 0
#(0 0 0 0 0 0) - 0
#(0 0 0 0 0 0) - 0
#(0 0 0 0 0 0) - 0
#(0 0 0 0 0 0) - 0
#(0 0 0 0 0 0) - 0
#(0 0 0 0 0 0) - 0
#(0 0 0 0 0 0) - 0
#(0 0 0 0 0 0) - 0
#(0 0 0 0 0 0) - 0
#(0 0 0 0 0 0) - 0
#(0 0 0 0 0 0) - 0
#(0 0 0 0 0 0) - 0
#(0 0 0 0 0 0) - 0
#(0 0 0 0 0 0) - 0
#(0 0 0 0 0 0) - 0
#(0 0 0 0 0 0) - 0
#(0 0 0 0 0 0) - 0
#(0 0 0 0 0 0) - 0
#(0 0 0 0 0 0) - 0
#(0 0 0 0 0 0) - 0
#(0 0 0 0 0 0) - 0
#(0 0 0 0 0 0) - 0
#(0 0 0 0 0 0) - 0
#(0 0 0 0 0 0) - 0
#(0 0 0 0 0 0) - 0
#(0 0 0 0 0 0) - 0
#(0 0 0 0 0 0) - 0
#(0 0 0 0 0 0) - 0
#(0 0 0 0 0 0) - 0
#(0 0 0 0 0 0) - 0
#(0 0 0 0 0 0) - 0
#(0 0 0 0 0 0) - 0
#(0 0 0 0 0 0) - 0
#(0 0 0 0 0 0) - 0
#(0 0 0 0 0 0) - 0
#(0 0 0 0 0 0) - 0
#(0 0 0 0 0 0) - 0
#(0 0 0 0 0 0) - 0
#(0 0 0 0 0 0) - 0
#(0 0 0 0 0 0) - 0
#(0 0 0 0 0 0) - 0
#(0 0 0 0 0 0) - 0
#(0 0 0 0 0 0) - 0
#(0 0 0 0 0 0) - 0
#(0 0 0 0 0 0) - 0
#(0 0 0 0 0 0) - 0
#(0 0 0 0 0 0) - 0
#(0 0 0 0 0 0) - 0
#(0 0 0 0 0 0) - 0
#(0 0 0 0 0 0) - 0
#(0 0 0 0 0 0) - 0
#(0 0 0 0 0 0) - 0
#(0 0 0 0 0 0) - 0
#(0 0 0 0 0 0) - 0
#(0 0 0 0 0 0) - 0
#(0 0 0 0 0 0) - 0
#(0 0 0 0 0 0) - 0
#(0 0 0 0 0 0) - 0
#(0 0 0 0 0 0) - 0
#(0 0 0 0 0 0) - 0
#(0 0 0 0 0 0) - 0
#(0 0 0 0 0 0) - 0
#(0 0 0 0 0 0) - 0
#(0 0 0 0 0 0) - 0
#(0 0 0 0 0 0) - 0
#(0 0 0 0 0 0) - 0
#(0 0 0 0 0 0) - 0
#(0 0 0 0 0 0) - 0
#(0 0 0 0 0 0) - 0
#(0 0 0 0 0 0) - 0
#(0 0 0 0 0 0) - 0
#(0 0 0 0 0 0) - 0
#(0 0 0 0 0 0) - 0
#(0 0 0 0 0 0) - 0
#(0 0 0 0 0 0) - 0
#(0 0 0 0 0 0) - 0
#(0 0 0 0 0 0) - 0
#(0 0 0 0 0 0) - 0
#(0 0 0 0 0 0) - 0
#(0 0 0 0 0 0) - 0
#(0 0 0 0 0 0) - 0
#(0 0 0 0 0 0) - 0
#(0 0 0 0 0 0) - 0
#(0 0 0 0 0 0) - 0
#(0 0 0 0 0 0) - 0
#(0 0 0 0 0 0) - 0
#(0 0 0 0 0 0) - 0
#(0 0 0 0 0 0) - 0
#(0 0 0 0 0 0) - 0
#(0 0 0 0 0 0) - 0
#(0 0 0 0 0 0) - 0
#(0 0 0 0 0 0) - 0
#(0 0 0 0 0 0) - 0
#(0 0 0 0 0 0) - 0
#(0 0 0 0 0 0) - 0
#(0 0 0 0 0 0) - 0
#(0 0 0 0 0 0) - 0
#(0 0 0 0 0 0) - 0
#(0 0 0 0 0 0) - 0
#(0 0 0 0 0 0) - 0
#(0 0 0 0 0 0) - 0
#(0 0 0 0 0 0) - 0
#(0 0 0 0 0 0) - 0
#(0 0 0 0 0 0) - 0
#(0 0 0 0 0 0) - 0
#(0 0 0 0 0 0) - 0
#(0 0 0 0 0 0) - 0
#(0 0 0 0 0 0) - 0
#(0 0 0 0 0 0) - 0
#(0 0 0 0 0 0) - 0
#(0 0 0 0 0 0) - 0
#(0 0 0 0 0 0) - 0
#(0 0 0 0 0 0) - 0
#(0 0 0 0 0 0) - 0
#(0 0 0 0 0 0) - 0
#(0 0 0 0 0 0) - 0
#(0 0 0 0 0 0) - 0
#(0 0 0 0 0 0) - 0
#(0 0 0 0 0 0) - 0
#(0 0 0 0 0 0) - 0
#(0 0 0 0 0 0) - 0
#(0 0 0 0 0 0) - 0
#(0 0 0 0 0 0) - 0
#(0 0 0 0 0 0) - 0
#(0 0 0 0 0 0) - 0
#(0 0 0 0 0 0) - 0
#(0 0 0 0 0 0) - 0
#(0 0 0 0 0 0) - 0
#(0 0 0 0 0 0) - 0
#(0 0 0 0 0 0) - 0
#(0 0 0 0 0 0) - 0
#(0 0 0 0 0 0) - 0
#(0 0 0 0 0 0) - 0
#(0 0 0 0 0 0) - 0
#(0 0 0 0 0 0) - 0
#(0 0 0 0 0 0) - 0
#(0 0 0 0 0 0) - 0
#(0 0 0 0 0 0) - 0
#(0 0 0 0 0 0) - 0
#(0 0 0 0 0 0) - 0
#(0 0 0 0 0 0) - 0
#(0 0 0 0 0 0) - 0
#(0 0 0 0 0 0) - 0
#(0 0 0 0 0 0) - 0
#(0 0 0 0 0 0) - 0
#(0 0 0 0 0 0) - 0
#(0 0 0 0 0 0) - 0
#(0 0 0 0 0 0) - 0
#(0 0 0 0 0 0) - 0
#(0 0 0 0 0 0) - 0
#(0 0 0 0 0 0) - 0
#(0 0 0 0 0 0) - 0
#(0 0 0 0 0 0) - 0
#(0 0 0 0 0 0) - 0
#(0 0 0 0 0 0) - 0
#(0 0 0 0 0 0) - 0
#(0 0 0 0 0 0) - 0
#(0 0 0 0 0 0) - 0
#(0 0 0 0 0 0) - 0
#(0 0 0 0 0 0) - 0
#(0 0 0 0 0 0) - 0
#(0 0 0 0 0 0) - 0
#(0 0 0 0 0 0) - 0
#(0 0 0 0 0 0) - 0
#(0 0 0 0 0 0) - 0
#(0 0 0 0 0 0) - 0
#(0 0 0 0 0 0) - 0
#(0 0 0 0 0 0) - 0
#(0 0 0 0 0 0) - 0
#(0 0 0 0 0 0) - 0
#(0 0 0 0 0 0) - 0
#(0 0 0 0 0 0) - 0
#(0 0 0 0 0 0) - 0
#(0 0 0 0 0 0) - 0
#(0 0 0 0 0 0) - 0
#(0 0 0 0 0 0) - 0
#(0 0 0 0 0 0) - 0
#(0 0 0 0 0 0) - 0
#(0 0 0 0 0 0) - 0
#(0 0 0 0 0 0) - 0
#(0 0 0 0 0 0) - 0
#(0 0 0 0 0 0) - 0
#(0 0 0 0 0 0) - 0
#(0 0 0 0 0 0) - 0
#(0 0 0 0 0 0) - 0
#(0 0 0 0 0 0) - 0
#(0 0 0 0 0 0) - 0
#(0 0 0 0 0 0) - 0
#(0 0 0 0 0 0) - 0
#(0 0 0 0 0 0) - 0
#(0 0 0 0 0 0) - 0
#(0 0 0 0 0 0) - 0
#(0 0 0 0 0 0) - 0
#(0 0 0 0 0 0) - 0
#(0 0 0 0 0 0) - 0
#(0 0 0 0 0 0) - 0
#(0 0 0 0 0 0) - 0
#(0 0 0 0 0 0) - 0
#(0 0 0 0 0 0) - 0
#(0 0 0 0 0 0) - 0
#(0 0 0 0 0 0) - 0
#(0 0 0 0 0 0) - 0
#(0 0 0 0 0 0) - 0
#(0 0 0 0 0 0) - 0
#(0 0 0 0 0 0) - 0
#(0 0 0 0 0 0) - 0
#(0 0 0 0 0 0) - 0
#(0 0 0 0 0 0) - 0
#(0 0 0 0 0 0) - 0
#(0 0 0 0 0 0) - 0
#(0 0 0 0 0 0) - 0
#(0 0 0 0 0 0) - 0
#(0 0 0 0 0 0) - 0
#(0 0 0 0 0 0) - 0
#(0 0 0 0 0 0) - 0
#(0 0.6666667 0 0 0 0) - 1
#(0 1.0 0 0 0 0) - 1
#(0 0.8333333 0 0 0 0) - 1
#(0 1.0 0 0 0 0) - 1
#(0 0.8333333 0 0 0 0) - 1
#(0 1.0 0 0 0 0) - 1
#(0 0.8333333 0 0 0 0) - 1
#(0 1.0 0 0 0 0) - 1
#(0 0.8333333 0 0 0 0) - 1
#(0 1.0 0 0 0 0) - 1
#(0 0.8333333 0 0 0 0) - 1
#(0 0.8333333 0 0 0 0) - 1
#(0 0.8333333 0 0 0 0) - 1
#(0 1.0 0 0 0 0) - 1
#(0 0.8333333 0 0 0 0) - 1
#(0 0.8333333 0 0 0 0) - 1
#(0 1.0 0 0 0 0) - 1
#(0 0.6666667 0 0 0 0) - 1
#(0 0.8333333 0 0 0 0) - 1
#(0 0.8333333 0 0 0 0) - 1
#(0 1.0 0 0 0 0) - 1
#(0 1.0 0 0 0 0) - 1
#(0 0.8333333 0 0 0 0) - 1
#(0 0.8333333 0 0 0 0) - 1
#(0 0.6666667 0 0 0 0) - 1
#(0 0.8333333 0 0 0 0) - 1
#(0 0.8333333 0 0 0 0) - 1
#(0 1.0 0 0 0 0) - 1
#(0 1.0 0 0 0 0) - 1
#(0 1.0 0 0 0 0) - 1
#(0 1.0 0 0 0 0) - 1
#(0 1.0 0 0 0 0) - 1
#(0 1.0 0 0 0 0) - 1
#(0 1.0 0 0 0 0) - 1
#(0 0.5 0 0 0 0) - 1
#(0 0 0 0 0 0) - 0
#(0 0 0 0 0 0) - 0
#(0 0 0 0 0 0) - 0
#(0 0 0 0 0 0) - 0
#(0 0 0 0 0 0) - 0
#(0 0 0 0 0 0) - 0
#(0 0 0 0 0 0) - 0
#(0 0 0 0 0 0) - 0
#(0 0 0 0 0 0) - 0
#(0 0 0 0 0 0) - 0
#(0 0 0 0 0 0) - 0
#(0 0 0 0 0 0) - 0
#(0 0 0 0 0 0) - 0
#(0 0 0 0 0 0) - 0
#(0 0 0 0 0 0) - 0
#(0 0 0 0 0 0) - 0
#(0 0 0 0 0 0) - 0
#(0 0 0 0 0 0) - 0
#(0 0 0 0 0 0) - 0
#(0 0 0 0 0 0) - 0
#(0 0 0 0 0 0) - 0
#(0 0 0 0 0 0) - 0
#(0 0 0 0 0 0) - 0
#(0 0 0 0 0 0) - 0
#(0 0 0 0 0 0) - 0
#(0 0 0 0 0 0) - 0
#(0 0 0 0 0 0) - 0
#(0 0 0 0 0 0) - 0
#(0 0 0 0 0 0) - 0
#(0 0 0 0 0 0) - 0
#(0 0 0 0 0 0) - 0
#(0 0 0 0 0 0) - 0
#(0 0 0 0 0 0) - 0
#(0 0 0 0 0 0) - 0
#(0 0 0 0 0 0) - 0
#(0 0 0 0 0 0) - 0
#(0 0 0 0 0 0) - 0
#(0 0 0 0 0 0) - 0
#(0 0 0 0 0 0) - 0
#(0 0 0 0 0 0) - 0
#(0 0 0 0 0 0) - 0
#(0 0 0 0 0 0) - 0
#(0 0 0 0 0 0) - 0
#(0 0 0 0 0 0) - 0
#(0 0 0 0 0 0) - 0
#(0 0 0 0 0 0) - 0
#(0 0 0 0 0 0) - 0
#(0 0 0 0 0 0) - 0
#(0 0 0 0 0 0) - 0
#(0 0 0 0 0 0) - 0
#(0 0 0 0 0 0) - 0
#(0 0 0 0 0 0) - 0
#(0 0 0 0 0 0) - 0
#(0 0 0 0 0 0) - 0
#(0 0 0 0 0 0) - 0
#(0 0 0 0 0 0) - 0
#(0 0 0 0 0 0) - 0
#(0 0 0 0 0 0) - 0
#(0 0 0 0 0 0) - 0
#(0 0 0 0 0 0) - 0
#(0 0 0 0 0 0) - 0
#(0 0 0 0 0 0) - 0
#(0 0 0 0 0 0) - 0
#(0 0 0 0 0 0) - 0
#(0 0 0 0 0 0) - 0
#(0 0 0 0 0 0) - 0
#(0 0 0 0 0 0) - 0
#(0 0 0 0 0 0) - 0
#(0 0 0 0 0 0) - 0
#(0 0 0 0 0 0) - 0
#(0 0 0 0 0 0) - 0
#(0 0 0 0 0 0) - 0
#(0 0 0 0 0 0) - 0
#(0 0 0 0 0 0) - 0
#(0 0 0 0 0 0) - 0
#(0 0 0 0 0 0) - 0
#(0 0 0 0 0 0) - 0
#(0 0 0 0 0 0) - 0
#(0 0 0 0 0 0) - 0
#(0 0 0 0 0 0) - 0
#(0 0 0 0 0 0) - 0
#(0 0 0 0 0 0) - 0
#(0 0 0 0 0 0) - 0
#(0 0 0 0 0 0) - 0
#(0 0 0 0 0 0) - 0
#(0 0 0 0 0 0) - 0
#(0 0 0 0 0 0) - 0
#(0 0 0 0 0 0) - 0
#(0 0 0 0 0 0) - 0
#(0 0 0 0 0 0) - 0
#(0 0 0 0 0 0) - 0
#(0 0 0 0 0 0) - 0
#(0 0 0 0 0 0) - 0
#(0 0 0 0 0 0) - 0
#(0 0 0 0 0 0) - 0
#(0 0 0 0 0 0) - 0
#(0 0 0 0 0 0) - 0
#(0 0 0 0 0 0) - 0
#(0 0 0 0 0 0) - 0
#(0 0 0 0 0 0) - 0
#(0 0 0 0 0 0) - 0
#(0 0 0 0 0 0) - 0
#(0 0 0 0 0 0) - 0
#(0 0 0 0 0 0) - 0
#(0 0 0 0 0 0) - 0
#(0 0 0 0 0 0) - 0
#(0 0 0 0 0 0) - 0
#(0 0 0 0 0 0) - 0
#(0 0 0 0 0 0) - 0
#(0 0 0 0 0 0) - 0
#(0 0 0 0 0 0) - 0
#(0 0 0 0 0 0) - 0
#(0 0 0 0 0 0) - 0
#(0 0 0 0 0 0) - 0
#(0 0 0 0 0 0) - 0
#(0 0 0 0 0 0) - 0
#(0 0 0 0 0 0) - 0
#(0 0 0 0 0 0) - 0
#(0 0 0 0 0 0) - 0
#(0 0 0 0 0 0) - 0
#(0 0 0 0 0 0) - 0
#(0 0 0 0 0 0) - 0
#(0 0 0 0 0 0) - 0
#(0 0 0 0 0 0) - 0
#(0 0 0 0 0 0) - 0
#(0 0 0 0 0 0) - 0
#(0 0 0 0 0 0) - 0
#(0 0 0 0 0 0) - 0
#(0 0 0 0 0 0) - 0
#(0 0 0 0 0 0) - 0
#(0 0 0 0 0 0) - 0
#(0 0 0 0 0 0) - 0
#(0 0 0 0 0 0) - 0
#(0 0 0 0 0 0) - 0
#(0 0 0 0 0 0) - 0
#(0 0 0 0 0 0) - 0
#(0 0 0 0 0 0) - 0
#(0 0 0 0 0 0) - 0
#(0 0 0 0 0 0) - 0
#(0 0 0 0 0 0) - 0
#(0 0 0 0 0 0) - 0
#(0 0 0 0 0 0) - 0
#(0 0 0 0 0 0) - 0
#(0 0 0 0 0 0) - 0
#(0 0 0 0 0 0) - 0
#(0 0 0 0 0 0) - 0
#(0 0 0 0 0 0) - 0
#(0 0 0 0 0 0) - 0
#(0 0 0 0 0 0) - 0
#(0 0 0 0 0 0) - 0
#(0 0 0 0 0 0) - 0
#(0 0 0 0 0 0) - 0
#(0 0 0 0 0 0) - 0
#(0 0 0 0 0 0) - 0
#(0 0 0 0 0 0) - 0
#(0 0 0 0 0 0) - 0
#(0 0 0 0 0 0) - 0
#(0 0 0 0 0 0) - 0
#(0 0 0 0 0 0) - 0
#(0 0 0 0 0 0) - 0
#(0 0 0 0 0 0) - 0
#(0 0 0 0 0 0) - 0
#(0 0 0 0 0 0) - 0
#(0 0 0 0 0 0) - 0
#(0 0 0 0 0 0) - 0
#(0 0 0 0 0 0) - 0
#(0 0 0 0 0 0) - 0
#(0 0 0 0 0 0) - 0
#(0 0 0 0 0 0) - 0
#(0 0 0 0 0 0) - 0
#(0 0 0 0 0 0) - 0
#(0 0 0 0 0 0) - 0
#(0 0 0 0 0 0) - 0
#(0 0 0 0 0 0) - 0
#(0 0 0 0 0 0) - 0
#(0 0 0 0 0 0) - 0
#(0 0 0 0 0 0) - 0
#(0 0 0 0 0 0) - 0
#(0 0 0 0 0 0) - 0
#(0 0 0 0 0 0) - 0
#(0 0 0 0 0 0) - 0
#(0 0 0 0 0 0) - 0
#(0 0 0 0 0 0) - 0
#(0 0 0 0 0 0) - 0
#(0 0 0 0 0 0) - 0
#(0 0 0 0 0 0) - 0
#(0 0 0 0 0 0) - 0
#(0 0 0 0 0 0) - 0
#(0 0 0 0 0 0) - 0
#(0 0 0 0 0 0) - 0
#(0 0 0 0 0 0) - 0
#(0 0 0 0 0 0) - 0
#(0 0 0 0 0 0) - 0
#(0 0 0 0 0 0) - 0
#(0 0 0 0 0 0) - 0
#(0 0 0 0 0 0) - 0
#(0 0 0 0 0 0) - 0
#(0 0 0 0 0 0) - 0
#(0 0 0 0 0 0) - 0
#(0 0 0 0 0 0) - 0
#(0 0 0 0 0 0) - 0
#(0 0 0 0 0 0) - 0
#(0 0 0 0 0 0) - 0
#(0 0 0 0 0 0) - 0
#(0 0 0 0 0 0) - 0
#(0 0 0 0 0 0) - 0
#(0 0 0 0 0 0) - 0
#(0 0 0 0 0 0) - 0
#(0 0 0 0 0 0) - 0
#(0 0 0 0 0 0) - 0
#(0 0 0 0 0 0) - 0
#(0 0 0 0 0 0) - 0
#(0 0 0 0 0 0) - 0
#(0 0 0 0 0 0) - 0
#(0 0 0 0 0 0) - 0
#(0 0 0 0 0 0) - 0
#(0 0 0 0 0 0) - 0
#(0 0 0 0 0 0) - 0
#(0 0 0 0 0 0) - 0
#(0 0 0 0 0 0) - 0
#(0 0 0 0 0 0) - 0
#(0 0 0 0 0 0) - 0
#(0 0 0 0 0 0) - 0
#(0 0 0 0 0 0) - 0
#(0 0 0 0 0 0) - 0
#(0 0 0 0 0 0) - 0
#(0 0 0 0 0 0) - 0
#(0 0 0 0 0 0) - 0
#(0 0 0 0 0 0) - 0
#(0 0 0 0 0 0) - 0
#(0 0 0 0 0 0) - 0
#(0 0 0 0 0 0) - 0
#(0 0 0 0 0 0) - 0
#(0 0 0 0 0 0) - 0
#(0 0 0 0 0 0) - 0
#(0 0 0 0 0 0) - 0
#(0 0 0 0 0 0) - 0
#(0 0 0 0 0 0) - 0
#(0 0 0 0 0 0) - 0
#(0 0 0 0 0 0) - 0
#(0 0 0 0 0 0) - 0
#(0 0 0 0 0 0) - 0
#(0 0 0 0 0 0) - 0
#(0 0 0 0 0 0) - 0
#(0 0 0 0 0 0) - 0
#(0 0 0 0 0 0) - 0
#(0 0 0 0 0 0) - 0
#(0 0 0 0 0 0) - 0
#(0 0 0 0 0 0) - 0
#(0 0 0 0 0 0) - 0
#(0 0 0 0 0 0) - 0
#(0 0 0 0 0 0) - 0
#(0 0 0 0 0 0) - 0
#(0 0 0 0 0 0) - 0
#(0 0 0 0 0 0) - 0
#(0 0 0 0 0 0) - 0
#(0 0 0 0 0 0) - 0
#(0 0 0 0 0 0) - 0
#(0 0 0 0 0 0) - 0
#(0 0 0 0 0 0) - 0
#(0 0 0 0 0 0) - 0
#(0 0 0 0 0 0) - 0
#(0 0 0 0 0 0) - 0
#(0 0 0 0 0 0) - 0
#(0 0 0 0 0 0) - 0
#(0 0 0 0 0 0) - 0
#(0 0 0 0 0 0) - 0
#(0 0 0 0 0 0) - 0
#(0 0 0 0 0 0) - 0
#(0 0 0 0 0 0) - 0
#(0 0 0 0 0 0) - 0
#(0 0 0 0 0 0) - 0
#(0 0 0 0 0 0) - 0
#(0 0 0 0 0 0) - 0
#(0 0 0 0 0 0) - 0
#(0 0 0 0 0 0) - 0
#(0 0 0 0 0 0) - 0
#(0 0 0 0 0 0) - 0
#(0 0 0 0 0 0) - 0
#(0 0 0 0 0 0) - 0
#(0 0 0 0 0 0) - 0
#(0 0 0 0 0 0) - 0
#(0 0 0 0 0 0) - 0
#(0 0 0 0 0 0) - 0
#(0 0 0 0 0 0) - 0
#(0 0 0 0 0 0) - 0
#(0 0 0 0 0 0) - 0
#(0 0 0 0 0 0) - 0
#(0 0 0 0 0 0) - 0
#(0 0 0 0 0 0) - 0
#(0 0 0 0 0 0) - 0
#(0 0 0 0 0 0) - 0
#(0 0 0 0 0 0) - 0
#(0 0 0 0 0 0) - 0
#(0 0 0 0 0 0) - 0
#(0 0 0 0 0 0) - 0
#(0 0 0 0 0 0) - 0
#(0 0 0 0 0 0) - 0
#(0 0 0 0 0 0) - 0
#(0 0 0 0 0 0) - 0
#(0 0 0 0 0 0) - 0
#(0 0 0 0 0 0) - 0
#(0 0 0 0 0 0) - 0
#(0 0 0 0 0 0) - 0
#(0 0 0 0 0 0) - 0
#(0 0 0 0 0 0) - 0
#(0 0 0 0 0 0) - 0
#(0 0 0 0 0 0) - 0
#(0 0 0 0 0 0) - 0
#(0 0 0 0 0 0) - 0
#(0 0 0 0 0 0) - 0
#(0 0 0 0 0 0) - 0
#(0 0 0 0 0 0) - 0
#(0 0 0 0 0 0) - 0
#(0 0 0 0 0 0) - 0
#(0 0 0 0 0 0) - 0
#(0 0 0 0 0 0) - 0
#(0 0 0 0 0 0) - 0
#(0 0 0 0 0 0) - 0
#(0 0 0 0 0 0) - 0
#(0 0 0 0 0 0) - 0
#(0 0 0 0 0 0) - 0
#(0 0 0 0 0 0) - 0
#(0 0 0 0 0 0) - 0
#(0 0 0 0 0 0) - 0
#(0 0 0 0 0 0) - 0
#(0 0 0 0 0 0) - 0
#(0 0 0 0 0 0) - 0
#(0 0 0 0 0 0) - 0
#(0 0 0 0 0 0) - 0
#(0 0 0 0 0 0) - 0
#(0 0 0 0 0 0) - 0
#(0 0 0 0 0 0) - 0
#(0 0 0 0 0 0) - 0
#(0 0 0 0 0 0) - 0
#(0 0 0 0 0 0) - 0
#(0 0 0 0 0 0) - 0
#(0 0 0 0 0 0) - 0
#(0 0 0 0 0 0) - 0
#(0 0 0 0 0 0) - 0
#(0 0 0 0 0 0) - 0
#(0 0 0 0 0 0) - 0
#(0 0 0 0 0 0) - 0
#(0 0 0 0 0 0) - 0
#(0 0 0 0 0 0) - 0
#(0 0 0 0 0 0) - 0
#(0 0 0 0 0 0) - 0
#(0 0 0 0 0 0) - 0
#(0 0 0 0 0 0) - 0
#(0 0 0 0 0 0) - 0
#(0 0 0 0 0 0) - 0
#(0 0 0 0 0 0) - 0
#(0 0 0 0 0 0) - 0
#(0 0 0 0 0 0) - 0
#(0 0 0 0 0 0) - 0
#(0 0 0 0 0 0) - 0
#(0 0 0 0 0 0) - 0
#(0 0 0 0 0 0) - 0
#(0 0 0 0 0 0) - 0
#(0 0 0 0 0 0) - 0
#(0 0 0 0 0 0) - 0
#(0 0 0 0 0 0) - 0
#(0 0 0 0 0 0) - 0
#(0 0 0 0 0 0) - 0
#(0 0 0 0 0 0) - 0
#(0 0 0 0 0 0) - 0
#(0 0 0 0 0 0) - 0
#(0 0 0 0 0 0) - 0
#(0 0 0 0 0 0) - 0
#(0 0 0 0 0 0) - 0
#(0 0 0 0 0 0) - 0
#(0 0 0 0 0 0) - 0
#(0 0 0 0 0 0) - 0
#(0 0 0 0 0 0) - 0
#(0 0 0 0 0 0) - 0
#(0 0 0 0 0 0) - 0
#(0 0 0 0 0 0) - 0
#(0 0 0 0 0 0) - 0
#(0 0 0 0 0 0) - 0
#(0 0 0 0 0 0) - 0
#(0 0 0 0 0 0) - 0
#(0 0 0 0 0 0) - 0
#(0 0 0 0 0 0) - 0
#(0 0 0 0 0 0) - 0
#(0 0 0 0 0 0) - 0
#(0 0 0 0 0 0) - 0
#(0 0 0 0 0 0) - 0
#(0 0 0 0 0 0) - 0
#(0 0 0 0 0 0) - 0
#(0 0 0 0 0 0) - 0
#(0 0 0 0 0 0) - 0
#(0 0 0 0 0 0) - 0
#(0 0 0 0 0 0) - 0
#(0 0 0 0 0 0) - 0
#(0 0 0 0 0 0) - 0
#(0 0 0 0 0 0) - 0
#(0 0 0 0 0 0) - 0
#(0 0 0 0 0 0) - 0
#(0 0 0 0 0 0) - 0
#(0 0 0 0 0 0) - 0
#(0 0 0 0 0 0) - 0
#(0 0 0 0 0 0) - 0
#(0 0 0 0 0 0) - 0
#(0 0 0 0 0 0) - 0
#(0 0 0 0 0 0) - 0
#(0 0 0 0 0 0) - 0
#(0 0 0 0 0 0) - 0
#(0 0 0 0 0 0) - 0
#(0 0 0 0 0 0) - 0
#(0 0 0 0 0 0) - 0
#(0 0 0 0 0 0) - 0
#(0 0 0 0 0 0) - 0
#(0 0 0 0 0 0) - 0
#(0 0 0 0 0 0) - 0
#(0 0 0 0 0 0) - 0
#(0 0 0 0 0 0) - 0
#(0 0 0 0 0 0) - 0
#(0 0 0 0 0 0) - 0
#(0 0 0 0 0 0) - 0
#(0 0 0 0 0 0) - 0
#(0 0 0 0 0 0) - 0
#(0 0 0 0 0 0) - 0
#(0 0 0 0 0 0) - 0
#(0 0 0 0 0 0) - 0
#(0 0 0 0 0 0) - 0
#(0 0 0 0 0 0) - 0
#(0 0 0 0 0 0) - 0
#(0 0 0 0 0 0) - 0
#(0 0 0 0 0 0) - 0
#(0 0 0 0 0 0) - 0
#(0 0 0 0 0 0) - 0
#(0 0 0 0 0 0) - 0
#(0 0 0 0 0 0) - 0
#(0 0 0 0 0 0) - 0
#(0 0 0 0 0 0) - 0
#(0 0 0 0 0 0) - 0
#(0 0 0 0 0 0) - 0
#(0 0 0 0 0 0) - 0
#(0 0 0 0 0 0) - 0
#(0 0 0 0 0 0) - 0
#(0 0 0 0 0 0) - 0
#(0 0 0 0 0 0) - 0
#(0 0 0 0 0 0) - 0
#(0 0 0 0 0 0) - 0
#(0 0 0 0 0 0) - 0
#(0 0 0 0 0 0) - 0
#(0 0 0 0 0 0) - 0
#(0 0 0 0 0 0) - 0
#(0 0 0 0 0 0) - 0
#(0 0 0 0 0 0) - 0
#(0 0 0 0 0 0) - 0
#(0 0 0 0 0 0) - 0
#(0 0 0 0 0 0) - 0
#(0 0 0 0 0 0) - 0
#(0 0 0 0 0 0) - 0
#(0 0 0 0 0 0) - 0
#(0 0 0 0 0 0) - 0
#(0 0 0 0 0 0) - 0
#(0 0 0 0 0 0) - 0
#(0 0 0 0 0 0) - 0
#(0 0 0 0 0 0) - 0
#(0 0 0 0 0 0) - 0
#(0 0 0 0 0 0) - 0
#(0 0 0 0 0 0) - 0
#(0 0 0 0 0 0) - 0
#(0 0 0 0 0 0) - 0
#(0 0 0 0 0 0) - 0
#(0 0 0 0 0 0) - 0
#(0 0 0 0 0 0) - 0
#(0 0 0 0 0 0) - 0
#(0 0 0 0 0 0) - 0
#(0 0 0 0 0 0) - 0
#(0 0 0 0 0 0) - 0
#(0 0 0 0 0 0) - 0
#(0 0 0 0 0 0) - 0
#(0 0 0 0 0 0) - 0
#(0 0 0 0 0 0) - 0
#(0 0 0 0 0 0) - 0
#(0 0 0 0 0 0) - 0
#(0 0 0 0 0 0) - 0
#(0 0 0 0 0 0) - 0
#(0 0 0 0 0 0) - 0
#(0 0 0 0 0 0) - 0
#(0 0 0 0 0 0) - 0
#(0 0 0 0 0 0) - 0
#(0 0 0 0 0 0) - 0
#(0 0 0 0 0 0) - 0
#(0 0 0 0 0 0) - 0
#(0 0 0 0 0 0) - 0
#(0 0 0 0 0 0) - 0
#(0 0 0 0 0 0) - 0
#(0 0 0 0 0 0) - 0
#(0 0 0 0 0 0) - 0
#(0 0 0 0 0 0) - 0
#(0 0 0 0 0 0) - 0
#(0 0 0 0 0 0) - 0
#(0 0 0 0 0 0) - 0
#(0 0 0 0 0 0) - 0
#(0 0 0 0 0 0) - 0
#(0 0 0 0 0 0) - 0
#(0 0 0 0 0 0) - 0
#(0 0 0 0 0 0) - 0
#(0 0 0 0 0 0) - 0
#(0 0 0 0 0 0) - 0
#(0 0 0 0 0 0) - 0
#(0 0 0 0 0 0) - 0
#(0 0 0 0 0 0) - 0
#(0 0 0 0 0 0) - 0
#(0 0 0 0 0 0) - 0
#(0 0 0 0 0 0) - 0
#(0 0 0 0 0 0) - 0
#(0 0 0 0 0 0) - 0
#(0 0 0 0 0 0) - 0
#(0 0 0 0 0 0) - 0
#(0 0 0 0 0 0) - 0
#(0 0 0 0 0 0) - 0
#(0 0 0 0 0 0) - 0
#(0 0 0 0 0 0) - 0
#(0 0 0 0 0 0) - 0
#(0 0 0 0 0 0) - 0
#(0 0 0 0 0 0) - 0
#(0 0 0 0 0 0) - 0
#(0 0 0 0 0 0) - 0
#(0 0 0 0 0 0) - 0
#(0 0 0 0 0 0) - 0
#(0 0 0 0 0 0) - 0
#(0 0 0 0 0 0) - 0
#(0 0 0 0 0 0) - 0
#(0 0 0 0 0 0) - 0
#(0 0 0 0 0 0) - 0
#(0 0 0 0 0 0) - 0
#(0 0 0 0 0 0) - 0
#(0 0 0 0 0 0) - 0
#(0 0 0 0 0 0) - 0
#(0 0 0 0 0 0) - 0
#(0 0 0 0 0 0) - 0
#(0 0 0 0 0 0) - 0
#(0 0 0 0 0 0) - 0
#(0 0 0 0 0 0) - 0
#(0 0 0 0 0 0) - 0
#(0 0 0 0 0 0) - 0
#(0 0 0 0 0 0) - 0
#(0 0 0 0 0 0) - 0
#(0 0 0 0 0 0) - 0
#(0 0 0 0 0 0) - 0
#(0 0 0 0 0 0) - 0
#(0 0 0 0 0 0) - 0
#(0 0 0 0 0 0) - 0
#(0 0 0 0 0 0) - 0
#(0 0 0 0 0 0) - 0
#(0 0 0 0 0 0) - 0
#(0 0 0 0 0 0) - 0
#(0 0 0 0 0 0) - 0
#(0 0 0 0 0 0) - 0
#(0 0 0 0 0 0) - 0
#(0 0 0 0 0 0) - 0
#(0 0 0 0 0 0) - 0
#(0 0 0 0 0 0) - 0
#(0 0 0 0 0 0) - 0
#(0 0 0 0 0 0) - 0
#(0 0 0 0 0 0) - 0
#(0 0 0 0 0 0) - 0
#(0 0 0 0 0 0) - 0
#(0 0 0 0 0 0) - 0
#(0 0 0 0 0 0) - 0
#(0 0 0 0 0 0) - 0
#(0 0 0 0 0 0) - 0
#(0 0 0 0 0 0) - 0
#(0 0 0 0 0 0) - 0
#(0 0 0 0 0 0) - 0
#(0 0 0 0 0 0) - 0
#(0 0 0 0 0 0) - 0
#(0 0 0 0 0 0) - 0
#(0 0 0 0 0 0) - 0
#(0 0 0 0 0 0) - 0
#(0 0 0 0 0 0) - 0
#(0 0 0 0 0 0) - 0
#(0 0 0 0 0 0) - 0
#(0 0 0 0 0 0) - 0
#(0 0 0 0 0 0) - 0
#(0 0 0 0 0 0) - 0
#(0 0 0 0 0 0) - 0
#(0 0 0 0 0 0) - 0
#(0 0 0 0 0 0) - 0
#(0 0 0 0 0 0) - 0
#(0 0 0 0 0 0) - 0
#(0 0 0 0 0 0) - 0
#(0 0 0 0 0 0) - 0
#(0 0 0 0 0 0) - 0
#(0 0 0 0 0 0) - 0
#(0 0 0 0 0 0) - 0
#(0 0 0 0 0 0) - 0
#(0 0 0 0 0 0) - 0
#(0 0 0 0 0 0) - 0
#(0 0 0 0 0 0) - 0
#(0 0 0 0 0 0) - 0
#(0 0 0 0 0 0) - 0
#(0 0 0 0 0 0) - 0
#(0 0 0 0 0 0) - 0
#(0 0 0 0 0 0) - 0
#(0 0 0 0 0 0) - 0
#(0 0 0 0 0 0) - 0
#(0 0 0 0 0 0) - 0
#(0 0 0 0 0 0) - 0
#(0 0 0 0 0 0) - 0
#(0 0 0 0 0 0) - 0
#(0 0 0 0 0 0) - 0
#(0 0 0 0 0 0) - 0
#(0 0 0 0 0 0) - 0
#(0 0 0 0 0 0) - 0
#(0 0 0 0 0 0) - 0
#(0 0 0 0 0 0) - 0
#(0 0 0 0 0 0) - 0
#(0 0 0 0 0 0) - 0
#(0 0 0 0 0 0) - 0
#(0 0 0 0 0 0) - 0
#(0 0 0 0 0 0) - 0
#(0 0 0 0 0 0) - 0
#(0 0 0 0 0 0) - 0
#(0 0 0 0 0 0) - 0
#(0 0 0 0 0 0) - 0
#(0 0 0 0 0 0) - 0
#(0 0 0 0 0 0) - 0
#(0 0 0 0 0 0) - 0
#(0 0 0 0 0 0) - 0
#(0 0 0 0 0 0) - 0
#(0 0 0 0 0 0) - 0
#(0 0 0 0 0 0) - 0
#(0 0 0 0 0 0) - 0
#(0 0 0 0 0 0) - 0
#(0 0 0 0 0 0) - 0

Grupo 2
#(0 0 0 0 0 0) - 0
#(0 0 0 0 0 0) - 0
#(0 0 0 0 0 0) - 0
#(0 0 0 0 0 0) - 0
#(0 0 0 0 0 0) - 0
#(0 0 0 0 0 0) - 0
#(0 0 0 0 0 0) - 0
#(0 0 0 0 0 0) - 0
#(0 0 0 0 0 0) - 0
#(0 0 0 0 0 0) - 0
#(0 0 0 0 0 0) - 0
#(0 0 0 0 0 0) - 0
#(0 0 0 0 0 0) - 0
#(0 0 0 0 0 0) - 0
#(0 0 0 0 0 0) - 0
#(0 0 0 0 0 0) - 0
#(0 0 0 0 0 0) - 0
#(0 0 0.9130435 0 0 0) - 2
#(0 0 0.73913044 0 0 0) - 2
#(0 0 0.9130435 0 0 0) - 2
#(0 0 0.73913044 0 0 0) - 2
#(0 0 0.73913044 0 0 0) - 2
#(0 0 0.5217391 0 0 0) - 2
#(0 0 0.6086956 0 0 0) - 2
#(0 0 0.47826087 0 0 0) - 2
#(0 0 0.65217394 0 0 0) - 2
#(0 0 0.9130435 0 0 0) - 2
#(0 0 0.73913044 0 0 0) - 2
#(0 0 0.9130435 0 0 0) - 2
#(0 0 0.65217394 0 0 0) - 2
#(0 0 0.7826087 0 0 0) - 2
#(0 0 0.6086956 0 0 0) - 2
#(0 0 0.82608694 0 0 0) - 2
#(0 0 0.65217394 0 0 0) - 2
#(0 0 0.47826087 0 0 0) - 2
#(0 0 0 0 0 0) - 0
#(0 0 0 0 0 0) - 0
#(0 0 0 0 0 0) - 0
#(0 0 0 0 0 0) - 0
#(0 0 0 0 0 0) - 0
#(0 0 0 0 0 0) - 0
#(0 0 0 0 0 0) - 0
#(0 0 0 0 0 0) - 0
#(0 0 0 0 0 0) - 0
#(0 0 0 0 0 0) - 0
#(0 0 0 0 0 0) - 0
#(0 0 0 0 0 0) - 0
#(0 0 0 0 0 0) - 0
#(0 0 0 0 0 0) - 0
#(0 0 0 0 0 0) - 0
#(0 0 0 0 0 0) - 0
#(0 0 0 0 0 0) - 0
#(0 0 0 0 0 0) - 0
#(0 0 0 0 0 0) - 0
#(0 0 0 0 0 0) - 0
#(0 0 0 0 0 0) - 0
#(0 0 0 0 0 0) - 0
#(0 0 0 0 0 0) - 0
#(0 0 0 0 0 0) - 0
#(0 0 0 0 0 0) - 0
#(0 0 0 0 0 0) - 0
#(0 0 0 0 0 0) - 0
#(0 0 0 0 0 0) - 0
#(0 0 0 0 0 0) - 0
#(0 0 0 0 0 0) - 0
#(0 0 0 0 0 0) - 0
#(0 0 0 0 0 0) - 0
#(0 0 0 0 0 0) - 0
#(0 0 0 0 0 0) - 0
#(0 0 0 0 0 0) - 0
#(0 0 0 0 0 0) - 0
#(0 0 0 0 0 0) - 0
#(0 0 0 0 0 0) - 0
#(0 0 0 0 0 0) - 0
#(0 0 0 0 0 0) - 0
#(0 0 0 0 0 0) - 0
#(0 0 0 0 0 0) - 0
#(0 0 0 0 0 0) - 0
#(0 0 0 0 0 0) - 0
#(0 0 0 0 0 0) - 0
#(0 0 0 0 0 0) - 0
#(0 0 0 0 0 0) - 0
#(0 0 0 0 0 0) - 0
#(0 0 0 0 0 0) - 0
#(0 0 0 0 0 0) - 0
#(0 0 0 0 0 0) - 0
#(0 0 0 0 0 0) - 0
#(0 0 0 0 0 0) - 0
#(0 0 0 0 0 0) - 0
#(0 0 0 0 0 0) - 0
#(0 0 0 0 0 0) - 0
#(0 0 0 0 0 0) - 0
#(0 0 0 0 0 0) - 0
#(0 0 0 0 0 0) - 0
#(0 0 0 0 0 0) - 0
#(0 0 0 0 0 0) - 0
#(0 0 0 0 0 0) - 0
#(0 0 0 0 0 0) - 0
#(0 0 0 0 0 0) - 0
#(0 0 0 0 0 0) - 0
#(0 0 0 0 0 0) - 0
#(0 0 0 0 0 0) - 0
#(0 0 0 0 0 0) - 0
#(0 0 0 0 0 0) - 0
#(0 0 0 0 0 0) - 0
#(0 0 0 0 0 0) - 0
#(0 0 0 0 0 0) - 0
#(0 0 0 0 0 0) - 0
#(0 0 0 0 0 0) - 0
#(0 0 0 0 0 0) - 0
#(0 0 0 0 0 0) - 0
#(0 0 0 0 0 0) - 0
#(0 0 0 0 0 0) - 0
#(0 0 0 0 0 0) - 0
#(0 0 0 0 0 0) - 0
#(0 0 0 0 0 0) - 0
#(0 0 0 0 0 0) - 0
#(0 0 0 0 0 0) - 0
#(0 0 0 0 0 0) - 0
#(0 0 0 0 0 0) - 0
#(0 0 0 0 0 0) - 0
#(0 0 0 0 0 0) - 0
#(0 0 0 0 0 0) - 0
#(0 0 0 0 0 0) - 0
#(0 0 0 0 0 0) - 0
#(0 0 0 0 0 0) - 0
#(0 0 0 0 0 0) - 0
#(0 0 0 0 0 0) - 0
#(0 0 0 0 0 0) - 0
#(0 0 0 0 0 0) - 0
#(0 0 0 0 0 0) - 0
#(0 0 0 0 0 0) - 0
#(0 0 0 0 0 0) - 0
#(0 0 0 0 0 0) - 0
#(0 0 0 0 0 0) - 0
#(0 0 0 0 0 0) - 0
#(0 0 0 0 0 0) - 0
#(0 0 0 0 0 0) - 0
#(0 0 0 0 0 0) - 0
#(0 0 0 0 0 0) - 0
#(0 0 0 0 0 0) - 0
#(0 0 0 0 0 0) - 0
#(0 0 0 0 0 0) - 0
#(0 0 0 0 0 0) - 0
#(0 0 0 0 0 0) - 0
#(0 0 0 0 0 0) - 0
#(0 0 0 0 0 0) - 0
#(0 0 0 0 0 0) - 0
#(0 0 0 0 0 0) - 0
#(0 0 0 0 0 0) - 0
#(0 0 0 0 0 0) - 0
#(0 0 0 0 0 0) - 0
#(0 0 0 0 0 0) - 0
#(0 0 0 0 0 0) - 0
#(0 0 0 0 0 0) - 0
#(0 0 0 0 0 0) - 0
#(0 0 0 0 0 0) - 0
#(0 0 0 0 0 0) - 0
#(0 0 0 0 0 0) - 0
#(0 0 0 0 0 0) - 0
#(0 0 0 0 0 0) - 0
#(0 0 0 0 0 0) - 0
#(0 0 0 0 0 0) - 0
#(0 0 0 0 0 0) - 0
#(0 0 0 0 0 0) - 0
#(0 0 0 0 0 0) - 0
#(0 0 0 0 0 0) - 0
#(0 0 0 0 0 0) - 0
#(0 0 0 0 0 0) - 0
#(0 0 0 0 0 0) - 0
#(0 0 0 0 0 0) - 0
#(0 0 0 0 0 0) - 0
#(0 0 0 0 0 0) - 0
#(0 0 0 0 0 0) - 0
#(0 0 0 0 0 0) - 0
#(0 0 0 0 0 0) - 0
#(0 0 0 0 0 0) - 0
#(0 0 0 0 0 0) - 0
#(0 0 0 0 0 0) - 0
#(0 0 0 0 0 0) - 0
#(0 0 0 0 0 0) - 0
#(0 0 0 0 0 0) - 0
#(0 0 0 0 0 0) - 0
#(0 0 0 0 0 0) - 0
#(0 0 0 0 0 0) - 0
#(0 0 0 0 0 0) - 0
#(0 0 0 0 0 0) - 0
#(0 0 0 0 0 0) - 0
#(0 0 0 0 0 0) - 0
#(0 0 0 0 0 0) - 0
#(0 0 0 0 0 0) - 0
#(0 0 0 0 0 0) - 0
#(0 0 0.95652175 0 0 0) - 2
#(0 0 0.82608694 0 0 0) - 2
#(0 0 0.95652175 0 0 0) - 2
#(0 0 0.95652175 0 0 0) - 2
#(0 0 0.7826087 0 0 0) - 2
#(0 0 0.95652175 0 0 0) - 2
#(0 0 0.82608694 0 0 0) - 2
#(0 0 0.8695652 0 0 0) - 2
#(0 0 0.82608694 0 0 0) - 2
#(0 0 0.8695652 0 0 0) - 2
#(0 0 0.65217394 0 0 0) - 2
#(0 0 0.6086956 0 0 0) - 2
#(0 0 0.95652175 0 0 0) - 2
#(0 0 0.82608694 0 0 0) - 2
#(0 0 1.0 0 0 0) - 2
#(0 0 0.82608694 0 0 0) - 2
#(0 0 0.73913044 0 0 0) - 2
#(0 0 0.65217394 0 0 0) - 2
#(0 0 0.5217391 0 0 0) - 2
#(0 0 0.65217394 0 0 0) - 2
#(0 0 0.5217391 0 0 0) - 2
#(0 0 0 0 0 0) - 0
#(0 0 0 0 0 0) - 0
#(0 0 0 0 0 0) - 0
#(0 0 0 0 0 0) - 0
#(0 0 0 0 0 0) - 0
#(0 0 0 0 0 0) - 0
#(0 0 0 0 0 0) - 0
#(0 0 0 0 0 0) - 0
#(0 0 0 0 0 0) - 0
#(0 0 0 0 0 0) - 0
#(0 0 0 0 0 0) - 0
#(0 0 0 0 0 0) - 0
#(0 0 0 0 0 0) - 0
#(0 0 0 0 0 0) - 0
#(0 0 0 0 0 0) - 0
#(0 0 0 0 0 0) - 0
#(0 0 0 0 0 0) - 0
#(0 0 0 0 0 0) - 0
#(0 0 0 0 0 0) - 0
#(0 0 0 0 0 0) - 0
#(0 0 0 0 0 0) - 0
#(0 0 0 0 0 0) - 0
#(0 0 0 0 0 0) - 0
#(0 0 0 0 0 0) - 0
#(0 0 0 0 0 0) - 0
#(0 0 0 0 0 0) - 0
#(0 0 0 0 0 0) - 0
#(0 0 0 0 0 0) - 0
#(0 0 0 0 0 0) - 0
#(0 0 0 0 0 0) - 0
#(0 0 0 0 0 0) - 0
#(0 0 0 0 0 0) - 0
#(0 0 0 0 0 0) - 0
#(0 0 0 0 0 0) - 0
#(0 0 0 0 0 0) - 0
#(0 0 0 0 0 0) - 0
#(0 0 0 0 0 0) - 0
#(0 0 0 0 0 0) - 0
#(0 0 0 0 0 0) - 0
#(0 0 0 0 0 0) - 0
#(0 0 0 0 0 0) - 0
#(0 0 0 0 0 0) - 0
#(0 0 0 0 0 0) - 0
#(0 0 0 0 0 0) - 0
#(0 0 0 0 0 0) - 0
#(0 0 0 0 0 0) - 0
#(0 0 0 0 0 0) - 0
#(0 0 0 0 0 0) - 0
#(0 0 0 0 0 0) - 0
#(0 0 0 0 0 0) - 0
#(0 0 0 0 0 0) - 0
#(0 0 0 0 0 0) - 0
#(0 0 0 0 0 0) - 0
#(0 0 0 0 0 0) - 0
#(0 0 0 0 0 0) - 0
#(0 0 0 0 0 0) - 0
#(0 0 0 0 0 0) - 0
#(0 0 0 0 0 0) - 0
#(0 0 0 0 0 0) - 0
#(0 0 0 0 0 0) - 0
#(0 0 0 0 0 0) - 0
#(0 0 0 0 0 0) - 0
#(0 0 0 0 0 0) - 0
#(0 0 0 0 0 0) - 0
#(0 0 0 0 0 0) - 0
#(0 0 0 0 0 0) - 0
#(0 0 0 0 0 0) - 0
#(0 0 0 0 0 0) - 0

Grupo 3
#(0 0 0 0 0 0) - 0
#(0 0 0 0 0 0) - 0
#(0 0 0 0 0 0) - 0
#(0 0 0 0 0 0) - 0
#(0 0 0 0 0 0) - 0
#(0 0 0 0 0 0) - 0
#(0 0 0 0 0 0) - 0
#(0 0 0 0 0 0) - 0
#(0 0 0 0 0 0) - 0
#(0 0 0 0 0 0) - 0
#(0 0 0 0 0 0) - 0
#(0 0 0 0 0 0) - 0
#(0 0 0 0 0 0) - 0
#(0 0 0 0 0 0) - 0
#(0 0 0 0 0 0) - 0
#(0 0 0 0 0 0) - 0
#(0 0 0 0 0 0) - 0
#(0 0 0 0 0 0) - 0
#(0 0 0 0 0 0) - 0
#(0 0 0 0 0 0) - 0
#(0 0 0 0 0 0) - 0
#(0 0 0 0 0 0) - 0
#(0 0 0 0 0 0) - 0
#(0 0 0 0 0 0) - 0
#(0 0 0 0 0 0) - 0
#(0 0 0 0 0 0) - 0
#(0 0 0 0 0 0) - 0
#(0 0 0 0 0 0) - 0
#(0 0 0 0 0 0) - 0
#(0 0 0 0 0 0) - 0
#(0 0 0 0.010752688 0 0) - 3
#(0 0 0 0 0 0) - 0
#(0 0 0 0 0 0) - 0
#(0 0 0 0 0 0) - 0
#(0 0 0 0 0 0) - 0
#(0 0 0 0 0 0) - 0
#(0 0 0 0 0 0) - 0
#(0 0 0 0 0 0) - 0
#(0 0 0 0 0 0) - 0
#(0 0 0 0 0 0) - 0
#(0 0 0 0 0 0) - 0
#(0 0 0 0 0 0) - 0
#(0 0 0 0 0 0) - 0
#(0 0 0 0 0 0) - 0
#(0 0 0 0 0 0) - 0
#(0 0 0 0 0 0) - 0
#(0 0 0 0 0 0) - 0
#(0 0 0 0 0 0) - 0
#(0 0 0 0 0 0) - 0
#(0 0 0 0 0 0) - 0
#(0 0 0 0 0 0) - 0
#(0 0 0 0.21505377 0 0) - 3
#(0 0 0 0.20430107 0 0) - 3
#(0 0 0 0.12903225 0 0) - 3
#(0 0 0 0.17204301 0 0) - 3
#(0 0 0 0.21505377 0 0) - 3
#(0 0 0 0.16129032 0 0) - 3
#(0 0 0 0.086021505 0 0) - 3
#(0 0 0 0.12903225 0 0) - 3
#(0 0 0 0.09677419 0 0) - 3
#(0 0 0 0.19354838 0 0) - 3
#(0 0 0 0.21505377 0 0) - 3
#(0 0 0 0.19354838 0 0) - 3
#(0 0 0 0.12903225 0 0) - 3
#(0 0 0 0.21505377 0 0) - 3
#(0 0 0 0.21505377 0 0) - 3
#(0 0 0 0.06451613 0 0) - 3
#(0 0 0 0.10752688 0 0) - 3
#(0 0 0 0.06451613 0 0) - 3
#(0 0 0 0.086021505 0 0) - 3
#(0 0 0 0.10752688 0 0) - 3
#(0 0 0 0.07526882 0 0) - 3
#(0 0 0 0.21505377 0 0) - 3
#(0 0 0 0.19354838 0 0) - 3
#(0 0 0 0.12903225 0 0) - 3
#(0 0 0 0.21505377 0 0) - 3
#(0 0 0 0.21505377 0 0) - 3
#(0 0 0 0.11827957 0 0) - 3
#(0 0 0 0.39784947 0 0) - 3
#(0 0 0 0.20430107 0 0) - 3
#(0 0 0 0.2580645 0 0) - 3
#(0 0 0 0.30107528 0 0) - 3
#(0 0 0 0.26881722 0 0) - 3
#(0 0 0 0.37634408 0 0) - 3
#(0 0 0 0.34408602 0 0) - 3
#(0 0 0 0.11827957 0 0) - 3
#(0 0 0 0.20430107 0 0) - 3
#(0 0 0 0.23655914 0 0) - 3
#(0 0 0 0.17204301 0 0) - 3
#(0 0 0 0.32258064 0 0) - 3
#(0 0 0 0.33333334 0 0) - 3
#(0 0 0 0.29032257 0 0) - 3
#(0 0 0 0.29032257 0 0) - 3
#(0 0 0 0.30107528 0 0) - 3
#(0 0 0 0.2580645 0 0) - 3
#(0 0 0 0.23655914 0 0) - 3
#(0 0 0 0.33333334 0 0) - 3
#(0 0 0 0.29032257 0 0) - 3
#(0 0 0 0.29032257 0 0) - 3
#(0 0 0 0.26881722 0 0) - 3
#(0 0 0 0.4408602 0 0) - 3
#(0 0 0 0.39784947 0 0) - 3
#(0 0 0 0.41935483 0 0) - 3
#(0 0 0 0.33333334 0 0) - 3
#(0 0 0 0.20430107 0 0) - 3
#(0 0 0 0.1827957 0 0) - 3
#(0 0 0 0.26881722 0 0) - 3
#(0 0 0 0.40860215 0 0) - 3
#(0 0 0 0.49462366 0 0) - 3
#(0 0 0 0.09677419 0 0) - 3
#(0 0 0 0.26881722 0 0) - 3
#(0 0 0 0.12903225 0 0) - 3
#(0 0 0 0.4408602 0 0) - 3
#(0 0 0 0.37634408 0 0) - 3
#(0 0 0 0.34408602 0 0) - 3
#(0 0 0 0.34408602 0 0) - 3
#(0 0 0 0.516129 0 0) - 3
#(0 0 0 0.22580644 0 0) - 3
#(0 0 0 0.10752688 0 0) - 3
#(0 0 0 0.09677419 0 0) - 3
#(0 0 0 0.47311828 0 0) - 3
#(0 0 0 0.2795699 0 0) - 3
#(0 0 0 0.19354838 0 0) - 3
#(0 0 0 0.16129032 0 0) - 3
#(0 0 0 0.05376344 0 0) - 3
#(0 0 0 0.38709676 0 0) - 3
#(0 0 0 0.516129 0 0) - 3
#(0 0 0 0.29032257 0 0) - 3
#(0 0 0 0.3548387 0 0) - 3
#(0 0 0 0 0 0) - 0
#(0 0 0 0 0 0) - 0
#(0 0 0 0 0 0) - 0
#(0 0 0 0 0 0) - 0
#(0 0 0 0 0 0) - 0
#(0 0 0 0 0 0) - 0
#(0 0 0 0 0 0) - 0
#(0 0 0 0 0 0) - 0
#(0 0 0 0 0 0) - 0
#(0 0 0 0 0 0) - 0
#(0 0 0 0 0 0) - 0
#(0 0 0 0 0 0) - 0
#(0 0 0 0 0 0) - 0
#(0 0 0 0 0 0) - 0
#(0 0 0 0 0 0) - 0
#(0 0 0 0 0 0) - 0
#(0 0 0 0 0 0) - 0
#(0 0 0 0 0 0) - 0
#(0 0 0 0 0 0) - 0
#(0 0 0 0 0 0) - 0
#(0 0 0 0 0 0) - 0
#(0 0 0 0 0 0) - 0
#(0 0 0 0 0 0) - 0
#(0 0 0 0 0 0) - 0
#(0 0 0 0 0 0) - 0
#(0 0 0 0 0 0) - 0
#(0 0 0 0.05376344 0 0) - 3
#(0 0 0 0.05376344 0 0) - 3
#(0 0 0 0.043010753 0 0) - 3
#(0 0 0 0.043010753 0 0) - 3
#(0 0 0 0 0 0) - 0
#(0 0 0 0.043010753 0 0) - 3
#(0 0 0 0.05376344 0 0) - 3
#(0 0 0 0.043010753 0 0) - 3
#(0 0 0 0.043010753 0 0) - 3
#(0 0 0 0.09677419 0 0) - 3
#(0 0 0 0.17204301 0 0) - 3
#(0 0 0 0.043010753 0 0) - 3
#(0 0 0 0.05376344 0 0) - 3
#(0 0 0 0.07526882 0 0) - 3
#(0 0 0 0.09677419 0 0) - 3
#(0 0 0 0.07526882 0 0) - 3
#(0 0 0 0 0 0) - 0
#(0 0 0 0 0 0) - 0
#(0 0 0 0 0 0) - 0
#(0 0 0 0 0 0) - 0
#(0 0 0 0 0 0) - 0
#(0 0 0 0 0 0) - 0
#(0 0 0 0 0 0) - 0
#(0 0 0 0 0 0) - 0
#(0 0 0 0 0 0) - 0
#(0 0 0 0 0 0) - 0
#(0 0 0 0 0 0) - 0
#(0 0 0 0 0 0) - 0
#(0 0 0 0 0 0) - 0
#(0 0 0 0 0 0) - 0
#(0 0 0 0 0 0) - 0
#(0 0 0 0 0 0) - 0
#(0 0 0 0 0 0) - 0
#(0 0 0 0 0 0) - 0
#(0 0 0 0.09677419 0 0) - 3
#(0 0 0 0.09677419 0 0) - 3
#(0 0 0 0.09677419 0 0) - 3
#(0 0 0 0.086021505 0 0) - 3
#(0 0 0 0.086021505 0 0) - 3
#(0 0 0 0.086021505 0 0) - 3
#(0 0 0 0.010752688 0 0) - 3
#(0 0 0 0.043010753 0 0) - 3
#(0 0 0 0.043010753 0 0) - 3
#(0 0 0 0.05376344 0 0) - 3
#(0 0 0 0 0 0) - 0
#(0 0 0 0 0 0) - 0
#(0 0 0 0 0 0) - 0
#(0 0 0 0 0 0) - 0
#(0 0 0 0 0 0) - 0
#(0 0 0 0 0 0) - 0
#(0 0 0 0 0 0) - 0
#(0 0 0 0 0 0) - 0
#(0 0 0 0 0 0) - 0
#(0 0 0 0 0 0) - 0
#(0 0 0 0 0 0) - 0
#(0 0 0 0.032258064 0 0) - 3
#(0 0 0 0.06451613 0 0) - 3
#(0 0 0 0.032258064 0 0) - 3
#(0 0 0 0.05376344 0 0) - 3
#(0 0 0 0.043010753 0 0) - 3
#(0 0 0 0.086021505 0 0) - 3
#(0 0 0 0.086021505 0 0) - 3
#(0 0 0 0.010752688 0 0) - 3
#(0 0 0 0.032258064 0 0) - 3
#(0 0 0 0.05376344 0 0) - 3
#(0 0 0 0.086021505 0 0) - 3
#(0 0 0 0.06451613 0 0) - 3
#(0 0 0 0.06451613 0 0) - 3
#(0 0 0 0.086021505 0 0) - 3
#(0 0 0 0.021505376 0 0) - 3
#(0 0 0 0.05376344 0 0) - 3
#(0 0 0 0.09677419 0 0) - 3
#(0 0 0 0.010752688 0 0) - 3
#(0 0 0 0 0 0) - 0
#(0 0 0 0 0 0) - 0
#(0 0 0 0 0 0) - 0
#(0 0 0 0.086021505 0 0) - 3
#(0 0 0 0.07526882 0 0) - 3
#(0 0 0 0.086021505 0 0) - 3
#(0 0 0 0.09677419 0 0) - 3
#(0 0 0 0.032258064 0 0) - 3
#(0 0 0 0 0 0) - 0
#(0 0 0 0 0 0) - 0
#(0 0 0 0 0 0) - 0
#(0 0 0 0 0 0) - 0
#(0 0 0 0 0 0) - 0
#(0 0 0 0 0 0) - 0
#(0 0 0 0 0 0) - 0
#(0 0 0 0 0 0) - 0
#(0 0 0 0 0 0) - 0
#(0 0 0 0 0 0) - 0
#(0 0 0 0 0 0) - 0
#(0 0 0 0 0 0) - 0
#(0 0 0 0 0 0) - 0
#(0 0 0 0 0 0) - 0
#(0 0 0 0 0 0) - 0
#(0 0 0 0 0 0) - 0
#(0 0 0 0 0 0) - 0
#(0 0 0 0 0 0) - 0
#(0 0 0 0 0 0) - 0

Grupo 4
#(0 0 0 0 0 0) - 0
#(0 0 0 0 0 0) - 0
#(0 0 0 0 0 0) - 0
#(0 0 0 0 0 0) - 0
#(0 0 0 0 0 0) - 0
#(0 0 0 0 0 0) - 0
#(0 0 0 0 0 0) - 0
#(0 0 0 0 0 0) - 0
#(0 0 0 0 0 0) - 0
#(0 0 0 0 0 0) - 0
#(0 0 0 0 0 0) - 0
#(0 0 0 0 0 0) - 0
#(0 0 0 0 0 0) - 0
#(0 0 0 0 0 0) - 0
#(0 0 0 0 0 0) - 0
#(0 0 0 0 0 0) - 0
#(0 0 0 0 0 0) - 0
#(0 0 0 0 0 0) - 0
#(0 0 0 0 0 0) - 0
#(0 0 0 0 0 0) - 0
#(0 0 0 0 0 0) - 0
#(0 0 0 0 0 0) - 0
#(0 0 0 0 0 0) - 0
#(0 0 0 0 0 0) - 0
#(0 0 0 0 0 0) - 0
#(0 0 0 0 0 0) - 0
#(0 0 0 0 0 0) - 0
#(0 0 0 0 0.11764706 0) - 4
#(0 0 0 0 0.13725491 0) - 4
#(0 0 0 0 0.13725491 0) - 4
#(0 0 0 0 0.15686275 0) - 4
#(0 0 0 0 0.13725491 0) - 4
#(0 0 0 0 0.15686275 0) - 4
#(0 0 0 0 0.15686275 0) - 4
#(0 0 0 0 0.15686275 0) - 4
#(0 0 0 0 0.13725491 0) - 4
#(0 0 0 0 0.019607844 0) - 4
#(0 0 0 0 0.09803922 0) - 4
#(0 0 0 0 0.13725491 0) - 4
#(0 0 0 0 0.15686275 0) - 4
#(0 0 0 0 0.15686275 0) - 4
#(0 0 0 0 0.1764706 0) - 4
#(0 0 0 0 0.1764706 0) - 4
#(0 0 0 0 0.13725491 0) - 4
#(0 0 0 0 0.09803922 0) - 4
#(0 0 0 0 0 0) - 0
#(0 0 0 0 0 0) - 0
#(0 0 0 0 0 0) - 0
#(0 0 0 0 0 0) - 0
#(0 0 0 0 0 0) - 0
#(0 0 0 0 0 0) - 0
#(0 0 0 0 0 0) - 0
#(0 0 0 0 0 0) - 0
#(0 0 0 0 0.47058824 0) - 4
#(0 0 0 0 0.37254903 0) - 4
#(0 0 0 0 0.5294118 0) - 4
#(0 0 0 0 0.37254903 0) - 4
#(0 0 0 0 0.29411766 0) - 4
#(0 0 0 0 0.49019608 0) - 4
#(0 0 0 0 0.43137255 0) - 4
#(0 0 0 0 0.29411766 0) - 4
#(0 0 0 0 0.49019608 0) - 4
#(0 0 0 0 0.1764706 0) - 4
#(0 0 0 0 0.3529412 0) - 4
#(0 0 0 0 0.3529412 0) - 4
#(0 0 0 0 0.3137255 0) - 4
#(0 0 0 0 0.3137255 0) - 4
#(0 0 0 0 0.49019608 0) - 4
#(0 0 0 0 0.21568628 0) - 4
#(0 0 0 0 0.3137255 0) - 4
#(0 0 0 0 0.37254903 0) - 4
#(0 0 0 0 0.21568628 0) - 4
#(0 0 0 0 0 0) - 0
#(0 0 0 0 0 0) - 0
#(0 0 0 0 0 0) - 0
#(0 0 0 0 0.23529412 0) - 4
#(0 0 0 0 0.15686275 0) - 4
#(0 0 0 0 0.19607843 0) - 4
#(0 0 0 0 0.15686275 0) - 4
#(0 0 0 0 0.19607843 0) - 4
#(0 0 0 0 0.29411766 0) - 4
#(0 0 0 0 0.5294118 0) - 4
#(0 0 0 0 0.37254903 0) - 4
#(0 0 0 0 0.3529412 0) - 4
#(0 0 0 0 0.54901963 0) - 4
#(0 0 0 0 0.4117647 0) - 4
#(0 0 0 0 0.4509804 0) - 4
#(0 0 0 0 0.27450982 0) - 4
#(0 0 0 0 0.29411766 0) - 4
#(0 0 0 0 0.11764706 0) - 4
#(0 0 0 0 0.27450982 0) - 4
#(0 0 0 0 0.11764706 0) - 4
#(0 0 0 0 0 0) - 0
#(0 0 0 0 0 0) - 0
#(0 0 0 0 0 0) - 0
#(0 0 0 0 0.019607844 0) - 4
#(0 0 0 0 0.019607844 0) - 4
#(0 0 0 0 0 0) - 0
#(0 0 0 0 0.019607844 0) - 4
#(0 0 0 0 0.019607844 0) - 4
#(0 0 0 0 0.019607844 0) - 4
#(0 0 0 0 0.019607844 0) - 4
#(0 0 0 0 0.019607844 0) - 4
#(0 0 0 0 0 0) - 0
#(0 0 0 0 0 0) - 0
#(0 0 0 0 0 0) - 0
#(0 0 0 0 0 0) - 0
#(0 0 0 0 0 0) - 0
#(0 0 0 0 0 0) - 0
#(0 0 0 0 0 0) - 0
#(0 0 0 0 0 0) - 0
#(0 0 0 0 0 0) - 0
#(0 0 0 0 0.019607844 0) - 4
#(0 0 0 0 0 0) - 0
#(0 0 0 0 0 0) - 0
#(0 0 0 0 0 0) - 0
#(0 0 0 0 0.019607844 0) - 4
#(0 0 0 0 0.019607844 0) - 4
#(0 0 0 0 0.019607844 0) - 4
#(0 0 0 0 0.019607844 0) - 4
#(0 0 0 0 0 0) - 0
#(0 0 0 0 0 0) - 0
#(0 0 0 0 0 0) - 0
#(0 0 0 0 0 0) - 0
#(0 0 0 0 0 0) - 0
#(0 0 0 0 0 0) - 0
#(0 0 0 0 0 0) - 0
#(0 0 0 0 0 0) - 0
#(0 0 0 0 0 0) - 0
#(0 0 0 0 0 0) - 0
#(0 0 0 0 0 0) - 0
#(0 0 0 0 0 0) - 0
#(0 0 0 0 0.019607844 0) - 4
#(0 0 0 0 0.019607844 0) - 4
#(0 0 0 0 0.019607844 0) - 4
#(0 0 0 0 0 0) - 0
#(0 0 0 0 0.019607844 0) - 4
#(0 0 0 0 0.039215688 0) - 4
#(0 0 0 0 0 0) - 0
#(0 0 0 0 0 0) - 0
#(0 0 0 0 0 0) - 0
#(0 0 0 0 0.019607844 0) - 4
#(0 0 0 0 0.039215688 0) - 4
#(0 0 0 0 0 0) - 0
#(0 0 0 0 0 0) - 0
#(0 0 0 0 0 0) - 0
#(0 0 0 0 0 0) - 0
#(0 0 0 0 0 0) - 0
#(0 0 0 0 0 0) - 0
#(0 0 0 0 0 0) - 0
#(0 0 0 0 0 0) - 0
#(0 0 0 0 0 0) - 0
#(0 0 0 0 0.019607844 0) - 4
#(0 0 0 0 0.019607844 0) - 4
#(0 0 0 0 0 0) - 0
#(0 0 0 0 0.019607844 0) - 4
#(0 0 0 0 0.019607844 0) - 4
#(0 0 0 0 0 0) - 0
#(0 0 0 0 0 0) - 0
#(0 0 0 0 0.019607844 0) - 4
#(0 0 0 0 0.019607844 0) - 4
#(0 0 0 0 0.019607844 0) - 4
#(0 0 0 0 0 0) - 0
#(0 0 0 0 0 0) - 0
#(0 0 0 0 0.019607844 0) - 4
#(0 0 0 0 0.019607844 0) - 4
#(0 0 0 0 0.019607844 0) - 4
#(0 0 0 0 0 0) - 0
#(0 0 0 0 0 0) - 0
#(0 0 0 0 0 0) - 0
#(0 0 0 0 0.019607844 0) - 4
#(0 0 0 0 0 0) - 0
#(0 0 0 0 0.019607844 0) - 4
#(0 0 0 0 0.019607844 0) - 4
#(0 0 0 0 0.019607844 0) - 4
#(0 0 0 0 0 0) - 0
#(0 0 0 0 0 0) - 0
#(0 0 0 0 0 0) - 0
#(0 0 0 0 0 0) - 0
#(0 0 0 0 0 0) - 0
#(0 0 0 0 0 0) - 0
#(0 0 0 0 0 0) - 0
#(0 0 0 0 0 0) - 0
#(0 0 0 0 0.13725491 0) - 4
#(0 0 0 0 0.19607843 0) - 4
#(0 0 0 0 0.1764706 0) - 4
#(0 0 0 0 0.1764706 0) - 4
#(0 0 0 0 0.1764706 0) - 4
#(0 0 0 0 0.19607843 0) - 4
#(0 0 0 0 0.11764706 0) - 4
#(0 0 0 0 0.13725491 0) - 4
#(0 0 0 0 0.1764706 0) - 4
#(0 0 0 0 0.15686275 0) - 4
#(0 0 0 0 0.1764706 0) - 4
#(0 0 0 0 0.1764706 0) - 4
#(0 0 0 0 0.1764706 0) - 4
#(0 0 0 0 0.1764706 0) - 4
#(0 0 0 0 0.15686275 0) - 4
#(0 0 0 0 0 0) - 0
#(0 0 0 0 0 0) - 0
#(0 0 0 0 0 0) - 0
#(0 0 0 0 0 0) - 0
#(0 0 0 0 0 0) - 0
#(0 0 0 0 0 0) - 0
#(0 0 0 0 0 0) - 0
#(0 0 0 0 0 0) - 0
#(0 0 0 0 0 0) - 0
#(0 0 0 0 0 0) - 0
#(0 0 0 0 0 0) - 0

Grupo 5
#(0 0 0 0 0 0) - 0
#(0 0 0 0 0 0) - 0
#(0 0 0 0 0 0) - 0
#(0 0 0 0 0 0) - 0
#(0 0 0 0 0 0) - 0
#(0 0 0 0 0 0) - 0
#(0 0 0 0 0 0) - 0
#(0 0 0 0 0 0) - 0
#(0 0 0 0 0 0) - 0
#(0 0 0 0 0 0) - 0
#(0 0 0 0 0 0) - 0
#(0 0 0 0 0 0) - 0
#(0 0 0 0 0 0) - 0
#(0 0 0 0 0 0) - 0
#(0 0 0 0 0 0) - 0
#(0 0 0 0 0 0) - 0
#(0 0 0 0 0 0) - 0
#(0 0 0 0 0 0) - 0
#(0 0 0 0 0 0) - 0
#(0 0 0 0 0 0) - 0
#(0 0 0 0 0 0) - 0
#(0 0 0 0 0 0) - 0
#(0 0 0 0 0 0) - 0
#(0 0 0 0 0 0) - 0
#(0 0 0 0 0 0) - 0
#(0 0 0 0 0 0.3) - 5
#(0 0 0 0 0 0.3) - 5
#(0 0 0 0 0 0.3) - 5
#(0 0 0 0 0 0) - 0
#(0 0 0 0 0 0) - 0
#(0 0 0 0 0 0) - 0
#(0 0 0 0 0 0) - 0
#(0 0 0 0 0 0) - 0
#(0 0 0 0 0 0.35) - 5
#(0 0 0 0 0 0) - 0
#(0 0 0 0 0 0) - 0
#(0 0 0 0 0 0) - 0
#(0 0 0 0 0 0.35) - 5
#(0 0 0 0 0 0) - 0
#(0 0 0 0 0 0) - 0
#(0 0 0 0 0 0) - 0
#(0 0 0 0 0 0) - 0
#(0 0 0 0 0 0) - 0
#(0 0 0 0 0 0) - 0
#(0 0 0 0 0 0) - 0
#(0 0 0 0 0 0) - 0
#(0 0 0 0 0 0) - 0
#(0 0 0 0 0 0) - 0
#(0 0 0 0 0 0) - 0
#(0 0 0 0 0 0) - 0
#(0 0 0 0 0 0) - 0
#(0 0 0 0 0 0) - 0
#(0 0 0 0 0 0) - 0
#(0 0 0 0 0 0) - 0
#(0 0 0 0 0 0) - 0
#(0 0 0 0 0 0) - 0
#(0 0 0 0 0 0) - 0
#(0 0 0 0 0 0) - 0
#(0 0 0 0 0 0) - 0
#(0 0 0 0 0 0) - 0
#(0 0 0 0 0 0) - 0
#(0 0 0 0 0 0) - 0
#(0 0 0 0 0 0.05) - 5
#(0 0 0 0 0 0) - 0
#(0 0 0 0 0 0) - 0
#(0 0 0 0 0 0) - 0
#(0 0 0 0 0 0.05) - 5
#(0 0 0 0 0 0.05) - 5
#(0 0 0 0 0 0) - 0
#(0 0 0 0 0 0) - 0
#(0 0 0 0 0 0) - 0
#(0 0 0 0 0 0) - 0
#(0 0 0 0 0 0) - 0
#(0 0 0 0 0 0.05) - 5
#(0 0 0 0 0 0.35) - 5
#(0 0 0 0 0 0.05) - 5
#(0 0 0 0 0 0) - 0
#(0 0 0 0 0 0) - 0
#(0 0 0 0 0 0.35) - 5
#(0 0 0 0 0 0.05) - 5
#(0 0 0 0 0 0.05) - 5
#(0 0 0 0 0 0) - 0
#(0 0 0 0 0 0) - 0
#(0 0 0 0 0 0.05) - 5
#(0 0 0 0 0 0.05) - 5
#(0 0 0 0 0 0) - 0
#(0 0 0 0 0 0) - 0
#(0 0 0 0 0 0.05) - 5
#(0 0 0 0 0 0) - 0
#(0 0 0 0 0 0) - 0
#(0 0 0 0 0 0) - 0
#(0 0 0 0 0 0.05) - 5
#(0 0 0 0 0 0.05) - 5
#(0 0 0 0 0 0) - 0
#(0 0 0 0 0 0) - 0
#(0 0 0 0 0 0) - 0
#(0 0 0 0 0 0) - 0
#(0 0 0 0 0 0) - 0
#(0 0 0 0 0 0.05) - 5
#(0 0 0 0 0 0) - 0
#(0 0 0 0 0 0) - 0
#(0 0 0 0 0 0) - 0
#(0 0 0 0 0 0) - 0
#(0 0 0 0 0 0) - 0
#(0 0 0 0 0 0) - 0
#(0 0 0 0 0 0.1) - 5
#(0 0 0 0 0 0) - 0
#(0 0 0 0 0 0.3) - 5
#(0 0 0 0 0 0.15) - 5
#(0 0 0 0 0 0.2) - 5
#(0 0 0 0 0 0.25) - 5
#(0 0 0 0 0 0.1) - 5
#(0 0 0 0 0 0) - 0
#(0 0 0 0 0 0.1) - 5
#(0 0 0 0 0 0) - 0
#(0 0 0 0 0 0.05) - 5
#(0 0 0 0 0 0.05) - 5
#(0 0 0 0 0 0) - 0
#(0 0 0 0 0 0) - 0
#(0 0 0 0 0 0) - 0
#(0 0 0 0 0 0) - 0
#(0 0 0 0 0 0) - 0
#(0 0 0 0 0 0) - 0
#(0 0 0 0 0 0) - 0
#(0 0 0 0 0 0) - 0
#(0 0 0 0 0 0.05) - 5
#(0 0 0 0 0 0.05) - 5
#(0 0 0 0 0 0) - 0
#(0 0 0 0 0 0.05) - 5
#(0 0 0 0 0 0) - 0
#(0 0 0 0 0 0) - 0
#(0 0 0 0 0 0) - 0
#(0 0 0 0 0 0.05) - 5
#(0 0 0 0 0 0) - 0
#(0 0 0 0 0 0.3) - 5
#(0 0 0 0 0 0) - 0
#(0 0 0 0 0 0) - 0
#(0 0 0 0 0 0.1) - 5
#(0 0 0 0 0 0.15) - 5
#(0 0 0 0 0 0.1) - 5
#(0 0 0 0 0 0) - 0
#(0 0 0 0 0 0) - 0
#(0 0 0 0 0 0.4) - 5
#(0 0 0 0 0 0) - 0
#(0 0 0 0 0 0.4) - 5
#(0 0 0 0 0 0.35) - 5
#(0 0 0 0 0 0) - 0
#(0 0 0 0 0 0.1) - 5
#(0 0 0 0 0 0.1) - 5
#(0 0 0 0 0 0) - 0
#(0 0 0 0 0 0.05) - 5
#(0 0 0 0 0 0.35) - 5
#(0 0 0 0 0 0) - 0
#(0 0 0 0 0 0.35) - 5
#(0 0 0 0 0 0) - 0
#(0 0 0 0 0 0) - 0
#(0 0 0 0 0 0.3) - 5
#(0 0 0 0 0 0) - 0
#(0 0 0 0 0 0) - 0
#(0 0 0 0 0 0.05) - 5
#(0 0 0 0 0 0) - 0
#(0 0 0 0 0 0) - 0
#(0 0 0 0 0 0) - 0
#(0 0 0 0 0 0) - 0
#(0 0 0 0 0 0) - 0
#(0 0 0 0 0 0) - 0
#(0 0 0 0 0 0) - 0
#(0 0 0 0 0 0) - 0
#(0 0 0 0 0 0) - 0
#(0 0 0 0 0 0.1) - 5
#(0 0 0 0 0 0.05) - 5
#(0 0 0 0 0 0.1) - 5
#(0 0 0 0 0 0.05) - 5
#(0 0 0 0 0 0.05) - 5
#(0 0 0 0 0 0.1) - 5
#(0 0 0 0 0 0.1) - 5
#(0 0 0 0 0 0.15) - 5
#(0 0 0 0 0 0.05) - 5
#(0 0 0 0 0 0.2) - 5
#(0 0 0 0 0 0.05) - 5
#(0 0 0 0 0 0.05) - 5
#(0 0 0 0 0 0.05) - 5
#(0 0 0 0 0 0) - 0
#(0 0 0 0 0 0.05) - 5
#(0 0 0 0 0 0) - 0
#(0 0 0 0 0 0.35) - 5
#(0 0 0 0 0 0.3) - 5
#(0 0 0 0 0 0.35) - 5
#(0 0 0 0 0 0) - 0
#(0 0 0 0 0 0.05) - 5
#(0 0 0 0 0 0) - 0
#(0 0 0 0 0 0) - 0
#(0 0 0 0 0 0.35) - 5
#(0 0 0 0 0 0.35) - 5
#(0 0 0 0 0 0.35) - 5
#(0 0 0 0 0 0) - 0
#(0 0 0 0 0 0) - 0
#(0 0 0 0 0 0) - 0
#(0 0 0 0 0 0) - 0
#(0 0 0 0 0 0) - 0
#(0 0 0 0 0 0) - 0
#(0 0 0 0 0 0.3) - 5
#(0 0 0 0 0 0) - 0
#(0 0 0 0 0 0) - 0
#(0 0 0 0 0 0) - 0
#(0 0 0 0 0 0.05) - 5
#(0 0 0 0 0 0.3) - 5
#(0 0 0 0 0 0) - 0
#(0 0 0 0 0 0) - 0
#(0 0 0 0 0 0) - 0
#(0 0 0 0 0 0) - 0
#(0 0 0 0 0 0) - 0
#(0 0 0 0 0 0) - 0
#(0 0 0 0 0 0) - 0
#(0 0 0 0 0 0) - 0
#(0 0 0 0 0 0) - 0
#(0 0 0 0 0 0.05) - 5
#(0 0 0 0 0 0) - 0
#(0 0 0 0 0 0) - 0
#(0 0 0 0 0 0) - 0
#(0 0 0 0 0 0) - 0
#(0 0 0 0 0 0) - 0
#(0 0 0 0 0 0) - 0
#(0 0 0 0 0 0) - 0
#(0 0 0 0 0 0) - 0
#(0 0 0 0 0 0.05) - 5
#(0 0 0 0 0 0) - 0
#(0 0 0 0 0 0.1) - 5
#(0 0 0 0 0 0.1) - 5
#(0 0 0 0 0 0.05) - 5
#(0 0 0 0 0 0) - 0
#(0 0 0 0 0 0.05) - 5
#(0 0 0 0 0 0.05) - 5
#(0 0 0 0 0 0.1) - 5
#(0 0 0 0 0 0.1) - 5
#(0 0 0 0 0 0) - 0
#(0 0 0 0 0 0) - 0
#(0 0 0 0 0 0) - 0
#(0 0 0 0 0 0) - 0
#(0 0 0 0 0 0) - 0
#(0 0 0 0 0 0) - 0
#(0 0 0 0 0 0) - 0
#(0 0 0 0 0 0) - 0
#(0 0 0 0 0 0) - 0
#(0 0 0 0 0 0) - 0
#(0 0 0 0 0 0) - 0
#(0 0 0 0 0 0) - 0
#(0 0 0 0 0 0) - 0
#(0 0 0 0 0 0) - 0
#(0 0 0 0 0 0) - 0
#(0 0 0 0 0 0) - 0
#(0 0 0 0 0 0.35) - 5
#(0 0 0 0 0 0) - 0
#(0 0 0 0 0 0) - 0
#(0 0 0 0 0 0) - 0
#(0 0 0 0 0 0) - 0
#(0 0 0 0 0 0) - 0
#(0 0 0 0 0 0) - 0
#(0 0 0 0 0 0) - 0
#(0 0 0 0 0 0.3) - 5
#(0 0 0 0 0 0.3) - 5
#(0 0 0 0 0 0) - 0
#(0 0 0 0 0 0) - 0
#(0 0 0 0 0 0) - 0
#(0 0 0 0 0 0.05) - 5
#(0 0 0 0 0 0) - 0
#(0 0 0 0 0 0.2) - 5
#(0 0 0 0 0 0) - 0
#(0 0 0 0 0 0.1) - 5
#(0 0 0 0 0 0.05) - 5
#(0 0 0 0 0 0.05) - 5
#(0 0 0 0 0 0) - 0
#(0 0 0 0 0 0.2) - 5
#(0 0 0 0 0 0.05) - 5
#(0 0 0 0 0 0.2) - 5
#(0 0 0 0 0 0.05) - 5
#(0 0 0 0 0 0) - 0
#(0 0 0 0 0 0) - 0
#(0 0 0 0 0 0) - 0
#(0 0 0 0 0 0) - 0
#(0 0 0 0 0 0.05) - 5
#(0 0 0 0 0 0.05) - 5
#(0 0 0 0 0 0) - 0
#(0 0 0 0 0 0) - 0
#(0 0 0 0 0 0) - 0
#(0 0 0 0 0 0) - 0
#(0 0 0 0 0 0) - 0
#(0 0 0 0 0 0) - 0
#(0 0 0 0 0 0) - 0
#(0 0 0 0 0 0) - 0
#(0 0 0 0 0 0.05) - 5
#(0 0 0 0 0 0.05) - 5
#(0 0 0 0 0 0) - 0
#(0 0 0 0 0 0) - 0
#(0 0 0 0 0 0) - 0
#(0 0 0 0 0 0) - 0
#(0 0 0 0 0 0.05) - 5
#(0 0 0 0 0 0) - 0
#(0 0 0 0 0 0.1) - 5
#(0 0 0 0 0 0.25) - 5
#(0 0 0 0 0 0.1) - 5
#(0 0 0 0 0 0.05) - 5
#(0 0 0 0 0 0) - 0
#(0 0 0 0 0 0) - 0
#(0 0 0 0 0 0) - 0
#(0 0 0 0 0 0) - 0
#(0 0 0 0 0 0) - 0
#(0 0 0 0 0 0) - 0
#(0 0 0 0 0 0.1) - 5
#(0 0 0 0 0 0.1) - 5
#(0 0 0 0 0 0) - 0
#(0 0 0 0 0 0.1) - 5
#(0 0 0 0 0 0) - 0
#(0 0 0 0 0 0) - 0
#(0 0 0 0 0 0.3) - 5
#(0 0 0 0 0 0) - 0
#(0 0 0 0 0 0.1) - 5
#(0 0 0 0 0 0.1) - 5
#(0 0 0 0 0 0.1) - 5
#(0 0 0 0 0 0) - 0
#(0 0 0 0 0 0) - 0
#(0 0 0 0 0 0) - 0
#(0 0 0 0 0 0.1) - 5
#(0 0 0 0 0 0.1) - 5
#(0 0 0 0 0 0.1) - 5
#(0 0 0 0 0 0) - 0
#(0 0 0 0 0 0) - 0
#(0 0 0 0 0 0) - 0
#(0 0 0 0 0 0) - 0
#(0 0 0 0 0 0) - 0
#(0 0 0 0 0 0.1) - 5
#(0 0 0 0 0 0.1) - 5
#(0 0 0 0 0 0) - 0
#(0 0 0 0 0 0) - 0
#(0 0 0 0 0 0.35) - 5
#(0 0 0 0 0 0.05) - 5
#(0 0 0 0 0 0.45) - 5
#(0 0 0 0 0 0) - 0
#(0 0 0 0 0 0.3) - 5
#(0 0 0 0 0 0) - 0
#(0 0 0 0 0 0) - 0
#(0 0 0 0 0 0) - 0
#(0 0 0 0 0 0) - 0
#(0 0 0 0 0 0.35) - 5
#(0 0 0 0 0 0) - 0
#(0 0 0 0 0 0.1) - 5
#(0 0 0 0 0 0) - 0
#(0 0 0 0 0 0.1) - 5
#(0 0 0 0 0 0) - 0
#(0 0 0 0 0 0) - 0
#(0 0 0 0 0 0) - 0
#(0 0 0 0 0 0) - 0
#(0 0 0 0 0 0) - 0
#(0 0 0 0 0 0.1) - 5
#(0 0 0 0 0 0) - 0
#(0 0 0 0 0 0.25) - 5
#(0 0 0 0 0 0.1) - 5
#(0 0 0 0 0 0.25) - 5
#(0 0 0 0 0 0.25) - 5
#(0 0 0 0 0 0.35) - 5
#(0 0 0 0 0 0.25) - 5
#(0 0 0 0 0 0.25) - 5
#(0 0 0 0 0 0.3) - 5
#(0 0 0 0 0 0.25) - 5
#(0 0 0 0 0 0.45) - 5
#(0 0 0 0 0 0.1) - 5
#(0 0 0 0 0 0.25) - 5
#(0 0 0 0 0 0.2) - 5
#(0 0 0 0 0 0) - 0
#(0 0 0 0 0 0) - 0
#(0 0 0 0 0 0.05) - 5
#(0 0 0 0 0 0) - 0
#(0 0 0 0 0 0) - 0
#(0 0 0 0 0 0) - 0
#(0 0 0 0 0 0) - 0
#(0 0 0 0 0 0) - 0
#(0 0 0 0 0 0) - 0
#(0 0 0 0 0 0) - 0
#(0 0 0 0 0 0) - 0
#(0 0 0 0 0 0.3) - 5
#(0 0 0 0 0 0.3) - 5
#(0 0 0 0 0 0) - 0
#(0 0 0 0 0 0) - 0
#(0 0 0 0 0 0) - 0
#(0 0 0 0 0 0.05) - 5
#(0 0 0 0 0 0) - 0
#(0 0 0 0 0 0) - 0
#(0 0 0 0 0 0) - 0
#(0 0 0 0 0 0.05) - 5
#(0 0 0 0 0 0.05) - 5
#(0 0 0 0 0 0) - 0
#(0 0 0 0 0 0) - 0
#(0 0 0 0 0 0) - 0
#(0 0 0 0 0 0) - 0
#(0 0 0 0 0 0) - 0
#(0 0 0 0 0 0) - 0
#(0 0 0 0 0 0.05) - 5
#(0 0 0 0 0 0.05) - 5
#(0 0 0 0 0 0) - 0
#(0 0 0 0 0 0) - 0
#(0 0 0 0 0 0.05) - 5
#(0 0 0 0 0 0.05) - 5
#(0 0 0 0 0 0) - 0
#(0 0 0 0 0 0) - 0
#(0 0 0 0 0 0) - 0
#(0 0 0 0 0 0) - 0
#(0 0 0 0 0 0) - 0
#(0 0 0 0 0 0) - 0
#(0 0 0 0 0 0) - 0
#(0 0 0 0 0 0) - 0
#(0 0 0 0 0 0) - 0
#(0 0 0 0 0 0) - 0
#(0 0 0 0 0 0) - 0
#(0 0 0 0 0 0) - 0
#(0 0 0 0 0 0) - 0
#(0 0 0 0 0 0) - 0
#(0 0 0 0 0 0) - 0
#(0 0 0 0 0 0) - 0
#(0 0 0 0 0 0) - 0
#(0 0 0 0 0 0) - 0
#(0 0 0 0 0 0) - 0
#(0 0 0 0 0 0.05) - 5
#(0 0 0 0 0 0.05) - 5
#(0 0 0 0 0 0) - 0
#(0 0 0 0 0 0) - 0
#(0 0 0 0 0 0) - 0
#(0 0 0 0 0 0) - 0
#(0 0 0 0 0 0) - 0
#(0 0 0 0 0 0) - 0
#(0 0 0 0 0 0) - 0
#(0 0 0 0 0 0) - 0
#(0 0 0 0 0 0) - 0
#(0 0 0 0 0 0) - 0
#(0 0 0 0 0 0) - 0
#(0 0 0 0 0 0) - 0
#(0 0 0 0 0 0) - 0
#(0 0 0 0 0 0) - 0
#(0 0 0 0 0 0) - 0
#(0 0 0 0 0 0) - 0
#(0 0 0 0 0 0) - 0
#(0 0 0 0 0 0.25) - 5
#(0 0 0 0 0 0.3) - 5
#(0 0 0 0 0 0.3) - 5
#(0 0 0 0 0 0.3) - 5
#(0 0 0 0 0 0.25) - 5
#(0 0 0 0 0 0.3) - 5
#(0 0 0 0 0 0.3) - 5
#(0 0 0 0 0 0.2) - 5
#(0 0 0 0 0 0.2) - 5
#(0 0 0 0 0 0.3) - 5
#(0 0 0 0 0 0.45) - 5
#(0 0 0 0 0 0.3) - 5
#(0 0 0 0 0 0.05) - 5
#(0 0 0 0 0 0) - 0
#(0 0 0 0 0 0) - 0
#(0 0 0 0 0 0) - 0
#(0 0 0 0 0 0.1) - 5
#(0 0 0 0 0 0.3) - 5
#(0 0 0 0 0 0.25) - 5
#(0 0 0 0 0 0.25) - 5
#(0 0 0 0 0 0.25) - 5
#(0 0 0 0 0 0.2) - 5
#(0 0 0 0 0 0) - 0
#(0 0 0 0 0 0) - 0
#(0 0 0 0 0 0) - 0
#(0 0 0 0 0 0) - 0
#(0 0 0 0 0 0) - 0
#(0 0 0 0 0 0) - 0
#(0 0 0 0 0 0) - 0
#(0 0 0 0 0 0) - 0
#(0 0 0 0 0 0) - 0
#(0 0 0 0 0 0) - 0
#(0 0 0 0 0 0) - 0
#(0 0 0 0 0 0) - 0
#(0 0 0 0 0 0) - 0
#(0 0 0 0 0 0) - 0
#(0 0 0 0 0 0.05) - 5
#(0 0 0 0 0 0.05) - 5
#(0 0 0 0 0 0.15) - 5
#(0 0 0 0 0 0.05) - 5
#(0 0 0 0 0 0.1) - 5
#(0 0 0 0 0 0.1) - 5
#(0 0 0 0 0 0.1) - 5
#(0 0 0 0 0 0.1) - 5
#(0 0 0 0 0 0.1) - 5
#(0 0 0 0 0 0) - 0
#(0 0 0 0 0 0) - 0
#(0 0 0 0 0 0) - 0
#(0 0 0 0 0 0.05) - 5
#(0 0 0 0 0 0) - 0
#(0 0 0 0 0 0) - 0
#(0 0 0 0 0 0) - 0
#(0 0 0 0 0 0) - 0
#(0 0 0 0 0 0) - 0
#(0 0 0 0 0 0) - 0
#(0 0 0 0 0 0) - 0
#(0 0 0 0 0 0) - 0
#(0 0 0 0 0 0) - 0
#(0 0 0 0 0 0) - 0
#(0 0 0 0 0 0) - 0
#(0 0 0 0 0 0.35) - 5
#(0 0 0 0 0 0.05) - 5
#(0 0 0 0 0 0) - 0
#(0 0 0 0 0 0) - 0
#(0 0 0 0 0 0) - 0
#(0 0 0 0 0 0) - 0
#(0 0 0 0 0 0) - 0
#(0 0 0 0 0 0) - 0
#(0 0 0 0 0 0.05) - 5
#(0 0 0 0 0 0) - 0
#(0 0 0 0 0 0.3) - 5
#(0 0 0 0 0 0) - 0
#(0 0 0 0 0 0) - 0
#(0 0 0 0 0 0) - 0
#(0 0 0 0 0 0) - 0
#(0 0 0 0 0 0) - 0
#(0 0 0 0 0 0) - 0
#(0 0 0 0 0 0) - 0
#(0 0 0 0 0 0) - 0
#(0 0 0 0 0 0) - 0
#(0 0 0 0 0 0) - 0
#(0 0 0 0 0 0) - 0
#(0 0 0 0 0 0) - 0
#(0 0 0 0 0 0) - 0
#(0 0 0 0 0 0) - 0
#(0 0 0 0 0 0) - 0
#(0 0 0 0 0 0) - 0
#(0 0 0 0 0 0) - 0
#(0 0 0 0 0 0) - 0
#(0 0 0 0 0 0) - 0
#(0 0 0 0 0 0) - 0
#(0 0 0 0 0 0) - 0
#(0 0 0 0 0 0) - 0
#(0 0 0 0 0 0) - 0
#(0 0 0 0 0 0) - 0
#(0 0 0 0 0 0) - 0
#(0 0 0 0 0 0.25) - 5
#(0 0 0 0 0 0.1) - 5
#(0 0 0 0 0 0.25) - 5
#(0 0 0 0 0 0.15) - 5
#(0 0 0 0 0 0.3) - 5
#(0 0 0 0 0 0.4) - 5
#(0 0 0 0 0 0.4) - 5
#(0 0 0 0 0 0.25) - 5
#(0 0 0 0 0 0.3) - 5
#(0 0 0 0 0 0.3) - 5
#(0 0 0 0 0 0.1) - 5
#(0 0 0 0 0 0.3) - 5
#(0 0 0 0 0 0.2) - 5
#(0 0 0 0 0 0) - 0
#(0 0 0 0 0 0.1) - 5
#(0 0 0 0 0 0) - 0
#(0 0 0 0 0 0) - 0
#(0 0 0 0 0 0.3) - 5
#(0 0 0 0 0 0.3) - 5
#(0 0 0 0 0 0.35) - 5
#(0 0 0 0 0 0.45) - 5
#(0 0 0 0 0 0.25) - 5
#(0 0 0 0 0 0) - 0
#(0 0 0 0 0 0.1) - 5
#(0 0 0 0 0 0) - 0
#(0 0 0 0 0 0) - 0
#(0 0 0 0 0 0) - 0
#(0 0 0 0 0 0) - 0
#(0 0 0 0 0 0) - 0
#(0 0 0 0 0 0.15) - 5
#(0 0 0 0 0 0.1) - 5
#(0 0 0 0 0 0.1) - 5
#(0 0 0 0 0 0.1) - 5
#(0 0 0 0 0 0) - 0
#(0 0 0 0 0 0) - 0
#(0 0 0 0 0 0) - 0
#(0 0 0 0 0 0) - 0
#(0 0 0 0 0 0) - 0
#(0 0 0 0 0 0) - 0
#(0 0 0 0 0 0) - 0
#(0 0 0 0 0 0) - 0
#(0 0 0 0 0 0) - 0
#(0 0 0 0 0 0) - 0
#(0 0 0 0 0 0) - 0
#(0 0 0 0 0 0) - 0
#(0 0 0 0 0 0.1) - 5
#(0 0 0 0 0 0) - 0
#(0 0 0 0 0 0) - 0
#(0 0 0 0 0 0) - 0
#(0 0 0 0 0 0) - 0
#(0 0 0 0 0 0) - 0
#(0 0 0 0 0 0.15) - 5
#(0 0 0 0 0 0) - 0
#(0 0 0 0 0 0.15) - 5
#(0 0 0 0 0 0) - 0
#(0 0 0 0 0 0.3) - 5
#(0 0 0 0 0 0) - 0
#(0 0 0 0 0 0.3) - 5
#(0 0 0 0 0 0) - 0
#(0 0 0 0 0 0) - 0
#(0 0 0 0 0 0.1) - 5
#(0 0 0 0 0 0) - 0
#(0 0 0 0 0 0.1) - 5
#(0 0 0 0 0 0.15) - 5
#(0 0 0 0 0 0.1) - 5
#(0 0 0 0 0 0.1) - 5
#(0 0 0 0 0 0.1) - 5
#(0 0 0 0 0 0) - 0
#(0 0 0 0 0 0) - 0
#(0 0 0 0 0 0) - 0
#(0 0 0 0 0 0) - 0
#(0 0 0 0 0 0.1) - 5
#(0 0 0 0 0 0) - 0
#(0 0 0 0 0 0) - 0
#(0 0 0 0 0 0) - 0
#(0 0 0 0 0 0) - 0
#(0 0 0 0 0 0) - 0
#(0 0 0 0 0 0.1) - 5
#(0 0 0 0 0 0) - 0
#(0 0 0 0 0 0.15) - 5
#(0 0 0 0 0 0) - 0
#(0 0 0 0 0 0) - 0
#(0 0 0 0 0 0) - 0
#(0 0 0 0 0 0) - 0
#(0 0 0 0 0 0) - 0
#(0 0 0 0 0 0) - 0
#(0 0 0 0 0 0) - 0
#(0 0 0 0 0 0) - 0
#(0 0 0 0 0 0.1) - 5
#(0 0 0 0 0 0.1) - 5
#(0 0 0 0 0 0) - 0
#(0 0 0 0 0 0) - 0
#(0 0 0 0 0 0.15) - 5
#(0 0 0 0 0 0.1) - 5
#(0 0 0 0 0 0.05) - 5
#(0 0 0 0 0 0) - 0
#(0 0 0 0 0 0) - 0
#(0 0 0 0 0 0.35) - 5
#(0 0 0 0 0 0) - 0
#(0 0 0 0 0 0.05) - 5
#(0 0 0 0 0 0) - 0
#(0 0 0 0 0 0.1) - 5
#(0 0 0 0 0 0.3) - 5
#(0 0 0 0 0 0.4) - 5
#(0 0 0 0 0 0) - 0
#(0 0 0 0 0 0) - 0
#(0 0 0 0 0 0) - 0
#(0 0 0 0 0 0) - 0
#(0 0 0 0 0 0) - 0
#(0 0 0 0 0 0) - 0
#(0 0 0 0 0 0) - 0
#(0 0 0 0 0 0.35) - 5
#(0 0 0 0 0 0) - 0
#(0 0 0 0 0 0.05) - 5
#(0 0 0 0 0 0) - 0
#(0 0 0 0 0 0) - 0
#(0 0 0 0 0 0) - 0
#(0 0 0 0 0 0.15) - 5
#(0 0 0 0 0 0) - 0
#(0 0 0 0 0 0) - 0
#(0 0 0 0 0 0) - 0
#(0 0 0 0 0 0) - 0
#(0 0 0 0 0 0) - 0
#(0 0 0 0 0 0) - 0
#(0 0 0 0 0 0) - 0
#(0 0 0 0 0 0) - 0
#(0 0 0 0 0 0) - 0
#(0 0 0 0 0 0.1) - 5
#(0 0 0 0 0 0.05) - 5
#(0 0 0 0 0 0) - 0
#(0 0 0 0 0 0) - 0
#(0 0 0 0 0 0.1) - 5
#(0 0 0 0 0 0) - 0
#(0 0 0 0 0 0) - 0
#(0 0 0 0 0 0) - 0
#(0 0 0 0 0 0) - 0
#(0 0 0 0 0 0.05) - 5
#(0 0 0 0 0 0) - 0
#(0 0 0 0 0 0) - 0
#(0 0 0 0 0 0) - 0
#(0 0 0 0 0 0.05) - 5
#(0 0 0 0 0 0) - 0
#(0 0 0 0 0 0) - 0
#(0 0 0 0 0 0) - 0
#(0 0 0 0 0 0) - 0
#(0 0 0 0 0 0.05) - 5
#(0 0 0 0 0 0) - 0
#(0 0 0 0 0 0) - 0
#(0 0 0 0 0 0.1) - 5
#(0 0 0 0 0 0.05) - 5
#(0 0 0 0 0 0) - 0
#(0 0 0 0 0 0) - 0
#(0 0 0 0 0 0) - 0
#(0 0 0 0 0 0.35) - 5
#(0 0 0 0 0 0.35) - 5
#(0 0 0 0 0 0.35) - 5
#(0 0 0 0 0 0.1) - 5
#(0 0 0 0 0 0.3) - 5
#(0 0 0 0 0 0.2) - 5
#(0 0 0 0 0 0.3) - 5
#(0 0 0 0 0 0.25) - 5
#(0 0 0 0 0 0.1) - 5
#(0 0 0 0 0 0) - 0
#(0 0 0 0 0 0) - 0
#(0 0 0 0 0 0) - 0
#(0 0 0 0 0 0) - 0
#(0 0 0 0 0 0.35) - 5
#(0 0 0 0 0 0.3) - 5
#(0 0 0 0 0 0.35) - 5
#(0 0 0 0 0 0.3) - 5
#(0 0 0 0 0 0) - 0
#(0 0 0 0 0 0.3) - 5
#(0 0 0 0 0 0.4) - 5
#(0 0 0 0 0 0.1) - 5
#(0 0 0 0 0 0.4) - 5
#(0 0 0 0 0 0) - 0
#(0 0 0 0 0 0.15) - 5
#(0 0 0 0 0 0) - 0
#(0 0 0 0 0 0.1) - 5
#(0 0 0 0 0 0) - 0
#(0 0 0 0 0 0) - 0
#(0 0 0 0 0 0) - 0
#(0 0 0 0 0 0) - 0
#(0 0 0 0 0 0.1) - 5
#(0 0 0 0 0 0) - 0
#(0 0 0 0 0 0) - 0
#(0 0 0 0 0 0) - 0
#(0 0 0 0 0 0.05) - 5
#(0 0 0 0 0 0) - 0
#(0 0 0 0 0 0) - 0
#(0 0 0 0 0 0.05) - 5
#(0 0 0 0 0 0.1) - 5
#(0 0 0 0 0 0) - 0
#(0 0 0 0 0 0.1) - 5
#(0 0 0 0 0 0.15) - 5
#(0 0 0 0 0 0.05) - 5
#(0 0 0 0 0 0.1) - 5
#(0 0 0 0 0 0.05) - 5
#(0 0 0 0 0 0) - 0
#(0 0 0 0 0 0) - 0
#(0 0 0 0 0 0.35) - 5
#(0 0 0 0 0 0) - 0
#(0 0 0 0 0 0) - 0
#(0 0 0 0 0 0) - 0
#(0 0 0 0 0 0) - 0
#(0 0 0 0 0 0) - 0
#(0 0 0 0 0 0.05) - 5
#(0 0 0 0 0 0) - 0
#(0 0 0 0 0 0) - 0
#(0 0 0 0 0 0) - 0
#(0 0 0 0 0 0) - 0
#(0 0 0 0 0 0) - 0
#(0 0 0 0 0 0) - 0
#(0 0 0 0 0 0) - 0
#(0 0 0 0 0 0) - 0
#(0 0 0 0 0 0) - 0
#(0 0 0 0 0 0) - 0
#(0 0 0 0 0 0) - 0
#(0 0 0 0 0 0) - 0
#(0 0 0 0 0 0) - 0
#(0 0 0 0 0 0) - 0
#(0 0 0 0 0 0) - 0
#(0 0 0 0 0 0) - 0
#(0 0 0 0 0 0) - 0
#(0 0 0 0 0 0) - 0
#(0 0 0 0 0 0) - 0
#(0 0 0 0 0 0) - 0
#(0 0 0 0 0 0) - 0
#(0 0 0 0 0 0) - 0
#(0 0 0 0 0 0) - 0
#(0 0 0 0 0 0) - 0
#(0 0 0 0 0 0) - 0
#(0 0 0 0 0 0) - 0
#(0 0 0 0 0 0) - 0
#(0 0 0 0 0 0) - 0
#(0 0 0 0 0 0) - 0
#(0 0 0 0 0 0) - 0
#(0 0 0 0 0 0) - 0
#(0 0 0 0 0 0) - 0
#(0 0 0 0 0 0.05) - 5
#(0 0 0 0 0 0.1) - 5
#(0 0 0 0 0 0) - 0
#(0 0 0 0 0 0) - 0
#(0 0 0 0 0 0) - 0
#(0 0 0 0 0 0) - 0
#(0 0 0 0 0 0) - 0
#(0 0 0 0 0 0.1) - 5
#(0 0 0 0 0 0.1) - 5
#(0 0 0 0 0 0.05) - 5
#(0 0 0 0 0 0) - 0
#(0 0 0 0 0 0.1) - 5
#(0 0 0 0 0 0.1) - 5
#(0 0 0 0 0 0.1) - 5
#(0 0 0 0 0 0.05) - 5
#(0 0 0 0 0 0) - 0
#(0 0 0 0 0 0.15) - 5
#(0 0 0 0 0 0.1) - 5
#(0 0 0 0 0 0) - 0
#(0 0 0 0 0 0) - 0
#(0 0 0 0 0 0) - 0
#(0 0 0 0 0 0.05) - 5
#(0 0 0 0 0 0) - 0
#(0 0 0 0 0 0) - 0
#(0 0 0 0 0 0) - 0
#(0 0 0 0 0 0) - 0
#(0 0 0 0 0 0.1) - 5
#(0 0 0 0 0 0.05) - 5
#(0 0 0 0 0 0) - 0
#(0 0 0 0 0 0) - 0
#(0 0 0 0 0 0.1) - 5
#(0 0 0 0 0 0) - 0
#(0 0 0 0 0 0.3) - 5
#(0 0 0 0 0 0.1) - 5
#(0 0 0 0 0 0) - 0
#(0 0 0 0 0 0.1) - 5
#(0 0 0 0 0 0) - 0
#(0 0 0 0 0 0) - 0
#(0 0 0 0 0 0) - 0
#(0 0 0 0 0 0) - 0
#(0 0 0 0 0 0) - 0
#(0 0 0 0 0 0) - 0
#(0 0 0 0 0 0) - 0
#(0 0 0 0 0 0) - 0
#(0 0 0 0 0 0) - 0
#(0 0 0 0 0 0) - 0
#(0 0 0 0 0 0) - 0
#(0 0 0 0 0 0) - 0
#(0 0 0 0 0 0) - 0
#(0 0 0 0 0 0) - 0
#(0 0 0 0 0 0) - 0
#(0 0 0 0 0 0) - 0
#(0 0 0 0 0 0.05) - 5
#(0 0 0 0 0 0.05) - 5
#(0 0 0 0 0 0.05) - 5
#(0 0 0 0 0 0.05) - 5
#(0 0 0 0 0 0.2) - 5
#(0 0 0 0 0 0.2) - 5
#(0 0 0 0 0 0.15) - 5
#(0 0 0 0 0 0.1) - 5
#(0 0 0 0 0 0.1) - 5
#(0 0 0 0 0 0.1) - 5
#(0 0 0 0 0 0.15) - 5
#(0 0 0 0 0 0.05) - 5
#(0 0 0 0 0 0) - 0
#(0 0 0 0 0 0) - 0
#(0 0 0 0 0 0.1) - 5
#(0 0 0 0 0 0.1) - 5
#(0 0 0 0 0 0.05) - 5
#(0 0 0 0 0 0.05) - 5
#(0 0 0 0 0 0.1) - 5
#(0 0 0 0 0 0.05) - 5
#(0 0 0 0 0 0.05) - 5
#(0 0 0 0 0 0.05) - 5
#(0 0 0 0 0 0.3) - 5
#(0 0 0 0 0 0.35) - 5
#(0 0 0 0 0 0.05) - 5
#(0 0 0 0 0 0.35) - 5
#(0 0 0 0 0 0) - 0
#(0 0 0 0 0 0) - 0
#(0 0 0 0 0 0) - 0
#(0 0 0 0 0 0) - 0
#(0 0 0 0 0 0) - 0
#(0 0 0 0 0 0) - 0
#(0 0 0 0 0 0) - 0
#(0 0 0 0 0 0) - 0
#(0 0 0 0 0 0) - 0
#(0 0 0 0 0 0) - 0
#(0 0 0 0 0 0) - 0
#(0 0 0 0 0 0.05) - 5
#(0 0 0 0 0 0.05) - 5
#(0 0 0 0 0 0.05) - 5
#(0 0 0 0 0 0) - 0
#(0 0 0 0 0 0) - 0
#(0 0 0 0 0 0) - 0
#(0 0 0 0 0 0) - 0
#(0 0 0 0 0 0) - 0
#(0 0 0 0 0 0) - 0
#(0 0 0 0 0 0) - 0
#(0 0 0 0 0 0) - 0
#(0 0 0 0 0 0) - 0
#(0 0 0 0 0 0) - 0
#(0 0 0 0 0 0) - 0
#(0 0 0 0 0 0) - 0
#(0 0 0 0 0 0) - 0
#(0 0 0 0 0 0) - 0
#(0 0 0 0 0 0) - 0
#(0 0 0 0 0 0) - 0
#(0 0 0 0 0 0) - 0
#(0 0 0 0 0 0.35) - 5
#(0 0 0 0 0 0.35) - 5
#(0 0 0 0 0 0) - 0
#(0 0 0 0 0 0.1) - 5
#(0 0 0 0 0 0) - 0
#(0 0 0 0 0 0) - 0
#(0 0 0 0 0 0) - 0
#(0 0 0 0 0 0) - 0
#(0 0 0 0 0 0.1) - 5
#(0 0 0 0 0 0.2) - 5
#(0 0 0 0 0 0.1) - 5
#(0 0 0 0 0 0.1) - 5
#(0 0 0 0 0 0.1) - 5
#(0 0 0 0 0 0.3) - 5
#(0 0 0 0 0 0.1) - 5
#(0 0 0 0 0 0) - 0
#(0 0 0 0 0 0.1) - 5
#(0 0 0 0 0 0) - 0
#(0 0 0 0 0 0.15) - 5
#(0 0 0 0 0 0.2) - 5
#(0 0 0 0 0 0.1) - 5
#(0 0 0 0 0 0.1) - 5
#(0 0 0 0 0 0.2) - 5
#(0 0 0 0 0 0.3) - 5
#(0 0 0 0 0 0) - 0
#(0 0 0 0 0 0.05) - 5
#(0 0 0 0 0 0.2) - 5
#(0 0 0 0 0 0.15) - 5
#(0 0 0 0 0 0.2) - 5
#(0 0 0 0 0 0) - 0
#(0 0 0 0 0 0) - 0
#(0 0 0 0 0 0) - 0
#(0 0 0 0 0 0.1) - 5
#(0 0 0 0 0 0) - 0
#(0 0 0 0 0 0.1) - 5
#(0 0 0 0 0 0) - 0
#(0 0 0 0 0 0) - 0
#(0 0 0 0 0 0.2) - 5
#(0 0 0 0 0 0) - 0
#(0 0 0 0 0 0.1) - 5
#(0 0 0 0 0 0) - 0
#(0 0 0 0 0 0) - 0
#(0 0 0 0 0 0.1) - 5
#(0 0 0 0 0 0) - 0
#(0 0 0 0 0 0.1) - 5
#(0 0 0 0 0 0) - 0
#(0 0 0 0 0 0.3) - 5
#(0 0 0 0 0 0) - 0
#(0 0 0 0 0 0) - 0
#(0 0 0 0 0 0) - 0
#(0 0 0 0 0 0.05) - 5
#(0 0 0 0 0 0.1) - 5
#(0 0 0 0 0 0) - 0
#(0 0 0 0 0 0.1) - 5
#(0 0 0 0 0 0.05) - 5
#(0 0 0 0 0 0) - 0
#(0 0 0 0 0 0) - 0
#(0 0 0 0 0 0) - 0
#(0 0 0 0 0 0) - 0
#(0 0 0 0 0 0.05) - 5
#(0 0 0 0 0 0) - 0
#(0 0 0 0 0 0.05) - 5
#(0 0 0 0 0 0) - 0
#(0 0 0 0 0 0) - 0
#(0 0 0 0 0 0) - 0
#(0 0 0 0 0 0) - 0
#(0 0 0 0 0 0) - 0
#(0 0 0 0 0 0) - 0
#(0 0 0 0 0 0) - 0
#(0 0 0 0 0 0) - 0
#(0 0 0 0 0 0) - 0
#(0 0 0 0 0 0) - 0
#(0 0 0 0 0 0) - 0
#(0 0 0 0 0 0.15) - 5
#(0 0 0 0 0 0.05) - 5
#(0 0 0 0 0 0.05) - 5
#(0 0 0 0 0 0.05) - 5
#(0 0 0 0 0 0.2) - 5
#(0 0 0 0 0 0.1) - 5
#(0 0 0 0 0 0.2) - 5
#(0 0 0 0 0 0.1) - 5
#(0 0 0 0 0 0) - 0
#(0 0 0 0 0 0.05) - 5
#(0 0 0 0 0 0) - 0
#(0 0 0 0 0 0.05) - 5
#(0 0 0 0 0 0) - 0
#(0 0 0 0 0 0) - 0
#(0 0 0 0 0 0) - 0
#(0 0 0 0 0 0) - 0
#(0 0 0 0 0 0) - 0
#(0 0 0 0 0 0) - 0
#(0 0 0 0 0 0.05) - 5
#(0 0 0 0 0 0.05) - 5
#(0 0 0 0 0 0) - 0
#(0 0 0 0 0 0) - 0
#(0 0 0 0 0 0) - 0
#(0 0 0 0 0 0) - 0
#(0 0 0 0 0 0) - 0
#(0 0 0 0 0 0) - 0
#(0 0 0 0 0 0) - 0
#(0 0 0 0 0 0.05) - 5
#(0 0 0 0 0 0) - 0
#(0 0 0 0 0 0) - 0
#(0 0 0 0 0 0.3) - 5
#(0 0 0 0 0 0.3) - 5
#(0 0 0 0 0 0.25) - 5
#(0 0 0 0 0 0.25) - 5
#(0 0 0 0 0 0.3) - 5
#(0 0 0 0 0 0.15) - 5
#(0 0 0 0 0 0.3) - 5
#(0 0 0 0 0 0.5) - 5
#(0 0 0 0 0 0.15) - 5
#(0 0 0 0 0 0.25) - 5
#(0 0 0 0 0 0.25) - 5
#(0 0 0 0 0 0.3) - 5
#(0 0 0 0 0 0.25) - 5
#(0 0 0 0 0 0.1) - 5
#(0 0 0 0 0 0) - 0
#(0 0 0 0 0 0) - 0
#(0 0 0 0 0 0.05) - 5
#(0 0 0 0 0 0) - 0
#(0 0 0 0 0 0) - 0
#(0 0 0 0 0 0) - 0
#(0 0 0 0 0 0) - 0
#(0 0 0 0 0 0) - 0
#(0 0 0 0 0 0) - 0
#(0 0 0 0 0 0) - 0
