
Grupo 0
#(0.01165734 0 0 0 0 0) - 0
#(0.03577138 0 0 0 0 0) - 0
#(0.012589928 0 0 0 0 0) - 0
#(0.024380496 0 0 0 0 0) - 0
#(0.011257661 0 0 0 0 0) - 0
#(0.00472955 0 0 0 0 0) - 0
#(0.009192646 0 0 0 0 0) - 0
#(0.016919797 0 0 0 0 0) - 0
#(0.0035305088 0 0 0 0 0) - 0
#(0.012256861 0 0 0 0 0) - 0
#(0.019584332 0 0 0 0 0) - 0
#(0.01578737 0 0 0 0 0) - 0
#(0.008326672 0 0 0 0 0) - 0
#(0.0045297095 0 0 0 0 0) - 0
#(0.011524114 0 0 0 0 0) - 0
#(0.01065814 0 0 0 0 0) - 0
#(0.009725553 0 0 0 0 0) - 0
#(0.00985878 0 0 0 0 0) - 0
#(0.0105915265 0 0 0 0 0) - 0
#(0.0059285904 0 0 0 0 0) - 0
#(0.01105782 0 0 0 0 0) - 0
#(0.011124434 0 0 0 0 0) - 0
#(0.015720757 0 0 0 0 0) - 0
#(0.007793765 0 0 0 0 0) - 0
#(0.019850787 0 0 0 0 0) - 0
#(0.019184653 0 0 0 0 0) - 0
#(0.014721556 0 0 0 0 0) - 0
#(0.006661338 0 0 0 0 0) - 0
#(0.021049827 0 0 0 0 0) - 0
#(0.013189448 0 0 0 0 0) - 0
#(0.017719159 0 0 0 0 0) - 0
#(0.012456701 0 0 0 0 0) - 0
#(0.0154543035 0 0 0 0 0) - 0
#(0.0119904075 0 0 0 0 0) - 0
#(0.022248868 0 0 0 0 0) - 0
#(0.0069944044 0 0 0 0 0) - 0
#(0.008659739 0 0 0 0 0) - 0
#(0.010924594 0 0 0 0 0) - 0
#(0.01718625 0 0 0 0 0) - 0
#(0.011857181 0 0 0 0 0) - 0
#(0.023181455 0 0 0 0 0) - 0
#(0.030508926 0 0 0 0 0) - 0
#(0.029776178 0 0 0 0 0) - 0
#(0.014654943 0 0 0 0 0) - 0
#(0.017652545 0 0 0 0 0) - 0
#(0.017918998 0 0 0 0 0) - 0
#(0.009392486 0 0 0 0 0) - 0
#(0.012456701 0 0 0 0 0) - 0
#(0.013056221 0 0 0 0 0) - 0
#(0.035438318 0 0 0 0 0) - 0
#(0.043498535 0 0 0 0 0) - 0
#(0.024313882 0 0 0 0 0) - 0
#(0.021582734 0 0 0 0 0) - 0
#(0.024180656 0 0 0 0 0) - 0
#(0.043498535 0 0 0 0 0) - 0
#(0.037436716 0 0 0 0 0) - 0
#(0.028976819 0 0 0 0 0) - 0
#(0.016053824 0 0 0 0 0) - 0
#(0.028110845 0 0 0 0 0) - 0
#(0.029243272 0 0 0 0 0) - 0
#(0.022382094 0 0 0 0 0) - 0
#(0.024780177 0 0 0 0 0) - 0
#(0.028643752 0 0 0 0 0) - 0
#(0.03550493 0 0 0 0 0) - 0
#(0.024713563 0 0 0 0 0) - 0
#(0.017652545 0 0 0 0 0) - 0
#(0.018585132 0 0 0 0 0) - 0
#(0.02624567 0 0 0 0 0) - 0
#(0.02011724 0 0 0 0 0) - 0
#(0.038902212 0 0 0 0 0) - 0
#(0.017053025 0 0 0 0 0) - 0
#(0.0028643752 0 0 0 0 0) - 0
#(0.011857181 0 0 0 0 0) - 0
#(0.009192646 0 0 0 0 0) - 0
#(0.008526512 0 0 0 0 0) - 0
#(0.012123634 0 0 0 0 0) - 0
#(0.015321077 0 0 0 0 0) - 0
#(0.016986411 0 0 0 0 0) - 0
#(0.009192646 0 0 0 0 0) - 0
#(0.001598721 0 0 0 0 0) - 0
#(0.04396483 0 0 0 0 0) - 0
#(0.023714362 0 0 0 0 0) - 0
#(0.021382894 0 0 0 0 0) - 0
#(0.008992806 0 0 0 0 0) - 0
#(0.017386092 0 0 0 0 0) - 0
#(0.010857981 0 0 0 0 0) - 0
#(0.019051425 0 0 0 0 0) - 0
#(0.043431923 0 0 0 0 0) - 0
#(0.0029309886 0 0 0 0 0) - 0
#(0.014455102 0 0 0 0 0) - 0
#(0.0119904075 0 0 0 0 0) - 0
#(0.020450307 0 0 0 0 0) - 0
#(0.008792966 0 0 0 0 0) - 0
#(0.012190248 0 0 0 0 0) - 0
#(0.009592326 0 0 0 0 0) - 0
#(0.015720757 0 0 0 0 0) - 0
#(0.012256861 0 0 0 0 0) - 0
#(0.024247268 0 0 0 0 0) - 0
#(0.019584332 0 0 0 0 0) - 0
#(0.022981614 0 0 0 0 0) - 0
#(0.010724753 0 0 0 0 0) - 0
#(0.0137223555 0 0 0 0 0) - 0
#(0.009658939 0 0 0 0 0) - 0
#(0.031108446 0 0 0 0 0) - 0
#(0.02111644 0 0 0 0 0) - 0
#(0.019317878 0 0 0 0 0) - 0
#(0.007793765 0 0 0 0 0) - 0
#(0.013788969 0 0 0 0 0) - 0
#(0.016053824 0 0 0 0 0) - 0
#(0.017053025 0 0 0 0 0) - 0
#(0.02271516 0 0 0 0 0) - 0
#(0.029709566 0 0 0 0 0) - 0
#(0.0029976019 0 0 0 0 0) - 0
#(0.047495335 0 0 0 0 0) - 0
#(0.024513721 0 0 0 0 0) - 0
#(0.0076605384 0 0 0 0 0) - 0
#(0.011191047 0 0 0 0 0) - 0
#(0.031241674 0 0 0 0 0) - 0
#(0.01065814 0 0 0 0 0) - 0
#(0.016453505 0 0 0 0 0) - 0
#(0.03170797 0 0 0 0 0) - 0
#(0.0189182 0 0 0 0 0) - 0
#(0.025446309 0 0 0 0 0) - 0
#(0.017452704 0 0 0 0 0) - 0
#(0.022781774 0 0 0 0 0) - 0
#(0.032240875 0 0 0 0 0) - 0
#(0.014721556 0 0 0 0 0) - 0

Grupo 1
#(0 0 0 0 0 0) - 0
#(0 0.01065449 0 0 0 0) - 1
#(0 0.00152207 0 0 0 0) - 1
#(0 0 0 0 0 0) - 0
#(0 0 0 0 0 0) - 0
#(0 0.00152207 0 0 0 0) - 1
#(0 0.00152207 0 0 0 0) - 1
#(0 0.00152207 0 0 0 0) - 1
#(0 0 0 0 0 0) - 0
#(0 0.00152207 0 0 0 0) - 1
#(0 0.00304414 0 0 0 0) - 1
#(0 0.00304414 0 0 0 0) - 1
#(0 0.00456621 0 0 0 0) - 1
#(0 0 0 0 0 0) - 0
#(0 0 0 0 0 0) - 0
#(0 0.00456621 0 0 0 0) - 1
#(0 0 0 0 0 0) - 0
#(0 0 0 0 0 0) - 0
#(0 0.00304414 0 0 0 0) - 1
#(0 0 0 0 0 0) - 0
#(0 0 0 0 0 0) - 0
#(0 0.00761035 0 0 0 0) - 1
#(0 0.00608828 0 0 0 0) - 1
#(0 0 0 0 0 0) - 0
#(0 0 0 0 0 0) - 0
#(0 0 0 0 0 0) - 0
#(0 0 0 0 0 0) - 0
#(0 0.00761035 0 0 0 0) - 1
#(0 0.00304414 0 0 0 0) - 1
#(0 0.06697108 0 0 0 0) - 1
#(0 0.00304414 0 0 0 0) - 1
#(0 0 0 0 0 0) - 0
#(0 0.01369863 0 0 0 0) - 1
#(0 0.00456621 0 0 0 0) - 1
#(0 0.01065449 0 0 0 0) - 1
#(0 0.01065449 0 0 0 0) - 1
#(0 0 0 0 0 0) - 0
#(0 0.00608828 0 0 0 0) - 1
#(0 0.0152207 0 0 0 0) - 1
#(0 0.00152207 0 0 0 0) - 1
#(0 0.01217656 0 0 0 0) - 1
#(0 0.00152207 0 0 0 0) - 1
#(0 0.00913242 0 0 0 0) - 1
#(0 0.00152207 0 0 0 0) - 1
#(0 0.00304414 0 0 0 0) - 1
#(0 0 0 0 0 0) - 0
#(0 0 0 0 0 0) - 0
#(0 0.00608828 0 0 0 0) - 1
#(0 0 0 0 0 0) - 0
#(0 0.00456621 0 0 0 0) - 1
#(0 0 0 0 0 0) - 0
#(0 0.00608828 0 0 0 0) - 1
#(0 0 0 0 0 0) - 0
#(0 0 0 0 0 0) - 0
#(0 0.00761035 0 0 0 0) - 1
#(0 0.00913242 0 0 0 0) - 1
#(0 0.00913242 0 0 0 0) - 1
#(0 0.00152207 0 0 0 0) - 1
#(0 0.00456621 0 0 0 0) - 1
#(0 0.00761035 0 0 0 0) - 1
#(0 0.00456621 0 0 0 0) - 1
#(0 0.01369863 0 0 0 0) - 1
#(0 0 0 0 0 0) - 0
#(0 0.00456621 0 0 0 0) - 1
#(0 0.00152207 0 0 0 0) - 1
#(0 0 0 0 0 0) - 0
#(0 0 0 0 0 0) - 0
#(0 0 0 0 0 0) - 0
#(0 0 0 0 0 0) - 0
#(0 0 0 0 0 0) - 0
#(0 0.00152207 0 0 0 0) - 1
#(0 0 0 0 0 0) - 0
#(0 0.00152207 0 0 0 0) - 1
#(0 0 0 0 0 0) - 0
#(0 0 0 0 0 0) - 0
#(0 0 0 0 0 0) - 0
#(0 0.0152207 0 0 0 0) - 1
#(0 0 0 0 0 0) - 0
#(0 0 0 0 0 0) - 0
#(0 0 0 0 0 0) - 0
#(0 0 0 0 0 0) - 0
#(0 0.00913242 0 0 0 0) - 1
#(0 0.00913242 0 0 0 0) - 1
#(0 0.00152207 0 0 0 0) - 1
#(0 0 0 0 0 0) - 0
#(0 0.00761035 0 0 0 0) - 1
#(0 0 0 0 0 0) - 0
#(0 0.00456621 0 0 0 0) - 1
#(0 0 0 0 0 0) - 0
#(0 0.00761035 0 0 0 0) - 1
#(0 0.02130898 0 0 0 0) - 1
#(0 0.00152207 0 0 0 0) - 1
#(0 0.0152207 0 0 0 0) - 1
#(0 0.00608828 0 0 0 0) - 1
#(0 0.00152207 0 0 0 0) - 1
#(0 0.00456621 0 0 0 0) - 1
#(0 0.00608828 0 0 0 0) - 1
#(0 0.01369863 0 0 0 0) - 1
#(0 0.00304414 0 0 0 0) - 1
#(0 0.019786911 0 0 0 0) - 1
#(0 0.019786911 0 0 0 0) - 1
#(0 0.04718417 0 0 0 0) - 1
#(0 0.00456621 0 0 0 0) - 1
#(0 0.00304414 0 0 0 0) - 1
#(0 0.00761035 0 0 0 0) - 1
#(0 0.11719939 0 0 0 0) - 1
#(0 0.01217656 0 0 0 0) - 1
#(0 0.0152207 0 0 0 0) - 1
#(0 0.00913242 0 0 0 0) - 1
#(0 0.0152207 0 0 0 0) - 1
#(0 0.02891933 0 0 0 0) - 1
#(0 0.00456621 0 0 0 0) - 1
#(0 0.00304414 0 0 0 0) - 1
#(0 0 0 0 0 0) - 0
#(0 0.01065449 0 0 0 0) - 1
#(0 0.00761035 0 0 0 0) - 1
#(0 0.01369863 0 0 0 0) - 1
#(0 0.00456621 0 0 0 0) - 1
#(0 0.01065449 0 0 0 0) - 1
#(0 0.00913242 0 0 0 0) - 1
#(0 0.03196347 0 0 0 0) - 1
#(0 0.0304414 0 0 0 0) - 1
#(0 0.02283105 0 0 0 0) - 1
#(0 0.13089803 0 0 0 0) - 1
#(0 0.02891933 0 0 0 0) - 1
#(0 0.01369863 0 0 0 0) - 1
#(0 0.01369863 0 0 0 0) - 1
#(0 0.01217656 0 0 0 0) - 1
#(0 0.02587519 0 0 0 0) - 1
#(0 0.03348554 0 0 0 0) - 1
#(0 0.02435312 0 0 0 0) - 1
#(0 0.02435312 0 0 0 0) - 1
#(0 0.1324201 0 0 0 0) - 1
#(0 0.01674277 0 0 0 0) - 1
#(0 0.01065449 0 0 0 0) - 1
#(0 0.03805175 0 0 0 0) - 1
#(0 0.03500761 0 0 0 0) - 1
#(0 0.04261796 0 0 0 0) - 1
#(0 0.03652968 0 0 0 0) - 1
#(0 0.02283105 0 0 0 0) - 1
#(0 0.02130898 0 0 0 0) - 1
#(0 0.0304414 0 0 0 0) - 1
#(0 0.0304414 0 0 0 0) - 1
#(0 0.01826484 0 0 0 0) - 1
#(0 0.019786911 0 0 0 0) - 1
#(0 0.02435312 0 0 0 0) - 1
#(0 0.03196347 0 0 0 0) - 1
#(0 0.02130898 0 0 0 0) - 1
#(0 0.019786911 0 0 0 0) - 1
#(0 0.02891933 0 0 0 0) - 1
#(0 0.02130898 0 0 0 0) - 1
#(0 0.02283105 0 0 0 0) - 1
#(0 0.019786911 0 0 0 0) - 1
#(0 0.03500761 0 0 0 0) - 1
#(0 0.02587519 0 0 0 0) - 1
#(0 0.01826484 0 0 0 0) - 1
#(0 0.02739726 0 0 0 0) - 1
#(0 0.02587519 0 0 0 0) - 1
#(0 0.01826484 0 0 0 0) - 1
#(0 0.01826484 0 0 0 0) - 1
#(0 0.02435312 0 0 0 0) - 1
#(0 0.01065449 0 0 0 0) - 1
#(0 0.02891933 0 0 0 0) - 1
#(0 0.03500761 0 0 0 0) - 1
#(0 0.04261796 0 0 0 0) - 1
#(0 0.03652968 0 0 0 0) - 1
#(0 0.02283105 0 0 0 0) - 1
#(0 0.02130898 0 0 0 0) - 1
#(0 0.0304414 0 0 0 0) - 1
#(0 0.04261796 0 0 0 0) - 1
#(0 0.02891933 0 0 0 0) - 1
#(0 0.02739726 0 0 0 0) - 1
#(0 0.0152207 0 0 0 0) - 1
#(0 0.03348554 0 0 0 0) - 1
#(0 0.019786911 0 0 0 0) - 1
#(0 0.019786911 0 0 0 0) - 1
#(0 0.01674277 0 0 0 0) - 1
#(0 0.019786911 0 0 0 0) - 1
#(0 0.03500761 0 0 0 0) - 1
#(0 0.01674277 0 0 0 0) - 1
#(0 0.019786911 0 0 0 0) - 1
#(0 0.0304414 0 0 0 0) - 1
#(0 0.03348554 0 0 0 0) - 1
#(0 0.00304414 0 0 0 0) - 1
#(0 0 0 0 0 0) - 0
#(0 0.00456621 0 0 0 0) - 1
#(0 0.01369863 0 0 0 0) - 1
#(0 0.01217656 0 0 0 0) - 1
#(0 0.00608828 0 0 0 0) - 1
#(0 0.00761035 0 0 0 0) - 1
#(0 0.00608828 0 0 0 0) - 1
#(0 0 0 0 0 0) - 0
#(0 0 0 0 0 0) - 0
#(0 0.00152207 0 0 0 0) - 1
#(0 0.00152207 0 0 0 0) - 1
#(0 0 0 0 0 0) - 0
#(0 0.00456621 0 0 0 0) - 1
#(0 0.00304414 0 0 0 0) - 1
#(0 0.00304414 0 0 0 0) - 1
#(0 0.00304414 0 0 0 0) - 1
#(0 0.00608828 0 0 0 0) - 1
#(0 0 0 0 0 0) - 0
#(0 0 0 0 0 0) - 0
#(0 0.01217656 0 0 0 0) - 1
#(0 0.00152207 0 0 0 0) - 1
#(0 0.0152207 0 0 0 0) - 1
#(0 0.00761035 0 0 0 0) - 1
#(0 0.00761035 0 0 0 0) - 1
#(0 0 0 0 0 0) - 0
#(0 0 0 0 0 0) - 0
#(0 0 0 0 0 0) - 0
#(0 0.0152207 0 0 0 0) - 1
#(0 0.0152207 0 0 0 0) - 1
#(0 0.01369863 0 0 0 0) - 1
#(0 0.01217656 0 0 0 0) - 1
#(0 0.02435312 0 0 0 0) - 1
#(0 0.0152207 0 0 0 0) - 1
#(0 0.01217656 0 0 0 0) - 1
#(0 0.0152207 0 0 0 0) - 1
#(0 0.02130898 0 0 0 0) - 1
#(0 0.01217656 0 0 0 0) - 1
#(0 0.01065449 0 0 0 0) - 1
#(0 0.01065449 0 0 0 0) - 1
#(0 0.02130898 0 0 0 0) - 1
#(0 0.02283105 0 0 0 0) - 1
#(0 0.0152207 0 0 0 0) - 1
#(0 0.019786911 0 0 0 0) - 1
#(0 0.02130898 0 0 0 0) - 1
#(0 0.00761035 0 0 0 0) - 1
#(0 0.0152207 0 0 0 0) - 1
#(0 0.02283105 0 0 0 0) - 1
#(0 0.01826484 0 0 0 0) - 1
#(0 0.01826484 0 0 0 0) - 1
#(0 0.01369863 0 0 0 0) - 1
#(0 0.01826484 0 0 0 0) - 1
#(0 0.01065449 0 0 0 0) - 1
#(0 0.01217656 0 0 0 0) - 1
#(0 0.01217656 0 0 0 0) - 1
#(0 0.01217656 0 0 0 0) - 1
#(0 0.01065449 0 0 0 0) - 1
#(0 0.00304414 0 0 0 0) - 1
#(0 0 0 0 0 0) - 0
#(0 0.01065449 0 0 0 0) - 1
#(0 0.00761035 0 0 0 0) - 1
#(0 0.00761035 0 0 0 0) - 1
#(0 0.00456621 0 0 0 0) - 1
#(0 0.00608828 0 0 0 0) - 1
#(0 0 0 0 0 0) - 0
#(0 0.01065449 0 0 0 0) - 1
#(0 0.01217656 0 0 0 0) - 1
#(0 0.00608828 0 0 0 0) - 1
#(0 0.00761035 0 0 0 0) - 1
#(0 0.00608828 0 0 0 0) - 1
#(0 0 0 0 0 0) - 0
#(0 0.00761035 0 0 0 0) - 1
#(0 0.00761035 0 0 0 0) - 1
#(0 0.01217656 0 0 0 0) - 1
#(0 0.00761035 0 0 0 0) - 1
#(0 0.00761035 0 0 0 0) - 1
#(0 0 0 0 0 0) - 0
#(0 0.01065449 0 0 0 0) - 1
#(0 0.00456621 0 0 0 0) - 1
#(0 0 0 0 0 0) - 0
#(0 0 0 0 0 0) - 0
#(0 0.01065449 0 0 0 0) - 1
#(0 0.0152207 0 0 0 0) - 1
#(0 0.00761035 0 0 0 0) - 1
#(0 0.00608828 0 0 0 0) - 1
#(0 0.00761035 0 0 0 0) - 1
#(0 0 0 0 0 0) - 0
#(0 0.02739726 0 0 0 0) - 1
#(0 0.00761035 0 0 0 0) - 1
#(0 0.00456621 0 0 0 0) - 1
#(0 0.01369863 0 0 0 0) - 1
#(0 0.01369863 0 0 0 0) - 1
#(0 0.00304414 0 0 0 0) - 1
#(0 0.00456621 0 0 0 0) - 1
#(0 0.00456621 0 0 0 0) - 1
#(0 0.00913242 0 0 0 0) - 1
#(0 0.00913242 0 0 0 0) - 1
#(0 0.00304414 0 0 0 0) - 1
#(0 0.00152207 0 0 0 0) - 1
#(0 0.00304414 0 0 0 0) - 1
#(0 0.00456621 0 0 0 0) - 1
#(0 0.00152207 0 0 0 0) - 1
#(0 0.00456621 0 0 0 0) - 1
#(0 0.00152207 0 0 0 0) - 1
#(0 0 0 0 0 0) - 0
#(0 0 0 0 0 0) - 0
#(0 0.00913242 0 0 0 0) - 1
#(0 0.00456621 0 0 0 0) - 1
#(0 0.00761035 0 0 0 0) - 1
#(0 0.03652968 0 0 0 0) - 1
#(0 0.00913242 0 0 0 0) - 1
#(0 0.01217656 0 0 0 0) - 1
#(0 0.00152207 0 0 0 0) - 1
#(0 0.00304414 0 0 0 0) - 1
#(0 0.00152207 0 0 0 0) - 1
#(0 0.01065449 0 0 0 0) - 1
#(0 0.03500761 0 0 0 0) - 1
#(0 0.00608828 0 0 0 0) - 1
#(0 0.12937595 0 0 0 0) - 1
#(0 0.00608828 0 0 0 0) - 1
#(0 0.01217656 0 0 0 0) - 1
#(0 0.01065449 0 0 0 0) - 1
#(0 0 0 0 0 0) - 0
#(0 0.00761035 0 0 0 0) - 1
#(0 0.00304414 0 0 0 0) - 1
#(0 0.00304414 0 0 0 0) - 1
#(0 0.01217656 0 0 0 0) - 1
#(0 0.02739726 0 0 0 0) - 1
#(0 0.00304414 0 0 0 0) - 1
#(0 0.00304414 0 0 0 0) - 1
#(0 0.00608828 0 0 0 0) - 1
#(0 0.00304414 0 0 0 0) - 1
#(0 0.00913242 0 0 0 0) - 1
#(0 0.00304414 0 0 0 0) - 1
#(0 0.00761035 0 0 0 0) - 1
#(0 0.00913242 0 0 0 0) - 1
#(0 0 0 0 0 0) - 0
#(0 0.00152207 0 0 0 0) - 1
#(0 0.00152207 0 0 0 0) - 1
#(0 0.00304414 0 0 0 0) - 1
#(0 0.00304414 0 0 0 0) - 1
#(0 0.01674277 0 0 0 0) - 1
#(0 0.00761035 0 0 0 0) - 1
#(0 0.01217656 0 0 0 0) - 1
#(0 0.00456621 0 0 0 0) - 1
#(0 0.00152207 0 0 0 0) - 1
#(0 0.00152207 0 0 0 0) - 1
#(0 0 0 0 0 0) - 0
#(0 0.00608828 0 0 0 0) - 1
#(0 0.00152207 0 0 0 0) - 1
#(0 0.00152207 0 0 0 0) - 1
#(0 0.01217656 0 0 0 0) - 1
#(0 0.00608828 0 0 0 0) - 1
#(0 0.00304414 0 0 0 0) - 1
#(0 0.01369863 0 0 0 0) - 1
#(0 0.00152207 0 0 0 0) - 1
#(0 0.0152207 0 0 0 0) - 1
#(0 0.01065449 0 0 0 0) - 1
#(0 0.01369863 0 0 0 0) - 1
#(0 0.01065449 0 0 0 0) - 1
#(0 0.01369863 0 0 0 0) - 1
#(0 0.00152207 0 0 0 0) - 1
#(0 0.00304414 0 0 0 0) - 1
#(0 0.0152207 0 0 0 0) - 1
#(0 0.07001522 0 0 0 0) - 1
#(0 0.019786911 0 0 0 0) - 1
#(0 0.00456621 0 0 0 0) - 1
#(0 0.019786911 0 0 0 0) - 1
#(0 0.00152207 0 0 0 0) - 1
#(0 0.10197869 0 0 0 0) - 1
#(0 0.00608828 0 0 0 0) - 1
#(0 0.00913242 0 0 0 0) - 1
#(0 0 0 0 0 0) - 0
#(0 0.0152207 0 0 0 0) - 1
#(0 0.00913242 0 0 0 0) - 1
#(0 0.00304414 0 0 0 0) - 1
#(0 0.00608828 0 0 0 0) - 1
#(0 0.01369863 0 0 0 0) - 1
#(0 0.00761035 0 0 0 0) - 1
#(0 0.00304414 0 0 0 0) - 1
#(0 0 0 0 0 0) - 0
#(0 0.00608828 0 0 0 0) - 1
#(0 0.00456621 0 0 0 0) - 1
#(0 0.00761035 0 0 0 0) - 1
#(0 0.01065449 0 0 0 0) - 1
#(0 0.00761035 0 0 0 0) - 1
#(0 0.00608828 0 0 0 0) - 1
#(0 0.00152207 0 0 0 0) - 1
#(0 0.00761035 0 0 0 0) - 1
#(0 0.00152207 0 0 0 0) - 1
#(0 0.00304414 0 0 0 0) - 1
#(0 0.00304414 0 0 0 0) - 1
#(0 0.00304414 0 0 0 0) - 1
#(0 0.00152207 0 0 0 0) - 1
#(0 0.00456621 0 0 0 0) - 1
#(0 0.13394216 0 0 0 0) - 1
#(0 0.00608828 0 0 0 0) - 1
#(0 0.00152207 0 0 0 0) - 1
#(0 0 0 0 0 0) - 0
#(0 0 0 0 0 0) - 0
#(0 0.00152207 0 0 0 0) - 1
#(0 0.00913242 0 0 0 0) - 1
#(0 0.00152207 0 0 0 0) - 1
#(0 0.02283105 0 0 0 0) - 1
#(0 0 0 0 0 0) - 0
#(0 0.02130898 0 0 0 0) - 1
#(0 0.00608828 0 0 0 0) - 1
#(0 0 0 0 0 0) - 0
#(0 0.00761035 0 0 0 0) - 1
#(0 0.09436834 0 0 0 0) - 1
#(0 0.00608828 0 0 0 0) - 1
#(0 0.00761035 0 0 0 0) - 1
#(0 0.01065449 0 0 0 0) - 1
#(0 0.00304414 0 0 0 0) - 1
#(0 0.04261796 0 0 0 0) - 1
#(0 0.00152207 0 0 0 0) - 1
#(0 0.00608828 0 0 0 0) - 1
#(0 0.00608828 0 0 0 0) - 1
#(0 0.00152207 0 0 0 0) - 1
#(0 0.00456621 0 0 0 0) - 1
#(0 0.00761035 0 0 0 0) - 1
#(0 0.00304414 0 0 0 0) - 1
#(0 0 0 0 0 0) - 0
#(0 0.00608828 0 0 0 0) - 1
#(0 0.01217656 0 0 0 0) - 1
#(0 0.01065449 0 0 0 0) - 1
#(0 0.00304414 0 0 0 0) - 1
#(0 0 0 0 0 0) - 0
#(0 0.00152207 0 0 0 0) - 1
#(0 0.00456621 0 0 0 0) - 1
#(0 0.00304414 0 0 0 0) - 1
#(0 0.053272452 0 0 0 0) - 1
#(0 0.00456621 0 0 0 0) - 1
#(0 0.01065449 0 0 0 0) - 1
#(0 0.00608828 0 0 0 0) - 1
#(0 0.00304414 0 0 0 0) - 1
#(0 0.00304414 0 0 0 0) - 1
#(0 0.00608828 0 0 0 0) - 1
#(0 0.01369863 0 0 0 0) - 1
#(0 0.00304414 0 0 0 0) - 1
#(0 0.00304414 0 0 0 0) - 1
#(0 0 0 0 0 0) - 0
#(0 0.00761035 0 0 0 0) - 1
#(0 0.00304414 0 0 0 0) - 1
#(0 0.00304414 0 0 0 0) - 1
#(0 0.00913242 0 0 0 0) - 1
#(0 0.01369863 0 0 0 0) - 1
#(0 0.01369863 0 0 0 0) - 1
#(0 0.09893455 0 0 0 0) - 1
#(0 0.00152207 0 0 0 0) - 1
#(0 0.01369863 0 0 0 0) - 1
#(0 0.01217656 0 0 0 0) - 1
#(0 0.01674277 0 0 0 0) - 1
#(0 0.00456621 0 0 0 0) - 1
#(0 0.01674277 0 0 0 0) - 1
#(0 0.00761035 0 0 0 0) - 1
#(0 0.00304414 0 0 0 0) - 1
#(0 0.07305936 0 0 0 0) - 1
#(0 0 0 0 0 0) - 0
#(0 0 0 0 0 0) - 0
#(0 0.00152207 0 0 0 0) - 1
#(0 0 0 0 0 0) - 0
#(0 0.00913242 0 0 0 0) - 1
#(0 0 0 0 0 0) - 0
#(0 0 0 0 0 0) - 0
#(0 0.00456621 0 0 0 0) - 1
#(0 0.00608828 0 0 0 0) - 1
#(0 0.00761035 0 0 0 0) - 1
#(0 0.00152207 0 0 0 0) - 1
#(0 0.00304414 0 0 0 0) - 1
#(0 0 0 0 0 0) - 0
#(0 0 0 0 0 0) - 0
#(0 0.00152207 0 0 0 0) - 1
#(0 0.00304414 0 0 0 0) - 1
#(0 0.00456621 0 0 0 0) - 1
#(0 0.00761035 0 0 0 0) - 1
#(0 0 0 0 0 0) - 0
#(0 0 0 0 0 0) - 0
#(0 0 0 0 0 0) - 0
#(0 0.00304414 0 0 0 0) - 1
#(0 0.00608828 0 0 0 0) - 1
#(0 0 0 0 0 0) - 0
#(0 0 0 0 0 0) - 0
#(0 0 0 0 0 0) - 0
#(0 0 0 0 0 0) - 0
#(0 0.00456621 0 0 0 0) - 1
#(0 0.00152207 0 0 0 0) - 1
#(0 0.00304414 0 0 0 0) - 1
#(0 0 0 0 0 0) - 0
#(0 0 0 0 0 0) - 0
#(0 0.00761035 0 0 0 0) - 1
#(0 0 0 0 0 0) - 0
#(0 0 0 0 0 0) - 0
#(0 0.00152207 0 0 0 0) - 1
#(0 0.00152207 0 0 0 0) - 1
#(0 0 0 0 0 0) - 0
#(0 0.01369863 0 0 0 0) - 1
#(0 0.00152207 0 0 0 0) - 1
#(0 0 0 0 0 0) - 0
#(0 0 0 0 0 0) - 0
#(0 0.00608828 0 0 0 0) - 1
#(0 0.00152207 0 0 0 0) - 1
#(0 0.00456621 0 0 0 0) - 1
#(0 0.00456621 0 0 0 0) - 1
#(0 0 0 0 0 0) - 0
#(0 0.00304414 0 0 0 0) - 1
#(0 0.00304414 0 0 0 0) - 1
#(0 0 0 0 0 0) - 0
#(0 0 0 0 0 0) - 0
#(0 0.00304414 0 0 0 0) - 1
#(0 0 0 0 0 0) - 0
#(0 0.00456621 0 0 0 0) - 1
#(0 0.00152207 0 0 0 0) - 1
#(0 0 0 0 0 0) - 0
#(0 0 0 0 0 0) - 0
#(0 0 0 0 0 0) - 0
#(0 0.00152207 0 0 0 0) - 1
#(0 0.00608828 0 0 0 0) - 1
#(0 0.00152207 0 0 0 0) - 1
#(0 0 0 0 0 0) - 0
#(0 0.00152207 0 0 0 0) - 1
#(0 0.00913242 0 0 0 0) - 1
#(0 0.00152207 0 0 0 0) - 1
#(0 0.00456621 0 0 0 0) - 1
#(0 0 0 0 0 0) - 0
#(0 0.00304414 0 0 0 0) - 1
#(0 0 0 0 0 0) - 0
#(0 0 0 0 0 0) - 0
#(0 0.00761035 0 0 0 0) - 1
#(0 0.00761035 0 0 0 0) - 1
#(0 0.00304414 0 0 0 0) - 1
#(0 0 0 0 0 0) - 0
#(0 0.01065449 0 0 0 0) - 1
#(0 0.00456621 0 0 0 0) - 1
#(0 0.019786911 0 0 0 0) - 1
#(0 0.01826484 0 0 0 0) - 1
#(0 0.01217656 0 0 0 0) - 1
#(0 0.00761035 0 0 0 0) - 1
#(0 0.02130898 0 0 0 0) - 1
#(0 0.00152207 0 0 0 0) - 1
#(0 0.00456621 0 0 0 0) - 1
#(0 0.00152207 0 0 0 0) - 1
#(0 0.00761035 0 0 0 0) - 1
#(0 0.01369863 0 0 0 0) - 1
#(0 0.00152207 0 0 0 0) - 1
#(0 0.00304414 0 0 0 0) - 1
#(0 0 0 0 0 0) - 0
#(0 0.01065449 0 0 0 0) - 1
#(0 0.00761035 0 0 0 0) - 1
#(0 0.00152207 0 0 0 0) - 1
#(0 0.00304414 0 0 0 0) - 1
#(0 0 0 0 0 0) - 0
#(0 0.00152207 0 0 0 0) - 1
#(0 0 0 0 0 0) - 0
#(0 0.01217656 0 0 0 0) - 1
#(0 0.00608828 0 0 0 0) - 1
#(0 0 0 0 0 0) - 0
#(0 0 0 0 0 0) - 0
#(0 0.0152207 0 0 0 0) - 1
#(0 0 0 0 0 0) - 0
#(0 0.00304414 0 0 0 0) - 1
#(0 0.01065449 0 0 0 0) - 1
#(0 0 0 0 0 0) - 0
#(0 0.00761035 0 0 0 0) - 1
#(0 0.00304414 0 0 0 0) - 1
#(0 0 0 0 0 0) - 0
#(0 0.00761035 0 0 0 0) - 1
#(0 0.00608828 0 0 0 0) - 1
#(0 0 0 0 0 0) - 0
#(0 0.00913242 0 0 0 0) - 1
#(0 0.00304414 0 0 0 0) - 1
#(0 0.00608828 0 0 0 0) - 1
#(0 0.00304414 0 0 0 0) - 1
#(0 0.00608828 0 0 0 0) - 1
#(0 0 0 0 0 0) - 0
#(0 0.00304414 0 0 0 0) - 1
#(0 0 0 0 0 0) - 0
#(0 0.01217656 0 0 0 0) - 1
#(0 0.00456621 0 0 0 0) - 1
#(0 0.00761035 0 0 0 0) - 1
#(0 0 0 0 0 0) - 0
#(0 0.00608828 0 0 0 0) - 1
#(0 0.00608828 0 0 0 0) - 1
#(0 0 0 0 0 0) - 0
#(0 0 0 0 0 0) - 0
#(0 0.00304414 0 0 0 0) - 1
#(0 0 0 0 0 0) - 0
#(0 0 0 0 0 0) - 0
#(0 0 0 0 0 0) - 0
#(0 0.00152207 0 0 0 0) - 1
#(0 0 0 0 0 0) - 0
#(0 0.00304414 0 0 0 0) - 1
#(0 0.00456621 0 0 0 0) - 1
#(0 0 0 0 0 0) - 0
#(0 0 0 0 0 0) - 0
#(0 0 0 0 0 0) - 0
#(0 0.00152207 0 0 0 0) - 1
#(0 0.00761035 0 0 0 0) - 1
#(0 0.00152207 0 0 0 0) - 1
#(0 0.00152207 0 0 0 0) - 1
#(0 0.00456621 0 0 0 0) - 1
#(0 0.00152207 0 0 0 0) - 1
#(0 0.00152207 0 0 0 0) - 1
#(0 0 0 0 0 0) - 0
#(0 0 0 0 0 0) - 0
#(0 0.00152207 0 0 0 0) - 1
#(0 0.00608828 0 0 0 0) - 1
#(0 0 0 0 0 0) - 0
#(0 0 0 0 0 0) - 0
#(0 0.05783866 0 0 0 0) - 1
#(0 0 0 0 0 0) - 0
#(0 0 0 0 0 0) - 0
#(0 0.00152207 0 0 0 0) - 1
#(0 0.00304414 0 0 0 0) - 1
#(0 0 0 0 0 0) - 0
#(0 0.00304414 0 0 0 0) - 1
#(0 0.01065449 0 0 0 0) - 1
#(0 0.01217656 0 0 0 0) - 1
#(0 0.01217656 0 0 0 0) - 1
#(0 0.00761035 0 0 0 0) - 1
#(0 0.01369863 0 0 0 0) - 1
#(0 0.00608828 0 0 0 0) - 1
#(0 0.02435312 0 0 0 0) - 1
#(0 0.01826484 0 0 0 0) - 1
#(0 0.02739726 0 0 0 0) - 1
#(0 0.00608828 0 0 0 0) - 1
#(0 0.0152207 0 0 0 0) - 1
#(0 0.00304414 0 0 0 0) - 1
#(0 0.00761035 0 0 0 0) - 1
#(0 0.0152207 0 0 0 0) - 1
#(0 0 0 0 0 0) - 0
#(0 0 0 0 0 0) - 0
#(0 0.00913242 0 0 0 0) - 1
#(0 0.0152207 0 0 0 0) - 1
#(0 0.00152207 0 0 0 0) - 1
#(0 0.00913242 0 0 0 0) - 1
#(0 0.02739726 0 0 0 0) - 1
#(0 0.01217656 0 0 0 0) - 1
#(0 0.00152207 0 0 0 0) - 1
#(0 0.00304414 0 0 0 0) - 1
#(0 0.01674277 0 0 0 0) - 1
#(0 0.00761035 0 0 0 0) - 1
#(0 0.01065449 0 0 0 0) - 1
#(0 0 0 0 0 0) - 0
#(0 0.00761035 0 0 0 0) - 1
#(0 0.01674277 0 0 0 0) - 1
#(0 0.00913242 0 0 0 0) - 1
#(0 0 0 0 0 0) - 0
#(0 0.01217656 0 0 0 0) - 1
#(0 0.01065449 0 0 0 0) - 1
#(0 0.01369863 0 0 0 0) - 1
#(0 0.01217656 0 0 0 0) - 1
#(0 0.01369863 0 0 0 0) - 1
#(0 0.01065449 0 0 0 0) - 1
#(0 0.01217656 0 0 0 0) - 1
#(0 0.01217656 0 0 0 0) - 1
#(0 0.00913242 0 0 0 0) - 1
#(0 0.00913242 0 0 0 0) - 1
#(0 0.01217656 0 0 0 0) - 1
#(0 0.00608828 0 0 0 0) - 1
#(0 0.00761035 0 0 0 0) - 1
#(0 0.00913242 0 0 0 0) - 1
#(0 0.00913242 0 0 0 0) - 1
#(0 0.00913242 0 0 0 0) - 1
#(0 0.00913242 0 0 0 0) - 1
#(0 0.02587519 0 0 0 0) - 1
#(0 0.02891933 0 0 0 0) - 1
#(0 0.00913242 0 0 0 0) - 1
#(0 0.01674277 0 0 0 0) - 1
#(0 0.0152207 0 0 0 0) - 1
#(0 0.01217656 0 0 0 0) - 1
#(0 0.00761035 0 0 0 0) - 1
#(0 0.08066971 0 0 0 0) - 1
#(0 0.06849315 0 0 0 0) - 1
#(0 0.08066971 0 0 0 0) - 1
#(0 0.06697108 0 0 0 0) - 1
#(0 0.09893455 0 0 0 0) - 1
#(0 0.05936073 0 0 0 0) - 1
#(0 0.053272452 0 0 0 0) - 1
#(0 0.05936073 0 0 0 0) - 1
#(0 0.07458143 0 0 0 0) - 1
#(0 0.04109589 0 0 0 0) - 1
#(0 0.05022831 0 0 0 0) - 1
#(0 0.04109589 0 0 0 0) - 1
#(0 0.02435312 0 0 0 0) - 1
#(0 0.02435312 0 0 0 0) - 1
#(0 0.039573822 0 0 0 0) - 1
#(0 0.03805175 0 0 0 0) - 1
#(0 0.02435312 0 0 0 0) - 1
#(0 0.03348554 0 0 0 0) - 1
#(0 0.03652968 0 0 0 0) - 1
#(0 0.05175038 0 0 0 0) - 1
#(0 0.03652968 0 0 0 0) - 1
#(0 0.03348554 0 0 0 0) - 1
#(0 0.05479452 0 0 0 0) - 1
#(0 0.05631659 0 0 0 0) - 1
#(0 0.03652968 0 0 0 0) - 1
#(0 0.05022831 0 0 0 0) - 1
#(0 0.04414003 0 0 0 0) - 1
#(0 0.10502283 0 0 0 0) - 1
#(0 0.04718417 0 0 0 0) - 1
#(0 0.10502283 0 0 0 0) - 1
#(0 0.08066971 0 0 0 0) - 1
#(0 0.04261796 0 0 0 0) - 1
#(0 0.03652968 0 0 0 0) - 1
#(0 0.05783866 0 0 0 0) - 1
#(0 0.03805175 0 0 0 0) - 1
#(0 0.04870624 0 0 0 0) - 1
#(0 0.04261796 0 0 0 0) - 1
#(0 0.03652968 0 0 0 0) - 1
#(0 0.02891933 0 0 0 0) - 1
#(0 0.02891933 0 0 0 0) - 1
#(0 0.03500761 0 0 0 0) - 1
#(0 0.05631659 0 0 0 0) - 1
#(0 0.04414003 0 0 0 0) - 1
#(0 0.05175038 0 0 0 0) - 1
#(0 0.08371385 0 0 0 0) - 1
#(0 0.07458143 0 0 0 0) - 1
#(0 0.08371385 0 0 0 0) - 1
#(0 0.06697108 0 0 0 0) - 1
#(0 0.07153729 0 0 0 0) - 1
#(0 0.05936073 0 0 0 0) - 1
#(0 0.04109589 0 0 0 0) - 1
#(0 0.02130898 0 0 0 0) - 1
#(0 0.04261796 0 0 0 0) - 1
#(0 0.04718417 0 0 0 0) - 1
#(0 0.039573822 0 0 0 0) - 1
#(0 0.03652968 0 0 0 0) - 1
#(0 0.03500761 0 0 0 0) - 1
#(0 0.0608828 0 0 0 0) - 1
#(0 0.04718417 0 0 0 0) - 1
#(0 0.03500761 0 0 0 0) - 1
#(0 0.03196347 0 0 0 0) - 1
#(0 0.03652968 0 0 0 0) - 1
#(0 0.03500761 0 0 0 0) - 1
#(0 0.02587519 0 0 0 0) - 1
#(0 0.00152207 0 0 0 0) - 1
#(0 0.00456621 0 0 0 0) - 1
#(0 0.00913242 0 0 0 0) - 1
#(0 0 0 0 0 0) - 0
#(0 0.00456621 0 0 0 0) - 1
#(0 0.01065449 0 0 0 0) - 1
#(0 0.00152207 0 0 0 0) - 1
#(0 0.00761035 0 0 0 0) - 1
#(0 0.00608828 0 0 0 0) - 1
#(0 0.00608828 0 0 0 0) - 1
#(0 0.01065449 0 0 0 0) - 1
#(0 0.00761035 0 0 0 0) - 1
#(0 0 0 0 0 0) - 0
#(0 0 0 0 0 0) - 0
#(0 0.00304414 0 0 0 0) - 1
#(0 0.00304414 0 0 0 0) - 1
#(0 0 0 0 0 0) - 0
#(0 0.00761035 0 0 0 0) - 1
#(0 0.00456621 0 0 0 0) - 1
#(0 0.00152207 0 0 0 0) - 1
#(0 0.00304414 0 0 0 0) - 1
#(0 0.00152207 0 0 0 0) - 1
#(0 0 0 0 0 0) - 0
#(0 0.00304414 0 0 0 0) - 1
#(0 0.00152207 0 0 0 0) - 1
#(0 0.00761035 0 0 0 0) - 1
#(0 0.00152207 0 0 0 0) - 1
#(0 0 0 0 0 0) - 0
#(0 0.00304414 0 0 0 0) - 1
#(0 0 0 0 0 0) - 0
#(0 0 0 0 0 0) - 0
#(0 0.00152207 0 0 0 0) - 1
#(0 0 0 0 0 0) - 0
#(0 0.00304414 0 0 0 0) - 1
#(0 0 0 0 0 0) - 0
#(0 0.00608828 0 0 0 0) - 1
#(0 0.01065449 0 0 0 0) - 1
#(0 0.00456621 0 0 0 0) - 1
#(0 0.00608828 0 0 0 0) - 1
#(0 0 0 0 0 0) - 0
#(0 0 0 0 0 0) - 0
#(0 0.00152207 0 0 0 0) - 1
#(0 0.00456621 0 0 0 0) - 1
#(0 0.00913242 0 0 0 0) - 1
#(0 0.00152207 0 0 0 0) - 1
#(0 0.00608828 0 0 0 0) - 1
#(0 0 0 0 0 0) - 0
#(0 0.01065449 0 0 0 0) - 1
#(0 0 0 0 0 0) - 0
#(0 0 0 0 0 0) - 0
#(0 0 0 0 0 0) - 0
#(0 0 0 0 0 0) - 0
#(0 0.00304414 0 0 0 0) - 1
#(0 0.00304414 0 0 0 0) - 1
#(0 0.00152207 0 0 0 0) - 1
#(0 0.00761035 0 0 0 0) - 1
#(0 0.00304414 0 0 0 0) - 1
#(0 0.00304414 0 0 0 0) - 1
#(0 0.00152207 0 0 0 0) - 1
#(0 0.00608828 0 0 0 0) - 1
#(0 0.00608828 0 0 0 0) - 1
#(0 0 0 0 0 0) - 0
#(0 0.00761035 0 0 0 0) - 1
#(0 0.01065449 0 0 0 0) - 1
#(0 0.00304414 0 0 0 0) - 1
#(0 0.0152207 0 0 0 0) - 1
#(0 0.00761035 0 0 0 0) - 1
#(0 0.019786911 0 0 0 0) - 1
#(0 0.00761035 0 0 0 0) - 1
#(0 0.019786911 0 0 0 0) - 1
#(0 0.04261796 0 0 0 0) - 1
#(0 0 0 0 0 0) - 0
#(0 0.00152207 0 0 0 0) - 1
#(0 0.0152207 0 0 0 0) - 1
#(0 0.01369863 0 0 0 0) - 1
#(0 0.00152207 0 0 0 0) - 1
#(0 0.00608828 0 0 0 0) - 1
#(0 0 0 0 0 0) - 0
#(0 0.00152207 0 0 0 0) - 1
#(0 0.00152207 0 0 0 0) - 1
#(0 0.00152207 0 0 0 0) - 1
#(0 0.01826484 0 0 0 0) - 1
#(0 0.00456621 0 0 0 0) - 1
#(0 0.00608828 0 0 0 0) - 1
#(0 0.00913242 0 0 0 0) - 1
#(0 0.00608828 0 0 0 0) - 1
#(0 0 0 0 0 0) - 0
#(0 0.00304414 0 0 0 0) - 1
#(0 0.00152207 0 0 0 0) - 1
#(0 0.00304414 0 0 0 0) - 1
#(0 0.00152207 0 0 0 0) - 1
#(0 0.00456621 0 0 0 0) - 1
#(0 0.01217656 0 0 0 0) - 1
#(0 0.00608828 0 0 0 0) - 1
#(0 0.00456621 0 0 0 0) - 1
#(0 0.0152207 0 0 0 0) - 1
#(0 0.01369863 0 0 0 0) - 1
#(0 0.00304414 0 0 0 0) - 1
#(0 0 0 0 0 0) - 0
#(0 0 0 0 0 0) - 0
#(0 0 0 0 0 0) - 0
#(0 0.00152207 0 0 0 0) - 1
#(0 0.00456621 0 0 0 0) - 1
#(0 0.00761035 0 0 0 0) - 1
#(0 0.00608828 0 0 0 0) - 1
#(0 0.00304414 0 0 0 0) - 1
#(0 0.01217656 0 0 0 0) - 1
#(0 0 0 0 0 0) - 0
#(0 0.00761035 0 0 0 0) - 1
#(0 0.01217656 0 0 0 0) - 1
#(0 0.00761035 0 0 0 0) - 1
#(0 0.08675799 0 0 0 0) - 1
#(0 0.01065449 0 0 0 0) - 1
#(0 0.00152207 0 0 0 0) - 1
#(0 0.00304414 0 0 0 0) - 1
#(0 0.00761035 0 0 0 0) - 1
#(0 0.00608828 0 0 0 0) - 1
#(0 0.00304414 0 0 0 0) - 1
#(0 0.00913242 0 0 0 0) - 1
#(0 0.00152207 0 0 0 0) - 1
#(0 0.01217656 0 0 0 0) - 1
#(0 0.00608828 0 0 0 0) - 1
#(0 0.00152207 0 0 0 0) - 1
#(0 0.01065449 0 0 0 0) - 1
#(0 0.0152207 0 0 0 0) - 1
#(0 0.0152207 0 0 0 0) - 1
#(0 0 0 0 0 0) - 0
#(0 0.00913242 0 0 0 0) - 1
#(0 0.00608828 0 0 0 0) - 1
#(0 0.00608828 0 0 0 0) - 1
#(0 0.00456621 0 0 0 0) - 1
#(0 0.00304414 0 0 0 0) - 1
#(0 0.00761035 0 0 0 0) - 1
#(0 0.00152207 0 0 0 0) - 1
#(0 0.00152207 0 0 0 0) - 1
#(0 0.00304414 0 0 0 0) - 1
#(0 0.01217656 0 0 0 0) - 1
#(0 0.00304414 0 0 0 0) - 1
#(0 0.00761035 0 0 0 0) - 1
#(0 0 0 0 0 0) - 0
#(0 0.00304414 0 0 0 0) - 1
#(0 0.00304414 0 0 0 0) - 1
#(0 0.00608828 0 0 0 0) - 1
#(0 0.00761035 0 0 0 0) - 1
#(0 0.00608828 0 0 0 0) - 1
#(0 0 0 0 0 0) - 0
#(0 0.01674277 0 0 0 0) - 1
#(0 0.00304414 0 0 0 0) - 1
#(0 0.00456621 0 0 0 0) - 1
#(0 0.01217656 0 0 0 0) - 1
#(0 0.00761035 0 0 0 0) - 1
#(0 0.00456621 0 0 0 0) - 1
#(0 0 0 0 0 0) - 0
#(0 0.00761035 0 0 0 0) - 1
#(0 0 0 0 0 0) - 0
#(0 0 0 0 0 0) - 0
#(0 0.00608828 0 0 0 0) - 1
#(0 0.00152207 0 0 0 0) - 1
#(0 0.00608828 0 0 0 0) - 1
#(0 0.01065449 0 0 0 0) - 1
#(0 0.01217656 0 0 0 0) - 1
#(0 0.00304414 0 0 0 0) - 1
#(0 0.00456621 0 0 0 0) - 1
#(0 0.00608828 0 0 0 0) - 1
#(0 0.01217656 0 0 0 0) - 1
#(0 0.00456621 0 0 0 0) - 1
#(0 0.00304414 0 0 0 0) - 1
#(0 0.00761035 0 0 0 0) - 1
#(0 0.01674277 0 0 0 0) - 1
#(0 0 0 0 0 0) - 0
#(0 0.01065449 0 0 0 0) - 1
#(0 0.01065449 0 0 0 0) - 1
#(0 0.00152207 0 0 0 0) - 1
#(0 0.00608828 0 0 0 0) - 1
#(0 0.01065449 0 0 0 0) - 1
#(0 0.00608828 0 0 0 0) - 1
#(0 0 0 0 0 0) - 0
#(0 0.01065449 0 0 0 0) - 1
#(0 0.00304414 0 0 0 0) - 1
#(0 0 0 0 0 0) - 0
#(0 0.00761035 0 0 0 0) - 1
#(0 0.01826484 0 0 0 0) - 1
#(0 0.00761035 0 0 0 0) - 1
#(0 0 0 0 0 0) - 0
#(0 0.00761035 0 0 0 0) - 1
#(0 0.00456621 0 0 0 0) - 1
#(0 0 0 0 0 0) - 0
#(0 0.00913242 0 0 0 0) - 1
#(0 0.00304414 0 0 0 0) - 1
#(0 0.00304414 0 0 0 0) - 1
#(0 0.00913242 0 0 0 0) - 1
#(0 0 0 0 0 0) - 0
#(0 0.00152207 0 0 0 0) - 1
#(0 0.00152207 0 0 0 0) - 1
#(0 0.00304414 0 0 0 0) - 1
#(0 0.01217656 0 0 0 0) - 1
#(0 0 0 0 0 0) - 0
#(0 0 0 0 0 0) - 0
#(0 0 0 0 0 0) - 0
#(0 0 0 0 0 0) - 0
#(0 0 0 0 0 0) - 0
#(0 0.01217656 0 0 0 0) - 1
#(0 0.00304414 0 0 0 0) - 1
#(0 0.00152207 0 0 0 0) - 1
#(0 0.00304414 0 0 0 0) - 1
#(0 0.0152207 0 0 0 0) - 1
#(0 0.00913242 0 0 0 0) - 1
#(0 0 0 0 0 0) - 0
#(0 0.01065449 0 0 0 0) - 1
#(0 0.00761035 0 0 0 0) - 1
#(0 0.00456621 0 0 0 0) - 1
#(0 0.00304414 0 0 0 0) - 1
#(0 0 0 0 0 0) - 0
#(0 0.00152207 0 0 0 0) - 1
#(0 0 0 0 0 0) - 0
#(0 0.01369863 0 0 0 0) - 1
#(0 0 0 0 0 0) - 0
#(0 0 0 0 0 0) - 0
#(0 0 0 0 0 0) - 0
#(0 0.00913242 0 0 0 0) - 1
#(0 0.00152207 0 0 0 0) - 1
#(0 0.00761035 0 0 0 0) - 1
#(0 0.00761035 0 0 0 0) - 1
#(0 0.00913242 0 0 0 0) - 1
#(0 0.01826484 0 0 0 0) - 1
#(0 0.03805175 0 0 0 0) - 1
#(0 0.019786911 0 0 0 0) - 1
#(0 0.02739726 0 0 0 0) - 1
#(0 0.02435312 0 0 0 0) - 1
#(0 0.03652968 0 0 0 0) - 1
#(0 0.02739726 0 0 0 0) - 1
#(0 0.01369863 0 0 0 0) - 1
#(0 0.03805175 0 0 0 0) - 1
#(0 0.02435312 0 0 0 0) - 1
#(0 0.02283105 0 0 0 0) - 1
#(0 0.03652968 0 0 0 0) - 1
#(0 0.02739726 0 0 0 0) - 1
#(0 0.04109589 0 0 0 0) - 1
#(0 0.02435312 0 0 0 0) - 1
#(0 0.04109589 0 0 0 0) - 1
#(0 0.03348554 0 0 0 0) - 1
#(0 0.02283105 0 0 0 0) - 1
#(0 0.0152207 0 0 0 0) - 1
#(0 0.02435312 0 0 0 0) - 1
#(0 0.04109589 0 0 0 0) - 1
#(0 0.03348554 0 0 0 0) - 1
#(0 0.0304414 0 0 0 0) - 1
#(0 0.03500761 0 0 0 0) - 1
#(0 0.02739726 0 0 0 0) - 1
#(0 0.01826484 0 0 0 0) - 1
#(0 0.06849315 0 0 0 0) - 1
#(0 0.02891933 0 0 0 0) - 1
#(0 0.0456621 0 0 0 0) - 1
#(0 0.06697108 0 0 0 0) - 1
#(0 0.06697108 0 0 0 0) - 1
#(0 0.0304414 0 0 0 0) - 1
#(0 0.04109589 0 0 0 0) - 1
#(0 0.03196347 0 0 0 0) - 1
#(0 0.04718417 0 0 0 0) - 1
#(0 0.04109589 0 0 0 0) - 1
#(0 0.02739726 0 0 0 0) - 1
#(0 0.04414003 0 0 0 0) - 1
#(0 0.03652968 0 0 0 0) - 1
#(0 0.053272452 0 0 0 0) - 1
#(0 0.02739726 0 0 0 0) - 1
#(0 0.0456621 0 0 0 0) - 1
#(0 0.03196347 0 0 0 0) - 1
#(0 0.03500761 0 0 0 0) - 1
#(0 0.04261796 0 0 0 0) - 1
#(0 0.03805175 0 0 0 0) - 1
#(0 0.05022831 0 0 0 0) - 1
#(0 0.07762557 0 0 0 0) - 1
#(0 0.03805175 0 0 0 0) - 1
#(0 0.04870624 0 0 0 0) - 1
#(0 0.03348554 0 0 0 0) - 1
#(0 0.02435312 0 0 0 0) - 1
#(0 0.04414003 0 0 0 0) - 1
#(0 0.02891933 0 0 0 0) - 1
#(0 0.0456621 0 0 0 0) - 1
#(0 0.03500761 0 0 0 0) - 1
#(0 0.03652968 0 0 0 0) - 1
#(0 0.03196347 0 0 0 0) - 1
#(0 0.03652968 0 0 0 0) - 1
#(0 0.03652968 0 0 0 0) - 1
#(0 0.03652968 0 0 0 0) - 1
#(0 0 0 0 0 0) - 0
#(0 0 0 0 0 0) - 0
#(0 0.0152207 0 0 0 0) - 1
#(0 0.00913242 0 0 0 0) - 1
#(0 0.0152207 0 0 0 0) - 1
#(0 0.01217656 0 0 0 0) - 1
#(0 0.00304414 0 0 0 0) - 1
#(0 0.00761035 0 0 0 0) - 1
#(0 0.00456621 0 0 0 0) - 1
#(0 0.00456621 0 0 0 0) - 1
#(0 0.019786911 0 0 0 0) - 1
#(0 0.00761035 0 0 0 0) - 1
#(0 0.00608828 0 0 0 0) - 1
#(0 0.00152207 0 0 0 0) - 1
#(0 0.10045662 0 0 0 0) - 1
#(0 0.00152207 0 0 0 0) - 1
#(0 0.00761035 0 0 0 0) - 1
#(0 0.00304414 0 0 0 0) - 1
#(0 0.00456621 0 0 0 0) - 1
#(0 0.00304414 0 0 0 0) - 1
#(0 0.00152207 0 0 0 0) - 1
#(0 0.00456621 0 0 0 0) - 1
#(0 0 0 0 0 0) - 0
#(0 0.00913242 0 0 0 0) - 1
#(0 0.00456621 0 0 0 0) - 1
#(0 0.00761035 0 0 0 0) - 1
#(0 0.01217656 0 0 0 0) - 1
#(0 0.10958904 0 0 0 0) - 1
#(0 0.07153729 0 0 0 0) - 1
#(0 0.079147644 0 0 0 0) - 1
#(0 0.00456621 0 0 0 0) - 1
#(0 0.02130898 0 0 0 0) - 1
#(0 0.019786911 0 0 0 0) - 1
#(0 0 0 0 0 0) - 0
#(0 0 0 0 0 0) - 0
#(0 0.0152207 0 0 0 0) - 1
#(0 0.00913242 0 0 0 0) - 1
#(0 0.0152207 0 0 0 0) - 1
#(0 0.01217656 0 0 0 0) - 1
#(0 0.00304414 0 0 0 0) - 1
#(0 0.01065449 0 0 0 0) - 1
#(0 0.00152207 0 0 0 0) - 1
#(0 0.00152207 0 0 0 0) - 1
#(0 0.00304414 0 0 0 0) - 1
#(0 0.019786911 0 0 0 0) - 1
#(0 0.00456621 0 0 0 0) - 1
#(0 0.00913242 0 0 0 0) - 1
#(0 0.0152207 0 0 0 0) - 1
#(0 0.10806697 0 0 0 0) - 1
#(0 0.00304414 0 0 0 0) - 1
#(0 0.01674277 0 0 0 0) - 1
#(0 0.00152207 0 0 0 0) - 1
#(0 0.01217656 0 0 0 0) - 1
#(0 0.00152207 0 0 0 0) - 1
#(0 0.00913242 0 0 0 0) - 1
#(0 0.00913242 0 0 0 0) - 1
#(0 0.00608828 0 0 0 0) - 1
#(0 0.00456621 0 0 0 0) - 1
#(0 0.02739726 0 0 0 0) - 1
#(0 0.00152207 0 0 0 0) - 1
#(0 0.00304414 0 0 0 0) - 1
#(0 0.00456621 0 0 0 0) - 1
#(0 0.00761035 0 0 0 0) - 1
#(0 0.02891933 0 0 0 0) - 1
#(0 0.00456621 0 0 0 0) - 1
#(0 0.00913242 0 0 0 0) - 1
#(0 0.00152207 0 0 0 0) - 1
#(0 0.00761035 0 0 0 0) - 1
#(0 0.02130898 0 0 0 0) - 1
#(0 0.019786911 0 0 0 0) - 1
#(0 0.02587519 0 0 0 0) - 1
#(0 0.0304414 0 0 0 0) - 1
#(0 0.03500761 0 0 0 0) - 1
#(0 0.019786911 0 0 0 0) - 1
#(0 0.0304414 0 0 0 0) - 1
#(0 0.02435312 0 0 0 0) - 1
#(0 0.0304414 0 0 0 0) - 1
#(0 0.02130898 0 0 0 0) - 1
#(0 0.03196347 0 0 0 0) - 1
#(0 0.02435312 0 0 0 0) - 1
#(0 0.02283105 0 0 0 0) - 1
#(0 0.03500761 0 0 0 0) - 1
#(0 0.02739726 0 0 0 0) - 1
#(0 0.0304414 0 0 0 0) - 1
#(0 0.03348554 0 0 0 0) - 1
#(0 0.02891933 0 0 0 0) - 1
#(0 0.02587519 0 0 0 0) - 1
#(0 0.02435312 0 0 0 0) - 1
#(0 0.02739726 0 0 0 0) - 1
#(0 0.0152207 0 0 0 0) - 1
#(0 0.02283105 0 0 0 0) - 1
#(0 0.0304414 0 0 0 0) - 1
#(0 0.01826484 0 0 0 0) - 1
#(0 0.02587519 0 0 0 0) - 1
#(0 0.03196347 0 0 0 0) - 1
#(0 0.02739726 0 0 0 0) - 1
#(0 0.03348554 0 0 0 0) - 1
#(0 0.019786911 0 0 0 0) - 1
#(0 0.02283105 0 0 0 0) - 1
#(0 0.019786911 0 0 0 0) - 1
#(0 0.02283105 0 0 0 0) - 1
#(0 0.02739726 0 0 0 0) - 1
#(0 0.03196347 0 0 0 0) - 1
#(0 0.02891933 0 0 0 0) - 1
#(0 0.019786911 0 0 0 0) - 1
#(0 0.02587519 0 0 0 0) - 1
#(0 0.02587519 0 0 0 0) - 1
#(0 0.02283105 0 0 0 0) - 1
#(0 0.0304414 0 0 0 0) - 1
#(0 0.03500761 0 0 0 0) - 1
#(0 0.019786911 0 0 0 0) - 1
#(0 0.03500761 0 0 0 0) - 1
#(0 0.0304414 0 0 0 0) - 1
#(0 0.019786911 0 0 0 0) - 1
#(0 0.03348554 0 0 0 0) - 1
#(0 0.0304414 0 0 0 0) - 1
#(0 0.02739726 0 0 0 0) - 1
#(0 0.01369863 0 0 0 0) - 1
#(0 0.02587519 0 0 0 0) - 1
#(0 0.0304414 0 0 0 0) - 1
#(0 0.0304414 0 0 0 0) - 1
#(0 0.03196347 0 0 0 0) - 1
#(0 0.02283105 0 0 0 0) - 1
#(0 0.02891933 0 0 0 0) - 1
#(0 0.019786911 0 0 0 0) - 1
#(0 0.01065449 0 0 0 0) - 1
#(0 0.03196347 0 0 0 0) - 1
#(0 0.0152207 0 0 0 0) - 1
#(0 0.03196347 0 0 0 0) - 1
#(0 0.01826484 0 0 0 0) - 1
#(0 0.01217656 0 0 0 0) - 1
#(0 0.03196347 0 0 0 0) - 1
#(0 0.00304414 0 0 0 0) - 1
#(0 0.00608828 0 0 0 0) - 1
#(0 0.01826484 0 0 0 0) - 1
#(0 0.00913242 0 0 0 0) - 1
#(0 0 0 0 0 0) - 0
#(0 0.00152207 0 0 0 0) - 1
#(0 0.00456621 0 0 0 0) - 1
#(0 0.00152207 0 0 0 0) - 1
#(0 0.00152207 0 0 0 0) - 1
#(0 0.02130898 0 0 0 0) - 1
#(0 0.00608828 0 0 0 0) - 1
#(0 0.00304414 0 0 0 0) - 1
#(0 0.00456621 0 0 0 0) - 1
#(0 0.00456621 0 0 0 0) - 1
#(0 0 0 0 0 0) - 0
#(0 0.00913242 0 0 0 0) - 1
#(0 0.01065449 0 0 0 0) - 1
#(0 0.00608828 0 0 0 0) - 1
#(0 0.02435312 0 0 0 0) - 1
#(0 0.02739726 0 0 0 0) - 1
#(0 0.00456621 0 0 0 0) - 1
#(0 0.00761035 0 0 0 0) - 1
#(0 0.0456621 0 0 0 0) - 1
#(0 0.019786911 0 0 0 0) - 1
#(0 0 0 0 0 0) - 0
#(0 0.01826484 0 0 0 0) - 1
#(0 0.01065449 0 0 0 0) - 1
#(0 0.00152207 0 0 0 0) - 1
#(0 0.00152207 0 0 0 0) - 1
#(0 0.01369863 0 0 0 0) - 1
#(0 0.00456621 0 0 0 0) - 1
#(0 0.03196347 0 0 0 0) - 1
#(0 0.00456621 0 0 0 0) - 1
#(0 0.02130898 0 0 0 0) - 1
#(0 0.00608828 0 0 0 0) - 1
#(0 0.019786911 0 0 0 0) - 1
#(0 0 0 0 0 0) - 0
#(0 0.02130898 0 0 0 0) - 1
#(0 0.02435312 0 0 0 0) - 1
#(0 0.00456621 0 0 0 0) - 1
#(0 0.00913242 0 0 0 0) - 1
#(0 0.01369863 0 0 0 0) - 1
#(0 0.00152207 0 0 0 0) - 1
#(0 0.00152207 0 0 0 0) - 1
#(0 0.0152207 0 0 0 0) - 1
#(0 0.01217656 0 0 0 0) - 1
#(0 0.019786911 0 0 0 0) - 1
#(0 0.00913242 0 0 0 0) - 1
#(0 0.01217656 0 0 0 0) - 1
#(0 0.00456621 0 0 0 0) - 1
#(0 0.00456621 0 0 0 0) - 1
#(0 0 0 0 0 0) - 0
#(0 0.00304414 0 0 0 0) - 1
#(0 0.00152207 0 0 0 0) - 1
#(0 0 0 0 0 0) - 0
#(0 0.01065449 0 0 0 0) - 1
#(0 0.00913242 0 0 0 0) - 1
#(0 0.00152207 0 0 0 0) - 1
#(0 0.00152207 0 0 0 0) - 1
#(0 0.00761035 0 0 0 0) - 1
#(0 0 0 0 0 0) - 0
#(0 0.06240487 0 0 0 0) - 1
#(0 0.04414003 0 0 0 0) - 1
#(0 0.053272452 0 0 0 0) - 1
#(0 0.00152207 0 0 0 0) - 1
#(0 0 0 0 0 0) - 0
#(0 0.01217656 0 0 0 0) - 1
#(0 0.00152207 0 0 0 0) - 1
#(0 0.00913242 0 0 0 0) - 1
#(0 0 0 0 0 0) - 0
#(0 0.02587519 0 0 0 0) - 1
#(0 0.06240487 0 0 0 0) - 1
#(0 0.04414003 0 0 0 0) - 1
#(0 0.053272452 0 0 0 0) - 1
#(0 0.00152207 0 0 0 0) - 1
#(0 0 0 0 0 0) - 0
#(0 0.02435312 0 0 0 0) - 1
#(0 0.00761035 0 0 0 0) - 1
#(0 0.02130898 0 0 0 0) - 1
#(0 0.00152207 0 0 0 0) - 1
#(0 0.01065449 0 0 0 0) - 1
#(0 0.00304414 0 0 0 0) - 1
#(0 0.02891933 0 0 0 0) - 1
#(0 0.02435312 0 0 0 0) - 1
#(0 0.00608828 0 0 0 0) - 1
#(0 0.01826484 0 0 0 0) - 1
#(0 0.01369863 0 0 0 0) - 1
#(0 0.01826484 0 0 0 0) - 1
#(0 0.02283105 0 0 0 0) - 1
#(0 0.05783866 0 0 0 0) - 1
#(0 0.04261796 0 0 0 0) - 1
#(0 0.04870624 0 0 0 0) - 1
#(0 0.00152207 0 0 0 0) - 1
#(0 0 0 0 0 0) - 0
#(0 0.00456621 0 0 0 0) - 1
#(0 0.00456621 0 0 0 0) - 1
#(0 0.02283105 0 0 0 0) - 1
#(0 0.00608828 0 0 0 0) - 1
#(0 0.02283105 0 0 0 0) - 1
#(0 0.00456621 0 0 0 0) - 1
#(0 0 0 0 0 0) - 0
#(0 0.01065449 0 0 0 0) - 1
#(0 0.00608828 0 0 0 0) - 1
#(0 0.00761035 0 0 0 0) - 1
#(0 0.00761035 0 0 0 0) - 1
#(0 0.02435312 0 0 0 0) - 1
#(0 0.019786911 0 0 0 0) - 1
#(0 0.01217656 0 0 0 0) - 1
#(0 0 0 0 0 0) - 0
#(0 0.00456621 0 0 0 0) - 1
#(0 0 0 0 0 0) - 0
#(0 0.0608828 0 0 0 0) - 1
#(0 0.01369863 0 0 0 0) - 1
#(0 0.02283105 0 0 0 0) - 1
#(0 0.00913242 0 0 0 0) - 1
#(0 0.01369863 0 0 0 0) - 1
#(0 0.01674277 0 0 0 0) - 1
#(0 0 0 0 0 0) - 0
#(0 0 0 0 0 0) - 0
#(0 0.00152207 0 0 0 0) - 1
#(0 0 0 0 0 0) - 0
#(0 0 0 0 0 0) - 0
#(0 0.00456621 0 0 0 0) - 1
#(0 0.00608828 0 0 0 0) - 1
#(0 0.00304414 0 0 0 0) - 1
#(0 0.00608828 0 0 0 0) - 1
#(0 0.00152207 0 0 0 0) - 1
#(0 0.00152207 0 0 0 0) - 1
#(0 0.00761035 0 0 0 0) - 1
#(0 0 0 0 0 0) - 0
#(0 0 0 0 0 0) - 0
#(0 0.00152207 0 0 0 0) - 1
#(0 0.00608828 0 0 0 0) - 1
#(0 0.00152207 0 0 0 0) - 1
#(0 0.00761035 0 0 0 0) - 1
#(0 0.00152207 0 0 0 0) - 1
#(0 0.00304414 0 0 0 0) - 1
#(0 0.00304414 0 0 0 0) - 1
#(0 0.00913242 0 0 0 0) - 1
#(0 0.00913242 0 0 0 0) - 1
#(0 0.00152207 0 0 0 0) - 1
#(0 0 0 0 0 0) - 0
#(0 0.00304414 0 0 0 0) - 1
#(0 0 0 0 0 0) - 0
#(0 0.00152207 0 0 0 0) - 1
#(0 0.00152207 0 0 0 0) - 1
#(0 0 0 0 0 0) - 0
#(0 0 0 0 0 0) - 0
#(0 0 0 0 0 0) - 0
#(0 0.00608828 0 0 0 0) - 1
#(0 0.00456621 0 0 0 0) - 1
#(0 0 0 0 0 0) - 0
#(0 0.00304414 0 0 0 0) - 1
#(0 0.00913242 0 0 0 0) - 1
#(0 0 0 0 0 0) - 0
#(0 0 0 0 0 0) - 0
#(0 0 0 0 0 0) - 0
#(0 0.00608828 0 0 0 0) - 1
#(0 0 0 0 0 0) - 0
#(0 0 0 0 0 0) - 0
#(0 0 0 0 0 0) - 0
#(0 0 0 0 0 0) - 0
#(0 0.08980213 0 0 0 0) - 1
#(0 0 0 0 0 0) - 0
#(0 0.00152207 0 0 0 0) - 1
#(0 0.01065449 0 0 0 0) - 1
#(0 0.00456621 0 0 0 0) - 1
#(0 0.01217656 0 0 0 0) - 1
#(0 0.00152207 0 0 0 0) - 1
#(0 0.00761035 0 0 0 0) - 1
#(0 0.01217656 0 0 0 0) - 1
#(0 0.01826484 0 0 0 0) - 1
#(0 0.01217656 0 0 0 0) - 1
#(0 0.019786911 0 0 0 0) - 1
#(0 0.01217656 0 0 0 0) - 1
#(0 0.01674277 0 0 0 0) - 1
#(0 0.01674277 0 0 0 0) - 1
#(0 0.00913242 0 0 0 0) - 1
#(0 0.01369863 0 0 0 0) - 1
#(0 0.00761035 0 0 0 0) - 1
#(0 0.0152207 0 0 0 0) - 1
#(0 0.04718417 0 0 0 0) - 1
#(0 0.00913242 0 0 0 0) - 1
#(0 0.00456621 0 0 0 0) - 1
#(0 0.01826484 0 0 0 0) - 1
#(0 0.01065449 0 0 0 0) - 1
#(0 0.01674277 0 0 0 0) - 1
#(0 0.01065449 0 0 0 0) - 1
#(0 0.00608828 0 0 0 0) - 1
#(0 0.00304414 0 0 0 0) - 1
#(0 0.0152207 0 0 0 0) - 1
#(0 0.00913242 0 0 0 0) - 1
#(0 0.00608828 0 0 0 0) - 1
#(0 0.00761035 0 0 0 0) - 1
#(0 0.00456621 0 0 0 0) - 1
#(0 0.00304414 0 0 0 0) - 1
#(0 0.01674277 0 0 0 0) - 1
#(0 0.01826484 0 0 0 0) - 1
#(0 0.00913242 0 0 0 0) - 1
#(0 0.07762557 0 0 0 0) - 1
#(0 0.00152207 0 0 0 0) - 1
#(0 0.01369863 0 0 0 0) - 1
#(0 0.00608828 0 0 0 0) - 1
#(0 0.01217656 0 0 0 0) - 1
#(0 0.01065449 0 0 0 0) - 1
#(0 0.1263318 0 0 0 0) - 1
#(0 0.019786911 0 0 0 0) - 1
#(0 0.00608828 0 0 0 0) - 1
#(0 0.00761035 0 0 0 0) - 1
#(0 0.01826484 0 0 0 0) - 1
#(0 0.01065449 0 0 0 0) - 1
#(0 0.02587519 0 0 0 0) - 1
#(0 0.00304414 0 0 0 0) - 1
#(0 0 0 0 0 0) - 0
#(0 0.00913242 0 0 0 0) - 1
#(0 0.0152207 0 0 0 0) - 1
#(0 0.00456621 0 0 0 0) - 1
#(0 0.00913242 0 0 0 0) - 1
#(0 0.02283105 0 0 0 0) - 1
#(0 0.00304414 0 0 0 0) - 1
#(0 0.00761035 0 0 0 0) - 1
#(0 0.00456621 0 0 0 0) - 1
#(0 0.01674277 0 0 0 0) - 1
#(0 0.00913242 0 0 0 0) - 1
#(0 0.03348554 0 0 0 0) - 1
#(0 0.04109589 0 0 0 0) - 1
#(0 0.00913242 0 0 0 0) - 1
#(0 0.00913242 0 0 0 0) - 1
#(0 0.01217656 0 0 0 0) - 1
#(0 0.01826484 0 0 0 0) - 1
#(0 0.01217656 0 0 0 0) - 1
#(0 0.019786911 0 0 0 0) - 1
#(0 0.01217656 0 0 0 0) - 1
#(0 0.00913242 0 0 0 0) - 1
#(0 0.00608828 0 0 0 0) - 1
#(0 0.00456621 0 0 0 0) - 1
#(0 0.01674277 0 0 0 0) - 1
#(0 0.00608828 0 0 0 0) - 1
#(0 0.00152207 0 0 0 0) - 1
#(0 0.00152207 0 0 0 0) - 1
#(0 0.01674277 0 0 0 0) - 1
#(0 0.01217656 0 0 0 0) - 1
#(0 0.01369863 0 0 0 0) - 1
#(0 0.00608828 0 0 0 0) - 1
#(0 0.00608828 0 0 0 0) - 1
#(0 0.00152207 0 0 0 0) - 1
#(0 0 0 0 0 0) - 0
#(0 0 0 0 0 0) - 0
#(0 0.00152207 0 0 0 0) - 1
#(0 0.00913242 0 0 0 0) - 1
#(0 0.00304414 0 0 0 0) - 1
#(0 0.00761035 0 0 0 0) - 1
#(0 0.00456621 0 0 0 0) - 1
#(0 0.00152207 0 0 0 0) - 1
#(0 0 0 0 0 0) - 0
#(0 0.00152207 0 0 0 0) - 1
#(0 0.00608828 0 0 0 0) - 1
#(0 0 0 0 0 0) - 0
#(0 0 0 0 0 0) - 0
#(0 0 0 0 0 0) - 0
#(0 0 0 0 0 0) - 0
#(0 0 0 0 0 0) - 0
#(0 0 0 0 0 0) - 0
#(0 0.00304414 0 0 0 0) - 1
#(0 0.00304414 0 0 0 0) - 1
#(0 0.00152207 0 0 0 0) - 1
#(0 0.00304414 0 0 0 0) - 1
#(0 0.00456621 0 0 0 0) - 1
#(0 0.00304414 0 0 0 0) - 1
#(0 0.00761035 0 0 0 0) - 1
#(0 0.00304414 0 0 0 0) - 1
#(0 0.00456621 0 0 0 0) - 1
#(0 0.00456621 0 0 0 0) - 1
#(0 0.00304414 0 0 0 0) - 1
#(0 0 0 0 0 0) - 0
#(0 0.00304414 0 0 0 0) - 1
#(0 0.00304414 0 0 0 0) - 1
#(0 0.00152207 0 0 0 0) - 1
#(0 0.00304414 0 0 0 0) - 1
#(0 0.00152207 0 0 0 0) - 1
#(0 0.01674277 0 0 0 0) - 1
#(0 0.01369863 0 0 0 0) - 1
#(0 0.00913242 0 0 0 0) - 1
#(0 0.01065449 0 0 0 0) - 1
#(0 0.00761035 0 0 0 0) - 1
#(0 0 0 0 0 0) - 0
#(0 0.01369863 0 0 0 0) - 1
#(0 0.00152207 0 0 0 0) - 1
#(0 0.00152207 0 0 0 0) - 1
#(0 0.01369863 0 0 0 0) - 1
#(0 0.00456621 0 0 0 0) - 1
#(0 0.00761035 0 0 0 0) - 1
#(0 0.00456621 0 0 0 0) - 1
#(0 0.00456621 0 0 0 0) - 1
#(0 0 0 0 0 0) - 0
#(0 0.00152207 0 0 0 0) - 1
#(0 0.00304414 0 0 0 0) - 1
#(0 0.01369863 0 0 0 0) - 1
#(0 0.00456621 0 0 0 0) - 1
#(0 0 0 0 0 0) - 0
#(0 0 0 0 0 0) - 0
#(0 0 0 0 0 0) - 0
#(0 0.03196347 0 0 0 0) - 1
#(0 0.00913242 0 0 0 0) - 1
#(0 0.01065449 0 0 0 0) - 1
#(0 0.03652968 0 0 0 0) - 1
#(0 0.03348554 0 0 0 0) - 1
#(0 0.00304414 0 0 0 0) - 1
#(0 0.02891933 0 0 0 0) - 1
#(0 0.1369863 0 0 0 0) - 1
#(0 0.03196347 0 0 0 0) - 1
#(0 0.01065449 0 0 0 0) - 1
#(0 0.019786911 0 0 0 0) - 1
#(0 0.03196347 0 0 0 0) - 1
#(0 0.01674277 0 0 0 0) - 1
#(0 0.00608828 0 0 0 0) - 1
#(0 0.00913242 0 0 0 0) - 1
#(0 0.00152207 0 0 0 0) - 1
#(0 0.00608828 0 0 0 0) - 1
#(0 0.01674277 0 0 0 0) - 1
#(0 0.0152207 0 0 0 0) - 1
#(0 0.00152207 0 0 0 0) - 1
#(0 0.01369863 0 0 0 0) - 1
#(0 0.01826484 0 0 0 0) - 1
#(0 0.120243534 0 0 0 0) - 1
#(0 0.01065449 0 0 0 0) - 1
#(0 0.01369863 0 0 0 0) - 1
#(0 0.0152207 0 0 0 0) - 1
#(0 0.01674277 0 0 0 0) - 1
#(0 0.00913242 0 0 0 0) - 1
#(0 0.00608828 0 0 0 0) - 1
#(0 0.00913242 0 0 0 0) - 1
#(0 0.019786911 0 0 0 0) - 1
#(0 0.07153729 0 0 0 0) - 1
#(0 0.00761035 0 0 0 0) - 1
#(0 0.03196347 0 0 0 0) - 1
#(0 0.00913242 0 0 0 0) - 1
#(0 0.01065449 0 0 0 0) - 1
#(0 0.03652968 0 0 0 0) - 1
#(0 0.03652968 0 0 0 0) - 1
#(0 0.00304414 0 0 0 0) - 1
#(0 0.02891933 0 0 0 0) - 1
#(0 0.14459665 0 0 0 0) - 1
#(0 0.01369863 0 0 0 0) - 1
#(0 0.00608828 0 0 0 0) - 1
#(0 0.01674277 0 0 0 0) - 1
#(0 0.04261796 0 0 0 0) - 1
#(0 0.01217656 0 0 0 0) - 1
#(0 0.00304414 0 0 0 0) - 1
#(0 0.00152207 0 0 0 0) - 1
#(0 0.03196347 0 0 0 0) - 1
#(0 0.01674277 0 0 0 0) - 1
#(0 0.01369863 0 0 0 0) - 1
#(0 0.00304414 0 0 0 0) - 1
#(0 0.00304414 0 0 0 0) - 1
#(0 0.01369863 0 0 0 0) - 1
#(0 0.00456621 0 0 0 0) - 1
#(0 0.01369863 0 0 0 0) - 1
#(0 0 0 0 0 0) - 0
#(0 0.00456621 0 0 0 0) - 1
#(0 0.00304414 0 0 0 0) - 1
#(0 0.00304414 0 0 0 0) - 1
#(0 0.01369863 0 0 0 0) - 1
#(0 0.00456621 0 0 0 0) - 1
#(0 0 0 0 0 0) - 0
#(0 0.01065449 0 0 0 0) - 1
#(0 0.01369863 0 0 0 0) - 1
#(0 0.00456621 0 0 0 0) - 1
#(0 0 0 0 0 0) - 0
#(0 0.0152207 0 0 0 0) - 1
#(0 0.05022831 0 0 0 0) - 1
#(0 0.01674277 0 0 0 0) - 1
#(0 0.00761035 0 0 0 0) - 1
#(0 0.02435312 0 0 0 0) - 1
#(0 0.019786911 0 0 0 0) - 1
#(0 0 0 0 0 0) - 0
#(0 0.00913242 0 0 0 0) - 1
#(0 0 0 0 0 0) - 0
#(0 0.00761035 0 0 0 0) - 1
#(0 0.03348554 0 0 0 0) - 1
#(0 0.00913242 0 0 0 0) - 1
#(0 0.00913242 0 0 0 0) - 1
#(0 0.01217656 0 0 0 0) - 1
#(0 0.03196347 0 0 0 0) - 1
#(0 0.00761035 0 0 0 0) - 1
#(0 0.02739726 0 0 0 0) - 1
#(0 0.02435312 0 0 0 0) - 1
#(0 0.01369863 0 0 0 0) - 1
#(0 0.00456621 0 0 0 0) - 1
#(0 0.00456621 0 0 0 0) - 1
#(0 0.00913242 0 0 0 0) - 1
#(0 0.00152207 0 0 0 0) - 1
#(0 0.00152207 0 0 0 0) - 1
#(0 0.00456621 0 0 0 0) - 1
#(0 0.01674277 0 0 0 0) - 1
#(0 0.00456621 0 0 0 0) - 1
#(0 0.00608828 0 0 0 0) - 1
#(0 0.00456621 0 0 0 0) - 1
#(0 0.00761035 0 0 0 0) - 1
#(0 0.00152207 0 0 0 0) - 1
#(0 0.00608828 0 0 0 0) - 1
#(0 0.00456621 0 0 0 0) - 1
#(0 0.0152207 0 0 0 0) - 1
#(0 0.01065449 0 0 0 0) - 1
#(0 0.01065449 0 0 0 0) - 1
#(0 0.01674277 0 0 0 0) - 1
#(0 0.00608828 0 0 0 0) - 1
#(0 0.00152207 0 0 0 0) - 1
#(0 0.01065449 0 0 0 0) - 1
#(0 0.00456621 0 0 0 0) - 1
#(0 0.01065449 0 0 0 0) - 1
#(0 0.01674277 0 0 0 0) - 1
#(0 0.00304414 0 0 0 0) - 1
#(0 0.00456621 0 0 0 0) - 1
#(0 0.00456621 0 0 0 0) - 1
#(0 0.00913242 0 0 0 0) - 1
#(0 0.01826484 0 0 0 0) - 1
#(0 0.02587519 0 0 0 0) - 1
#(0 0.00456621 0 0 0 0) - 1
#(0 0.01826484 0 0 0 0) - 1
#(0 0.00152207 0 0 0 0) - 1
#(0 0.00152207 0 0 0 0) - 1
#(0 0.00304414 0 0 0 0) - 1
#(0 0.00304414 0 0 0 0) - 1
#(0 0.00913242 0 0 0 0) - 1
#(0 0.00608828 0 0 0 0) - 1
#(0 0.02130898 0 0 0 0) - 1
#(0 0.0152207 0 0 0 0) - 1
#(0 0.00152207 0 0 0 0) - 1
#(0 0.00152207 0 0 0 0) - 1
#(0 0.02435312 0 0 0 0) - 1
#(0 0.01217656 0 0 0 0) - 1
#(0 0.01674277 0 0 0 0) - 1
#(0 0.01217656 0 0 0 0) - 1
#(0 0.04718417 0 0 0 0) - 1
#(0 0.02435312 0 0 0 0) - 1
#(0 0.04718417 0 0 0 0) - 1
#(0 0.02587519 0 0 0 0) - 1
#(0 0.019786911 0 0 0 0) - 1
#(0 0.0152207 0 0 0 0) - 1
#(0 0.019786911 0 0 0 0) - 1
#(0 0.03805175 0 0 0 0) - 1
#(0 0.01826484 0 0 0 0) - 1
#(0 0.01674277 0 0 0 0) - 1
#(0 0.03348554 0 0 0 0) - 1
#(0 0.03652968 0 0 0 0) - 1
#(0 0.03652968 0 0 0 0) - 1
#(0 0.04109589 0 0 0 0) - 1
#(0 0.01369863 0 0 0 0) - 1
#(0 0.02435312 0 0 0 0) - 1
#(0 0.02130898 0 0 0 0) - 1
#(0 0.0152207 0 0 0 0) - 1
#(0 0.00913242 0 0 0 0) - 1
#(0 0.01826484 0 0 0 0) - 1
#(0 0.01826484 0 0 0 0) - 1
#(0 0.00761035 0 0 0 0) - 1
#(0 0.00152207 0 0 0 0) - 1
#(0 0.00608828 0 0 0 0) - 1
#(0 0.00608828 0 0 0 0) - 1
#(0 0.00608828 0 0 0 0) - 1
#(0 0.01369863 0 0 0 0) - 1
#(0 0.00304414 0 0 0 0) - 1
#(0 0 0 0 0 0) - 0
#(0 0.01674277 0 0 0 0) - 1
#(0 0.01065449 0 0 0 0) - 1
#(0 0.00152207 0 0 0 0) - 1
#(0 0 0 0 0 0) - 0
#(0 0.0152207 0 0 0 0) - 1
#(0 0.00913242 0 0 0 0) - 1
#(0 0.01826484 0 0 0 0) - 1
#(0 0.01826484 0 0 0 0) - 1
#(0 0.00761035 0 0 0 0) - 1
#(0 0.00456621 0 0 0 0) - 1
#(0 0.00152207 0 0 0 0) - 1
#(0 0.00304414 0 0 0 0) - 1
#(0 0.01674277 0 0 0 0) - 1
#(0 0.00456621 0 0 0 0) - 1
#(0 0.00913242 0 0 0 0) - 1
#(0 0.00152207 0 0 0 0) - 1
#(0 0.00152207 0 0 0 0) - 1
#(0 0.00761035 0 0 0 0) - 1
#(0 0.01826484 0 0 0 0) - 1
#(0 0.00304414 0 0 0 0) - 1
#(0 0.00304414 0 0 0 0) - 1
#(0 0.00608828 0 0 0 0) - 1
#(0 0.00152207 0 0 0 0) - 1
#(0 0.00608828 0 0 0 0) - 1
#(0 0.01065449 0 0 0 0) - 1
#(0 0 0 0 0 0) - 0
#(0 0.00608828 0 0 0 0) - 1
#(0 0.065449014 0 0 0 0) - 1
#(0 0.00761035 0 0 0 0) - 1
#(0 0.01674277 0 0 0 0) - 1
#(0 0.01217656 0 0 0 0) - 1
#(0 0.00761035 0 0 0 0) - 1
#(0 0.00913242 0 0 0 0) - 1
#(0 0.00608828 0 0 0 0) - 1
#(0 0 0 0 0 0) - 0
#(0 0.00152207 0 0 0 0) - 1

Grupo 2
#(0 0 0.0024089557 0 0 0) - 2
#(0 0 0.0024798072 0 0 0) - 2
#(0 0 0.002338104 0 0 0) - 2
#(0 0 0.0012044779 0 0 0) - 2
#(0 0 6.3766475e-4 0 0 0) - 2
#(0 0 5.668131e-4 0 0 0) - 2
#(0 0 0.003117472 0 0 0) - 2
#(0 0 0.0036134336 0 0 0) - 2
#(0 0 0.003330027 0 0 0) - 2
#(0 0 0.0021964007 0 0 0) - 2
#(0 0 0.0011336262 0 0 0) - 2
#(0 0 0.0017004393 0 0 0) - 2
#(0 0 0.0029757686 0 0 0) - 2
#(0 0 9.210713e-4 0 0 0) - 2
#(0 0 0.0032591752 0 0 0) - 2
#(0 0 5.668131e-4 0 0 0) - 2
#(0 0 0.0024089557 0 0 0) - 2
#(0 0 0.069434606 0 0 0) - 2
#(0 0 0.09699589 0 0 0) - 2
#(0 0 0.069434606 0 0 0) - 2
#(0 0 0.09699589 0 0 0) - 2
#(0 0 0.005101318 0 0 0) - 2
#(0 0 0.0030466204 0 0 0) - 2
#(0 0 0.0026215105 0 0 0) - 2
#(0 0 0.0043928013 0 0 0) - 2
#(0 0 0.012611591 0 0 0) - 2
#(0 0 0.069434606 0 0 0) - 2
#(0 0 0.09699589 0 0 0) - 2
#(0 0 0.069434606 0 0 0) - 2
#(0 0 0.00432195 0 0 0) - 2
#(0 0 0.010131784 0 0 0) - 2
#(0 0 0.0049596145 0 0 0) - 2
#(0 0 0.009635823 0 0 0) - 2
#(0 0 0.008856455 0 0 0) - 2
#(0 0 0.005243021 0 0 0) - 2
#(0 0 0.003330027 0 0 0) - 2
#(0 0 0.0011336262 0 0 0) - 2
#(0 0 0.0041802465 0 0 0) - 2
#(0 0 0.0020546974 0 0 0) - 2
#(0 0 0.0014170327 0 0 0) - 2
#(0 0 0.0050304662 0 0 0) - 2
#(0 0 0.0029757686 0 0 0) - 2
#(0 0 7.79368e-4 0 0 0) - 2
#(0 0 0.0036134336 0 0 0) - 2
#(0 0 0.0014170327 0 0 0) - 2
#(0 0 0.0100609325 0 0 0) - 2
#(0 0 0.0041093947 0 0 0) - 2
#(0 0 0.0053847246 0 0 0) - 2
#(0 0 0.0024798072 0 0 0) - 2
#(0 0 0.003117472 0 0 0) - 2
#(0 0 0.0011336262 0 0 0) - 2
#(0 0 0.0086439 0 0 0) - 2
#(0 0 0.0034717303 0 0 0) - 2
#(0 0 0.0085021965 0 0 0) - 2
#(0 0 0.0013461811 0 0 0) - 2
#(0 0 0.014524586 0 0 0) - 2
#(0 0 0.003117472 0 0 0) - 2
#(0 0 0.004463653 0 0 0) - 2
#(0 0 0.029686837 0 0 0) - 2
#(0 0 0.06993057 0 0 0) - 2
#(0 0 0.00389684 0 0 0) - 2
#(0 0 0.0029757686 0 0 0) - 2
#(0 0 0.029686837 0 0 0) - 2
#(0 0 0.06993057 0 0 0) - 2
#(0 0 0.0042510983 0 0 0) - 2
#(0 0 0.0030466204 0 0 0) - 2
#(0 0 0.0061640926 0 0 0) - 2
#(0 0 0.0032591752 0 0 0) - 2
#(0 0 0.05235936 0 0 0) - 2
#(0 0 0.11605498 0 0 0) - 2
#(0 0 0.019129941 0 0 0) - 2
#(0 0 0.0037551369 0 0 0) - 2
#(0 0 0.11605498 0 0 0) - 2
#(0 0 0.09451608 0 0 0) - 2
#(0 0 0.019129941 0 0 0) - 2
#(0 0 0.007226867 0 0 0) - 2
#(0 0 0.003330027 0 0 0) - 2
#(0 0 0.06993057 0 0 0) - 2
#(0 0 0.019696755 0 0 0) - 2
#(0 0 0.0067309053 0 0 0) - 2
#(0 0 0.0061640926 0 0 0) - 2
#(0 0 0.06993057 0 0 0) - 2
#(0 0 0.019696755 0 0 0) - 2
#(0 0 0.0043928013 0 0 0) - 2
#(0 0 0.003117472 0 0 0) - 2
#(0 0 0.0040385434 0 0 0) - 2
#(0 0 6.3766475e-4 0 0 0) - 2
#(0 0 2.8340655e-4 0 0 0) - 2
#(0 0 9.210713e-4 0 0 0) - 2
#(0 0 4.251098e-4 0 0 0) - 2
#(0 0 0.0022672524 0 0 0) - 2
#(0 0 0.0014878843 0 0 0) - 2
#(0 0 0.0014878843 0 0 0) - 2
#(0 0 5.668131e-4 0 0 0) - 2
#(0 0 0.0012044779 0 0 0) - 2
#(0 0 0.0035425818 0 0 0) - 2
#(0 0 0.0012044779 0 0 0) - 2
#(0 0 0.0021255491 0 0 0) - 2
#(0 0 0.0021964007 0 0 0) - 2
#(0 0 0.003117472 0 0 0) - 2
#(0 0 0.0026923623 0 0 0) - 2
#(0 0 0.0016295876 0 0 0) - 2
#(0 0 0.013036701 0 0 0) - 2
#(0 0 0.0034008785 0 0 0) - 2
#(0 0 0.010627746 0 0 0) - 2
#(0 0 0.0014878843 0 0 0) - 2
#(0 0 0.13093382 0 0 0) - 2
#(0 0 0.010415191 0 0 0) - 2
#(0 0 0.13093382 0 0 0) - 2
#(0 0 0.002338104 0 0 0) - 2
#(0 0 0.16402154 0 0 0) - 2
#(0 0 0.0027632138 0 0 0) - 2
#(0 0 0.0022672524 0 0 0) - 2
#(0 0 0.002338104 0 0 0) - 2
#(0 0 0.0019838458 0 0 0) - 2
#(0 0 7.79368e-4 0 0 0) - 2
#(0 0 0.0027632138 0 0 0) - 2
#(0 0 0.13093382 0 0 0) - 2
#(0 0 0.010415191 0 0 0) - 2
#(0 0 0.13093382 0 0 0) - 2
#(0 0 0.002338104 0 0 0) - 2
#(0 0 0.16402154 0 0 0) - 2
#(0 0 2.8340655e-4 0 0 0) - 2
#(0 0 0.16402154 0 0 0) - 2
#(0 0 4.9596146e-4 0 0 0) - 2
#(0 0 0.005455576 0 0 0) - 2
#(0 0 0.0030466204 0 0 0) - 2
#(0 0 0.0072977184 0 0 0) - 2
#(0 0 7.0851634e-4 0 0 0) - 2
#(0 0 0.0067309053 0 0 0) - 2
#(0 0 1.4170328e-4 0 0 0) - 2
#(0 0 0.0013461811 0 0 0) - 2
#(0 0 0.0013461811 0 0 0) - 2
#(0 0 0.0030466204 0 0 0) - 2
#(0 0 6.3766475e-4 0 0 0) - 2
#(0 0 0.0013461811 0 0 0) - 2
#(0 0 4.251098e-4 0 0 0) - 2
#(0 0 8.502196e-4 0 0 0) - 2
#(0 0 7.79368e-4 0 0 0) - 2
#(0 0 0.002550659 0 0 0) - 2
#(0 0 0.0014170327 0 0 0) - 2
#(0 0 7.0851634e-4 0 0 0) - 2
#(0 0 0.0022672524 0 0 0) - 2
#(0 0 7.79368e-4 0 0 0) - 2
#(0 0 0.0010627746 0 0 0) - 2
#(0 0 0.0031883237 0 0 0) - 2
#(0 0 7.79368e-4 0 0 0) - 2
#(0 0 7.085164e-5 0 0 0) - 2
#(0 0 1.4170328e-4 0 0 0) - 2
#(0 0 0.002904917 0 0 0) - 2
#(0 0 8.502196e-4 0 0 0) - 2
#(0 0 5.668131e-4 0 0 0) - 2
#(0 0 0.0031883237 0 0 0) - 2
#(0 0 0.0018421425 0 0 0) - 2
#(0 0 7.0851634e-4 0 0 0) - 2
#(0 0 7.79368e-4 0 0 0) - 2
#(0 0 0.0012753295 0 0 0) - 2
#(0 0 0.008431345 0 0 0) - 2
#(0 0 0.0048887627 0 0 0) - 2
#(0 0 0.0018421425 0 0 0) - 2
#(0 0 0.008431345 0 0 0) - 2
#(0 0 0.005101318 0 0 0) - 2
#(0 0 5.668131e-4 0 0 0) - 2
#(0 0 0.0022672524 0 0 0) - 2
#(0 0 0.001558736 0 0 0) - 2
#(0 0 0.0011336262 0 0 0) - 2
#(0 0 0.0020546974 0 0 0) - 2
#(0 0 9.919229e-4 0 0 0) - 2
#(0 0 0.0012753295 0 0 0) - 2
#(0 0 6.3766475e-4 0 0 0) - 2
#(0 0 0.013107553 0 0 0) - 2
#(0 0 0.004534505 0 0 0) - 2
#(0 0 0.009706674 0 0 0) - 2
#(0 0 0.0036134336 0 0 0) - 2
#(0 0 0.0026215105 0 0 0) - 2
#(0 0 8.502196e-4 0 0 0) - 2
#(0 0 0.010202636 0 0 0) - 2
#(0 0 0.008785603 0 0 0) - 2
#(0 0 0.0041802465 0 0 0) - 2
#(0 0 0.0034717303 0 0 0) - 2
#(0 0 0.0012753295 0 0 0) - 2
#(0 0 0.0029757686 0 0 0) - 2
#(0 0 0.0019838458 0 0 0) - 2
#(0 0 0.016579283 0 0 0) - 2
#(0 0 0.00432195 0 0 0) - 2
#(0 0 0.0092815645 0 0 0) - 2
#(0 0 0.001558736 0 0 0) - 2
#(0 0 8.502196e-4 0 0 0) - 2
#(0 0 0.0013461811 0 0 0) - 2
#(0 0 0.006093241 0 0 0) - 2
#(0 0 0.0031883237 0 0 0) - 2
#(0 0 0.0034717303 0 0 0) - 2
#(0 0 0.054839168 0 0 0) - 2
#(0 0 0.03074961 0 0 0) - 2
#(0 0 0.027136177 0 0 0) - 2
#(0 0 0.054839168 0 0 0) - 2
#(0 0 0.024585517 0 0 0) - 2
#(0 0 0.026711067 0 0 0) - 2
#(0 0 0.007581125 0 0 0) - 2
#(0 0 0.0069434606 0 0 0) - 2
#(0 0 0.0069434606 0 0 0) - 2
#(0 0 0.009848378 0 0 0) - 2
#(0 0 0.00389684 0 0 0) - 2
#(0 0 0.00389684 0 0 0) - 2
#(0 0 0.051367436 0 0 0) - 2
#(0 0 0.03074961 0 0 0) - 2
#(0 0 0.024868924 0 0 0) - 2
#(0 0 0.011832223 0 0 0) - 2
#(0 0 0.013390959 0 0 0) - 2
#(0 0 0.012186482 0 0 0) - 2
#(0 0 0.004676208 0 0 0) - 2
#(0 0 0.00432195 0 0 0) - 2
#(0 0 0.002338104 0 0 0) - 2
#(0 0 0.009635823 0 0 0) - 2
#(0 0 0.04300694 0 0 0) - 2
#(0 0 0.0037551369 0 0 0) - 2
#(0 0 0.035850927 0 0 0) - 2
#(0 0 0.0021964007 0 0 0) - 2
#(0 0 0.0031883237 0 0 0) - 2
#(0 0 0.0016295876 0 0 0) - 2
#(0 0 0.00779368 0 0 0) - 2
#(0 0 0.04300694 0 0 0) - 2
#(0 0 0.0041802465 0 0 0) - 2
#(0 0 0.0032591752 0 0 0) - 2
#(0 0 0.0048887627 0 0 0) - 2
#(0 0 0.0038259884 0 0 0) - 2
#(0 0 0.0026923623 0 0 0) - 2
#(0 0 0.0017712909 0 0 0) - 2
#(0 0 0.0063766474 0 0 0) - 2
#(0 0 0.0017712909 0 0 0) - 2
#(0 0 0.006589202 0 0 0) - 2
#(0 0 0.0041093947 0 0 0) - 2
#(0 0 0.0021255491 0 0 0) - 2
#(0 0 0.0014170327 0 0 0) - 2
#(0 0 0.0014878843 0 0 0) - 2
#(0 0 0.0042510983 0 0 0) - 2
#(0 0 0.001558736 0 0 0) - 2
#(0 0 0.0020546974 0 0 0) - 2
#(0 0 0.0040385434 0 0 0) - 2
#(0 0 0.0024089557 0 0 0) - 2
#(0 0 0.0026923623 0 0 0) - 2
#(0 0 0.0014878843 0 0 0) - 2
#(0 0 0.0034008785 0 0 0) - 2
#(0 0 0.0024089557 0 0 0) - 2
#(0 0 0.0016295876 0 0 0) - 2
#(0 0 3.5425817e-4 0 0 0) - 2
#(0 0 0.0019129942 0 0 0) - 2
#(0 0 0.0011336262 0 0 0) - 2
#(0 0 0.0038259884 0 0 0) - 2
#(0 0 9.919229e-4 0 0 0) - 2
#(0 0 0.0013461811 0 0 0) - 2
#(0 0 0.0012753295 0 0 0) - 2
#(0 0 0.0024089557 0 0 0) - 2
#(0 0 0.0012753295 0 0 0) - 2
#(0 0 0.0020546974 0 0 0) - 2
#(0 0 1.4170328e-4 0 0 0) - 2
#(0 0 0.0014878843 0 0 0) - 2
#(0 0 0.0030466204 0 0 0) - 2
#(0 0 0.0021255491 0 0 0) - 2
#(0 0 0.0013461811 0 0 0) - 2
#(0 0 0.0011336262 0 0 0) - 2
#(0 0 0.0028340654 0 0 0) - 2
#(0 0 4.9596146e-4 0 0 0) - 2
#(0 0 0.001558736 0 0 0) - 2
#(0 0 0.0010627746 0 0 0) - 2
#(0 0 0.0020546974 0 0 0) - 2
#(0 0 9.919229e-4 0 0 0) - 2
#(0 0 0.001558736 0 0 0) - 2
#(0 0 0.0022672524 0 0 0) - 2
#(0 0 6.3766475e-4 0 0 0) - 2
#(0 0 4.251098e-4 0 0 0) - 2
#(0 0 9.919229e-4 0 0 0) - 2
#(0 0 3.5425817e-4 0 0 0) - 2
#(0 0 0.0019129942 0 0 0) - 2
#(0 0 0.0022672524 0 0 0) - 2
#(0 0 0.0013461811 0 0 0) - 2
#(0 0 0.0011336262 0 0 0) - 2
#(0 0 0.0012044779 0 0 0) - 2
#(0 0 9.210713e-4 0 0 0) - 2
#(0 0 0.0017004393 0 0 0) - 2
#(0 0 6.3766475e-4 0 0 0) - 2

Grupo 3
#(0 0 0 0.008137169 0 0) - 3
#(0 0 0 0.005715393 0 0) - 3
#(0 0 0 0.0023249055 0 0) - 3
#(0 0 0 0.005037295 0 0) - 3
#(0 0 0 0.009202751 0 0) - 3
#(0 0 0 0.009202751 0 0) - 3
#(0 0 0 0.005909135 0 0) - 3
#(0 0 0 0.008621525 0 0) - 3
#(0 0 0 0.0018405502 0 0) - 3
#(0 0 0 0.0033904873 0 0) - 3
#(0 0 0 0.0019374213 0 0) - 3
#(0 0 0 0.0036811004 0 0) - 3
#(0 0 0 0.004359198 0 0) - 3
#(0 0 0 0.0021311634 0 0) - 3
#(0 0 0 0.00455294 0 0) - 3
#(0 0 0 0.0024217765 0 0) - 3
#(0 0 0 0.004746682 0 0) - 3
#(0 0 0 0.0052310373 0 0) - 3
#(0 0 0 0.005037295 0 0) - 3
#(0 0 0 0.00542478 0 0) - 3
#(0 0 0 0.0065872325 0 0) - 3
#(0 0 0 0.007555943 0 0) - 3
#(0 0 0 0.0038748425 0 0) - 3
#(0 0 0 0.0035842294 0 0) - 3
#(0 0 0 0.0032936162 0 0) - 3
#(0 0 0 0.0020342923 0 0) - 3
#(0 0 0 0.002809261 0 0) - 3
#(0 0 0 0.004843553 0 0) - 3
#(0 0 0 0.0040685846 0 0) - 3
#(0 0 0 0.0040685846 0 0) - 3
#(0 0 0 0.007459072 0 0) - 3
#(0 0 0 0.005715393 0 0) - 3
#(0 0 0 0.005037295 0 0) - 3
#(0 0 0 0.008912138 0 0) - 3
#(0 0 0 0.005812264 0 0) - 3
#(0 0 0 0.0038748425 0 0) - 3
#(0 0 0 9.6871064e-4 0 0) - 3
#(0 0 0 0.003003003 0 0) - 3
#(0 0 0 5.8122637e-4 0 0) - 3
#(0 0 0 7.7496853e-4 0 0) - 3
#(0 0 0 0.0012593238 0 0) - 3
#(0 0 0 0.0031967452 0 0) - 3
#(0 0 0 0.005521651 0 0) - 3
#(0 0 0 0.005618522 0 0) - 3
#(0 0 0 9.6871064e-4 0 0) - 3
#(0 0 0 0.0019374213 0 0) - 3
#(0 0 0 6.780975e-4 0 0) - 3
#(0 0 0 7.7496853e-4 0 0) - 3
#(0 0 0 0.0012593238 0 0) - 3
#(0 0 0 0.0018405502 0 0) - 3
#(0 0 0 0.0019374213 0 0) - 3
#(0 0 0 0.20468856 0 0) - 3
#(0 0 0 0.07817495 0 0) - 3
#(0 0 0 0.025767703 0 0) - 3
#(0 0 0 0.021505376 0 0) - 3
#(0 0 0 0.20468856 0 0) - 3
#(0 0 0 0.0152087575 0 0) - 3
#(0 0 0 0.0032936162 0 0) - 3
#(0 0 0 0.0053279083 0 0) - 3
#(0 0 0 0.0025186476 0 0) - 3
#(0 0 0 0.004359198 0 0) - 3
#(0 0 0 0.20468856 0 0) - 3
#(0 0 0 0.04097646 0 0) - 3
#(0 0 0 0.04736995 0 0) - 3
#(0 0 0 0.038554683 0 0) - 3
#(0 0 0 0.15218444 0 0) - 3
#(0 0 0 0.0113339145 0 0) - 3
#(0 0 0 0.0070715877 0 0) - 3
#(0 0 0 0.012883851 0 0) - 3
#(0 0 0 0.00997772 0 0) - 3
#(0 0 0 0.004649811 0 0) - 3
#(0 0 0 0.004843553 0 0) - 3
#(0 0 0 0.20468856 0 0) - 3
#(0 0 0 0.04097646 0 0) - 3
#(0 0 0 0.04736995 0 0) - 3
#(0 0 0 0.038554683 0 0) - 3
#(0 0 0 0.15218444 0 0) - 3
#(0 0 0 0.005037295 0 0) - 3
#(0 0 0 0.043979462 0 0) - 3
#(0 0 0 0.015983725 0 0) - 3
#(0 0 0 0.018114889 0 0) - 3
#(0 0 0 0.03274242 0 0) - 3
#(0 0 0 0.019180471 0 0) - 3
#(0 0 0 0.055797733 0 0) - 3
#(0 0 0 0.044851303 0 0) - 3
#(0 0 0 0.012980723 0 0) - 3
#(0 0 0 0.011237044 0 0) - 3
#(0 0 0 0.015789984 0 0) - 3
#(0 0 0 0.013077593 0 0) - 3
#(0 0 0 0.018792987 0 0) - 3
#(0 0 0 0.034970455 0 0) - 3
#(0 0 0 0.021505376 0 0) - 3
#(0 0 0 0.016952436 0 0) - 3
#(0 0 0 0.014240047 0 0) - 3
#(0 0 0 0.03371113 0 0) - 3
#(0 0 0 0.027705124 0 0) - 3
#(0 0 0 0.024120895 0 0) - 3
#(0 0 0 0.018018018 0 0) - 3
#(0 0 0 0.019277342 0 0) - 3
#(0 0 0 0.029351933 0 0) - 3
#(0 0 0 0.034970455 0 0) - 3
#(0 0 0 0.05473215 0 0) - 3
#(0 0 0 0.054054055 0 0) - 3
#(0 0 0 0.047563694 0 0) - 3
#(0 0 0 0.027027028 0 0) - 3
#(0 0 0 0.027414512 0 0) - 3
#(0 0 0 0.02014918 0 0) - 3
#(0 0 0 0.04378572 0 0) - 3
#(0 0 0 0.040395234 0 0) - 3
#(0 0 0 0.016274339 0 0) - 3
#(0 0 0 0.008912138 0 0) - 3
#(0 0 0 0.011721399 0 0) - 3
#(0 0 0 0.031676836 0 0) - 3
#(0 0 0 0.027220769 0 0) - 3
#(0 0 0 0.024411509 0 0) - 3
#(0 0 0 0.013949433 0 0) - 3
#(0 0 0 0.052988473 0 0) - 3
#(0 0 0 0.015693113 0 0) - 3
#(0 0 0 0.0070715877 0 0) - 3
#(0 0 0 0.009299622 0 0) - 3
#(0 0 0 0.025380218 0 0) - 3
#(0 0 0 0.02179599 0 0) - 3
#(0 0 0 0.02005231 0 0) - 3
#(0 0 0 0.014627531 0 0) - 3
#(0 0 0 0.01007459 0 0) - 3
#(0 0 0 0.02179599 0 0) - 3
#(0 0 0 0.05386031 0 0) - 3
#(0 0 0 0.01549937 0 0) - 3
#(0 0 0 0.029255062 0 0) - 3
#(0 0 0 0.03913591 0 0) - 3
#(0 0 0 0.013368207 0 0) - 3
#(0 0 0 0.031095611 0 0) - 3
#(0 0 0 0.014336918 0 0) - 3
#(0 0 0 0.020633537 0 0) - 3
#(0 0 0 0.008330911 0 0) - 3
#(0 0 0 0.0264458 0 0) - 3
#(0 0 0 0.009687106 0 0) - 3
#(0 0 0 0.01094643 0 0) - 3
#(0 0 0 0.007362201 0 0) - 3
#(0 0 0 0.007555943 0 0) - 3
#(0 0 0 0.0069747167 0 0) - 3
#(0 0 0 0.0039717136 0 0) - 3
#(0 0 0 0.0038748425 0 0) - 3
#(0 0 0 0.005618522 0 0) - 3
#(0 0 0 0.0033904873 0 0) - 3
#(0 0 0 0.0053279083 0 0) - 3
#(0 0 0 0.0063934904 0 0) - 3
#(0 0 0 0.0025186476 0 0) - 3
#(0 0 0 0.002906132 0 0) - 3
#(0 0 0 0.0031967452 0 0) - 3
#(0 0 0 0.018599244 0 0) - 3
#(0 0 0 0.010752688 0 0) - 3
#(0 0 0 0.013174465 0 0) - 3
#(0 0 0 0.008137169 0 0) - 3
#(0 0 0 0.007459072 0 0) - 3
#(0 0 0 0.01084956 0 0) - 3
#(0 0 0 0.019277342 0 0) - 3
#(0 0 0 0.010365204 0 0) - 3
#(0 0 0 0.017436791 0 0) - 3
#(0 0 0 0.010752688 0 0) - 3
#(0 0 0 0.014627531 0 0) - 3
#(0 0 0 0.009009009 0 0) - 3
#(0 0 0 0.016080597 0 0) - 3
#(0 0 0 0.0070715877 0 0) - 3
#(0 0 0 0.021117892 0 0) - 3
#(0 0 0 0.028867578 0 0) - 3
#(0 0 0 0.0152087575 0 0) - 3
#(0 0 0 0.01365882 0 0) - 3
#(0 0 0 0.023442797 0 0) - 3
#(0 0 0 0.020246053 0 0) - 3
#(0 0 0 0.013852562 0 0) - 3
#(0 0 0 0.008040299 0 0) - 3
#(0 0 0 0.01007459 0 0) - 3
#(0 0 0 0.0034873583 0 0) - 3
#(0 0 0 0.007652814 0 0) - 3
#(0 0 0 0.005812264 0 0) - 3
#(0 0 0 0.0062966193 0 0) - 3
#(0 0 0 0.007362201 0 0) - 3
#(0 0 0 0.005037295 0 0) - 3
#(0 0 0 0.0032936162 0 0) - 3
#(0 0 0 0.0041654557 0 0) - 3
#(0 0 0 0.009202751 0 0) - 3
#(0 0 0 0.008912138 0 0) - 3
#(0 0 0 0.012108883 0 0) - 3
#(0 0 0 0.011915141 0 0) - 3
#(0 0 0 0.014724402 0 0) - 3
#(0 0 0 0.005134166 0 0) - 3
#(0 0 0 0.0033904873 0 0) - 3
#(0 0 0 4.8435532e-4 0 0) - 3
#(0 0 0 0.014336918 0 0) - 3
#(0 0 0 0.00910588 0 0) - 3
#(0 0 0 0.012012012 0 0) - 3
#(0 0 0 0.004359198 0 0) - 3
#(0 0 0 0.011140172 0 0) - 3
#(0 0 0 0.005715393 0 0) - 3
#(0 0 0 0.004843553 0 0) - 3
#(0 0 0 0.0053279083 0 0) - 3
#(0 0 0 0.0040685846 0 0) - 3
#(0 0 0 0.0040685846 0 0) - 3
#(0 0 0 0.004940424 0 0) - 3
#(0 0 0 0.01733992 0 0) - 3
#(0 0 0 0.018696116 0 0) - 3
#(0 0 0 0.0016468081 0 0) - 3
#(0 0 0 2.9061318e-4 0 0) - 3
#(0 0 0 0.005715393 0 0) - 3
#(0 0 0 0.0042623268 0 0) - 3
#(0 0 0 0.0035842294 0 0) - 3
#(0 0 0 0.008137169 0 0) - 3
#(0 0 0 0.0024217765 0 0) - 3
#(0 0 0 0.0024217765 0 0) - 3
#(0 0 0 0.007555943 0 0) - 3
#(0 0 0 0.005618522 0 0) - 3
#(0 0 0 0.002906132 0 0) - 3
#(0 0 0 0.0037779715 0 0) - 3
#(0 0 0 0.005521651 0 0) - 3
#(0 0 0 0.0132713355 0 0) - 3
#(0 0 0 0.020439794 0 0) - 3
#(0 0 0 0.00455294 0 0) - 3
#(0 0 0 0.0040685846 0 0) - 3
#(0 0 0 0.00455294 0 0) - 3
#(0 0 0 0.0053279083 0 0) - 3
#(0 0 0 0.005037295 0 0) - 3
#(0 0 0 0.024895864 0 0) - 3
#(0 0 0 0.008912138 0 0) - 3
#(0 0 0 0.0015499371 0 0) - 3
#(0 0 0 0.005909135 0 0) - 3
#(0 0 0 0.006006006 0 0) - 3
#(0 0 0 0.006006006 0 0) - 3
#(0 0 0 0.010268332 0 0) - 3
#(0 0 0 0.0023249055 0 0) - 3
#(0 0 0 0.01007459 0 0) - 3
#(0 0 0 0.008040299 0 0) - 3
#(0 0 0 0.005909135 0 0) - 3
#(0 0 0 0.011721399 0 0) - 3
#(0 0 0 0.01724305 0 0) - 3
#(0 0 0 0.0040685846 0 0) - 3
#(0 0 0 0.00726533 0 0) - 3
#(0 0 0 0.005521651 0 0) - 3
#(0 0 0 0.0010655817 0 0) - 3
#(0 0 0 3.8748427e-4 0 0) - 3
#(0 0 0 0.00726533 0 0) - 3
#(0 0 0 0.005521651 0 0) - 3
#(0 0 0 0.0010655817 0 0) - 3
#(0 0 0 0.0011624527 0 0) - 3
#(0 0 0 0.005909135 0 0) - 3
#(0 0 0 0.0018405502 0 0) - 3
#(0 0 0 0.004649811 0 0) - 3
#(0 0 0 6.780975e-4 0 0) - 3
#(0 0 0 0.0041654557 0 0) - 3
#(0 0 0 0.004456069 0 0) - 3
#(0 0 0 0.002906132 0 0) - 3
#(0 0 0 0.005134166 0 0) - 3
#(0 0 0 0.0011624527 0 0) - 3
#(0 0 0 0.0022280344 0 0) - 3
#(0 0 0 0.001453066 0 0) - 3

Grupo 4
#(0 0 0 0 0.008758827 0) - 4
#(0 0 0 0 0.05752648 0) - 4
#(0 0 0 0 0.009285036 0) - 4
#(0 0 0 0 0.004294541 0) - 4
#(0 0 0 0 0.004430337 0) - 4
#(0 0 0 0 0.0021557577 0) - 4
#(0 0 0 0 0.0016634981 0) - 4
#(0 0 0 0 0.002019962 0) - 4
#(0 0 0 0 0.0030554046 0) - 4
#(0 0 0 0 0.007248099 0) - 4
#(0 0 0 0 0.0066370177 0) - 4
#(0 0 0 0 0.010863661 0) - 4
#(0 0 0 0 0.05737371 0) - 4
#(0 0 0 0 0.0073499456 0) - 4
#(0 0 0 0 0.0066539925 0) - 4
#(0 0 0 0 0.0076385117 0) - 4
#(0 0 0 0 0.004226643 0) - 4
#(0 0 0 0 0.004430337 0) - 4
#(0 0 0 0 0.0040738727 0) - 4
#(0 0 0 0 0.0021727323 0) - 4
#(0 0 0 0 0.0013240087 0) - 4
#(0 0 0 0 0.011661462 0) - 4
#(0 0 0 0 0.0017483705 0) - 4
#(0 0 0 0 0.0049225963 0) - 4
#(0 0 0 0 0.0047698263 0) - 4
#(0 0 0 0 0.0033269962 0) - 4
#(0 0 0 0 0.011372895 0) - 4
#(0 0 0 0 0.0038192559 0) - 4
#(0 0 0 0 0.0029875068 0) - 4
#(0 0 0 0 0.006789788 0) - 4
#(0 0 0 0 0.0060429117 0) - 4
#(0 0 0 0 0.0060089626 0) - 4
#(0 0 0 0 0.007231124 0) - 4
#(0 0 0 0 0.008640005 0) - 4
#(0 0 0 0 0.0050414177 0) - 4
#(0 0 0 0 0.0040568984 0) - 4
#(0 0 0 0 0.0034797664 0) - 4
#(0 0 0 0 0.005550652 0) - 4
#(0 0 0 0 0.005363933 0) - 4
#(0 0 0 0 0.0033100217 0) - 4
#(0 0 0 0 0.004362439 0) - 4
#(0 0 0 0 0.00835144 0) - 4
#(0 0 0 0 0.006738865 0) - 4
#(0 0 0 0 0.007248099 0) - 4
#(0 0 0 0 0.0052620857 0) - 4
#(0 0 0 0 0.003462792 0) - 4
#(0 0 0 0 0.0037004345 0) - 4
#(0 0 0 0 0.0050244434 0) - 4
#(0 0 0 0 0.0015616512 0) - 4
#(0 0 0 0 0.0026310429 0) - 4
#(0 0 0 0 0.0026480174 0) - 4
#(0 0 0 0 0.0029026344 0) - 4
#(0 0 0 0 0.0045661326 0) - 4
#(0 0 0 0 0.007027431 0) - 4
#(0 0 0 0 0.0064163497 0) - 4
#(0 0 0 0 0.021184139 0) - 4
#(0 0 0 0 0.00930201 0) - 4
#(0 0 0 0 0.007231124 0) - 4
#(0 0 0 0 0.007044405 0) - 4
#(0 0 0 0 0.008334465 0) - 4
#(0 0 0 0 0.011627512 0) - 4
#(0 0 0 0 0.0075536394 0) - 4
#(0 0 0 0 0.0074517927 0) - 4
#(0 0 0 0 0.008419338 0) - 4
#(0 0 0 0 0.005991988 0) - 4
#(0 0 0 0 0.00656912 0) - 4
#(0 0 0 0 0.0058901412 0) - 4
#(0 0 0 0 0.006382401 0) - 4
#(0 0 0 0 0.006382401 0) - 4
#(0 0 0 0 0.00785918 0) - 4
#(0 0 0 0 0.009098317 0) - 4
#(0 0 0 0 0.0063654264 0) - 4
#(0 0 0 0 0.0012051874 0) - 4
#(0 0 0 0 0.0017483705 0) - 4
#(0 0 0 0 0.005839218 0) - 4
#(0 0 0 0 0.0047358773 0) - 4
#(0 0 0 0 0.0059750136 0) - 4
#(0 0 0 0 0.01663498 0) - 4
#(0 0 0 0 0.01663498 0) - 4
#(0 0 0 0 0.006925584 0) - 4
#(0 0 0 0 0.0084023625 0) - 4
#(0 0 0 0 0.017551603 0) - 4
#(0 0 0 0 0.007978001 0) - 4
#(0 0 0 0 0.0043794136 0) - 4
#(0 0 0 0 0.005160239 0) - 4
#(0 0 0 0 0.007927078 0) - 4
#(0 0 0 0 0.005380907 0) - 4
#(0 0 0 0 0.0061787074 0) - 4
#(0 0 0 0 0.007180201 0) - 4
#(0 0 0 0 0.007994976 0) - 4
#(0 0 0 0 0.005092341 0) - 4
#(0 0 0 0 0.0059580393 0) - 4
#(0 0 0 0 0.0013240087 0) - 4
#(0 0 0 0 0.0044982345 0) - 4
#(0 0 0 0 0.0016125747 0) - 4
#(0 0 0 0 0.0074517927 0) - 4
#(0 0 0 0 0.0059240903 0) - 4
#(0 0 0 0 0.0012561108 0) - 4
#(0 0 0 0 0.0032590984 0) - 4
#(0 0 0 0 0.05654196 0) - 4
#(0 0 0 0 0.046459127 0) - 4
#(0 0 0 0 0.0042436174 0) - 4
#(0 0 0 0 0.004396388 0) - 4
#(0 0 0 0 0.001731396 0) - 4
#(0 0 0 0 0.002563145 0) - 4
#(0 0 0 0 0.0027159152 0) - 4
#(0 0 0 0 0.0029705323 0) - 4
#(0 0 0 0 0.002308528 0) - 4
#(0 0 0 0 0.006059886 0) - 4
#(0 0 0 0 0.005839218 0) - 4
#(0 0 0 0 0.007757333 0) - 4
#(0 0 0 0 0.0013749321 0) - 4
#(0 0 0 0 0.0073329713 0) - 4
#(0 0 0 0 0.0061617326 0) - 4
#(0 0 0 0 0.005194188 0) - 4
#(0 0 0 0 0.0015616512 0) - 4
#(0 0 0 0 0.0046000816 0) - 4
#(0 0 0 0 0.056966323 0) - 4
#(0 0 0 0 0.045966867 0) - 4
#(0 0 0 0 0.0010524172 0) - 4
#(0 0 0 0 0.0049735196 0) - 4
#(0 0 0 0 0.017942015 0) - 4
#(0 0 0 0 0.011288023 0) - 4
#(0 0 0 0 0.043912955 0) - 4
#(0 0 0 0 0.05392789 0) - 4
#(0 0 0 0 0.038022812 0) - 4
#(0 0 0 0 0.06623438 0) - 4
#(0 0 0 0 0.007044405 0) - 4
#(0 0 0 0 0.034644894 0) - 4
#(0 0 0 0 0.045355786 0) - 4
#(0 0 0 0 0.077794 0) - 4
#(0 0 0 0 0.009930065 0) - 4
#(0 0 0 0 0.025801195 0) - 4
#(0 0 0 0 0.012289517 0) - 4
#(0 0 0 0 0.02722705 0) - 4
#(0 0 0 0 0.005550652 0) - 4
#(0 0 0 0 0.008623031 0) - 4
#(0 0 0 0 0.004039924 0) - 4
#(0 0 0 0 0.008028924 0) - 4
#(0 0 0 0 0.0059410646 0) - 4
#(0 0 0 0 0.005567626 0) - 4
#(0 0 0 0 0.007842205 0) - 4
#(0 0 0 0 0.00930201 0) - 4
#(0 0 0 0 0.043912955 0) - 4
#(0 0 0 0 0.05392789 0) - 4
#(0 0 0 0 0.037920967 0) - 4
#(0 0 0 0 0.06623438 0) - 4
#(0 0 0 0 0.0075875884 0) - 4
#(0 0 0 0 0.03440725 0) - 4
#(0 0 0 0 0.04613661 0) - 4
#(0 0 0 0 0.077794 0) - 4
#(0 0 0 0 0.010048887 0) - 4
#(0 0 0 0 0.016414313 0) - 4
#(0 0 0 0 0.020590033 0) - 4
#(0 0 0 0 0.0030214558 0) - 4
#(0 0 0 0 0.009149239 0) - 4
#(0 0 0 0 0.007791282 0) - 4
#(0 0 0 0 0.008164721 0) - 4
#(0 0 0 0 0.0072990223 0) - 4
#(0 0 0 0 0.0028347366 0) - 4
#(0 0 0 0 0.004362439 0) - 4
#(0 0 0 0 0.006093835 0) - 4
#(0 0 0 0 0.004718903 0) - 4
#(0 0 0 0 0.003615562 0) - 4
#(0 0 0 0 0.0020708854 0) - 4
#(0 0 0 0 0.0028347366 0) - 4
#(0 0 0 0 0.00896252 0) - 4
#(0 0 0 0 0.0048886477 0) - 4
#(0 0 0 0 0.00721415 0) - 4
#(0 0 0 0 0.0040738727 0) - 4
#(0 0 0 0 0.005822243 0) - 4
#(0 0 0 0 0.0059410646 0) - 4
#(0 0 0 0 0.0038362304 0) - 4
#(0 0 0 0 0.0047698263 0) - 4
#(0 0 0 0 0.003615562 0) - 4
#(0 0 0 0 0.0046000816 0) - 4
#(0 0 0 0 0.006025937 0) - 4
#(0 0 0 0 0.0037853068 0) - 4
#(0 0 0 0 0.0042436174 0) - 4
#(0 0 0 0 0.0072990223 0) - 4
#(0 0 0 0 0.0060768602 0) - 4
#(0 0 0 0 0.0061447583 0) - 4
#(0 0 0 0 0.0037683325 0) - 4
#(0 0 0 0 0.0013749321 0) - 4
#(0 0 0 0 0.0015446768 0) - 4
#(0 0 0 0 0.0021727323 0) - 4
#(0 0 0 0 0.0029535578 0) - 4
#(0 0 0 0 0.0056524985 0) - 4
#(0 0 0 0 0.005329984 0) - 4
#(0 0 0 0 0.0061617326 0) - 4
#(0 0 0 0 0.005635524 0) - 4
#(0 0 0 0 0.0023255025 0) - 4
#(0 0 0 0 0.0062296307 0) - 4
#(0 0 0 0 9.675448e-4 0) - 4
#(0 0 0 0 0.0030723792 0) - 4
#(0 0 0 0 0.004362439 0) - 4
#(0 0 0 0 0.005194188 0) - 4
#(0 0 0 0 0.0041078217 0) - 4
#(0 0 0 0 0.0032251494 0) - 4
#(0 0 0 0 0.0026989407 0) - 4
#(0 0 0 0 0.0034458174 0) - 4
#(0 0 0 0 0.0019690385 0) - 4
#(0 0 0 0 0.0026819664 0) - 4
#(0 0 0 0 0.004294541 0) - 4
#(0 0 0 0 0.0029705323 0) - 4
#(0 0 0 0 0.0032251494 0) - 4
#(0 0 0 0 0.0017483705 0) - 4
#(0 0 0 0 0.0033779196 0) - 4
#(0 0 0 0 0.0020708854 0) - 4

Grupo 5
#(0 0 0 0 0 0.001561524) - 5
#(0 0 0 0 0 4.684572e-4) - 5
#(0 0 0 0 0 0.0035915053) - 5
#(0 0 0 0 0 1.5615241e-4) - 5
#(0 0 0 0 0 0.003123048) - 5
#(0 0 0 0 0 0.003123048) - 5
#(0 0 0 0 0 0.0064022485) - 5
#(0 0 0 0 0 0.0026545909) - 5
#(0 0 0 0 0 4.684572e-4) - 5
#(0 0 0 0 0 0.0028107432) - 5
#(0 0 0 0 0 0.0074953153) - 5
#(0 0 0 0 0 0.0024984386) - 5
#(0 0 0 0 0 0.009837601) - 5
#(0 0 0 0 0 7.80762e-4) - 5
#(0 0 0 0 0 0.0037476576) - 5
#(0 0 0 0 0 0.0010930669) - 5
#(0 0 0 0 0 0.0017176764) - 5
#(0 0 0 0 0 7.80762e-4) - 5
#(0 0 0 0 0 0.0029668957) - 5
#(0 0 0 0 0 0.0074953153) - 5
#(0 0 0 0 0 0.0024984386) - 5
#(0 0 0 0 0 0.009837601) - 5
#(0 0 0 0 0 0.0039038102) - 5
#(0 0 0 0 0 0.0034353528) - 5
#(0 0 0 0 0 0.02014366) - 5
#(0 0 0 0 0 0.030293567) - 5
#(0 0 0 0 0 0.030605871) - 5
#(0 0 0 0 0 0.02857589) - 5
#(0 0 0 0 0 0.02014366) - 5
#(0 0 0 0 0 0.014209868) - 5
#(0 0 0 0 0 0.0024984386) - 5
#(0 0 0 0 0 0.003123048) - 5
#(0 0 0 0 0 0.0020299812) - 5
#(0 0 0 0 0 0.0390381) - 5
#(0 0 0 0 0 0.008119925) - 5
#(0 0 0 0 0 0.013585259) - 5
#(0 0 0 0 0 4.684572e-4) - 5
#(0 0 0 0 0 0.0390381) - 5
#(0 0 0 0 0 0.0074953153) - 5
#(0 0 0 0 0 0.012648345) - 5
#(0 0 0 0 0 0.0010930669) - 5
#(0 0 0 0 0 0.0035915053) - 5
#(0 0 0 0 0 0.009993754) - 5
#(0 0 0 0 0 0.0035915053) - 5
#(0 0 0 0 0 0.0064022485) - 5
#(0 0 0 0 0 0.0035915053) - 5
#(0 0 0 0 0 0.0067145536) - 5
#(0 0 0 0 0 0.012179888) - 5
#(0 0 0 0 0 0.0024984386) - 5
#(0 0 0 0 0 0.0037476576) - 5
#(0 0 0 0 0 0.0071830107) - 5
#(0 0 0 0 0 0.0039038102) - 5
#(0 0 0 0 0 0.0032792005) - 5
#(0 0 0 0 0 0.0012492193) - 5
#(0 0 0 0 0 0.0071830107) - 5
#(0 0 0 0 0 0.02076827) - 5
#(0 0 0 0 0 0.006089944) - 5
#(0 0 0 0 0 0.009212992) - 5
#(0 0 0 0 0 0.0035915053) - 5
#(0 0 0 0 0 0.0017176764) - 5
#(0 0 0 0 0 0.0024984386) - 5
#(0 0 0 0 0 0.006246096) - 5
#(0 0 0 0 0 0.03560275) - 5
#(0 0 0 0 0 0.007026858) - 5
#(0 0 0 0 0 0.0053091818) - 5
#(0 0 0 0 0 0.0024984386) - 5
#(0 0 0 0 0 0.031386632) - 5
#(0 0 0 0 0 0.014209868) - 5
#(0 0 0 0 0 0.008119925) - 5
#(0 0 0 0 0 0.002342286) - 5
#(0 0 0 0 0 0.0048407246) - 5
#(0 0 0 0 0 0.013897564) - 5
#(0 0 0 0 0 0.015927546) - 5
#(0 0 0 0 0 0.02014366) - 5
#(0 0 0 0 0 0.03685197) - 5
#(0 0 0 0 0 0.034821987) - 5
#(0 0 0 0 0 0.017957527) - 5
#(0 0 0 0 0 0.0014053716) - 5
#(0 0 0 0 0 0.03685197) - 5
#(0 0 0 0 0 0.020612117) - 5
#(0 0 0 0 0 0.01951905) - 5
#(0 0 0 0 0 0.0039038102) - 5
#(0 0 0 0 0 0.024515927) - 5
#(0 0 0 0 0 0.049656466) - 5
#(0 0 0 0 0 0.012023735) - 5
#(0 0 0 0 0 0.006246096) - 5
#(0 0 0 0 0 1.5615241e-4) - 5
#(0 0 0 0 0 0.028419737) - 5
#(0 0 0 0 0 0.011555278) - 5
#(0 0 0 0 0 0.009681449) - 5
#(0 0 0 0 0 0.0039038102) - 5
#(0 0 0 0 0 0.026389757) - 5
#(0 0 0 0 0 0.015615241) - 5
#(0 0 0 0 0 0.0032792005) - 5
#(0 0 0 0 0 4.684572e-4) - 5
#(0 0 0 0 0 3.1230482e-4) - 5
#(0 0 0 0 0 0.0012492193) - 5
#(0 0 0 0 0 0.002342286) - 5
#(0 0 0 0 0 0.009212992) - 5
#(0 0 0 0 0 0.01296065) - 5
#(0 0 0 0 0 0.0017176764) - 5
#(0 0 0 0 0 0.0040599625) - 5
#(0 0 0 0 0 0.008744535) - 5
#(0 0 0 0 0 0.019206746) - 5
#(0 0 0 0 0 0.009212992) - 5
#(0 0 0 0 0 0.008900687) - 5
#(0 0 0 0 0 0.0040599625) - 5
#(0 0 0 0 0 0.012648345) - 5
#(0 0 0 0 0 0.008900687) - 5
#(0 0 0 0 0 0.006089944) - 5
#(0 0 0 0 0 0.015146784) - 5
#(0 0 0 0 0 0.004684572) - 5
#(0 0 0 0 0 0.002342286) - 5
#(0 0 0 0 0 0.0028107432) - 5
#(0 0 0 0 0 0.0026545909) - 5
#(0 0 0 0 0 0.0048407246) - 5
#(0 0 0 0 0 0.003123048) - 5
#(0 0 0 0 0 0.017801374) - 5
#(0 0 0 0 0 0.009993754) - 5
#(0 0 0 0 0 0.01686446) - 5
#(0 0 0 0 0 0.009212992) - 5
#(0 0 0 0 0 0.0012492193) - 5
#(0 0 0 0 0 0.001561524) - 5
#(0 0 0 0 0 0.013429107) - 5
#(0 0 0 0 0 7.80762e-4) - 5
#(0 0 0 0 0 0.0021861338) - 5
#(0 0 0 0 0 0.0026545909) - 5
#(0 0 0 0 0 0.013897564) - 5
#(0 0 0 0 0 0.021549031) - 5
#(0 0 0 0 0 0.013272954) - 5
#(0 0 0 0 0 0.023891319) - 5
#(0 0 0 0 0 0.0026545909) - 5
#(0 0 0 0 0 0.0068707056) - 5
#(0 0 0 0 0 0.011086821) - 5
#(0 0 0 0 0 0.0324797) - 5
#(0 0 0 0 0 0.009837601) - 5
#(0 0 0 0 0 0.010774516) - 5
#(0 0 0 0 0 0.039975017) - 5
#(0 0 0 0 0 0.034821987) - 5
#(0 0 0 0 0 0.009369144) - 5
#(0 0 0 0 0 0.014053716) - 5
#(0 0 0 0 0 0.0037476576) - 5
#(0 0 0 0 0 0.031542785) - 5
#(0 0 0 0 0 0.019831356) - 5
#(0 0 0 0 0 0.025765147) - 5
#(0 0 0 0 0 0.036071204) - 5
#(0 0 0 0 0 0.014053716) - 5
#(0 0 0 0 0 0.015927546) - 5
#(0 0 0 0 0 0.021705184) - 5
#(0 0 0 0 0 0.008900687) - 5
#(0 0 0 0 0 0.0059337914) - 5
#(0 0 0 0 0 0.021861337) - 5
#(0 0 0 0 0 0.024984384) - 5
#(0 0 0 0 0 0.02404747) - 5
#(0 0 0 0 0 0.021705184) - 5
#(0 0 0 0 0 0.007026858) - 5
#(0 0 0 0 0 0.01623985) - 5
#(0 0 0 0 0 0.009369144) - 5
#(0 0 0 0 0 0.017801374) - 5
#(0 0 0 0 0 0.011086821) - 5
#(0 0 0 0 0 0.0067145536) - 5
#(0 0 0 0 0 0.011555278) - 5
#(0 0 0 0 0 0.0067145536) - 5
#(0 0 0 0 0 0.008276077) - 5
#(0 0 0 0 0 0.007339163) - 5
#(0 0 0 0 0 0.008588382) - 5
#(0 0 0 0 0 0.02404747) - 5
#(0 0 0 0 0 0.0014053716) - 5
#(0 0 0 0 0 0.009525296) - 5
#(0 0 0 0 0 0.027795129) - 5
#(0 0 0 0 0 0.006558401) - 5
#(0 0 0 0 0 0.021549031) - 5
#(0 0 0 0 0 0.0059337914) - 5
#(0 0 0 0 0 0.016708307) - 5
#(0 0 0 0 0 0.014990631) - 5
#(0 0 0 0 0 0.014990631) - 5
#(0 0 0 0 0 0.015459088) - 5
#(0 0 0 0 0 0.024515927) - 5
#(0 0 0 0 0 0.022642098) - 5
#(0 0 0 0 0 0.024515927) - 5
#(0 0 0 0 0 0.013272954) - 5
#(0 0 0 0 0 0.029356653) - 5
#(0 0 0 0 0 0.010774516) - 5
#(0 0 0 0 0 0.022329794) - 5
#(0 0 0 0 0 0.02014366) - 5
#(0 0 0 0 0 0.041848846) - 5
#(0 0 0 0 0 0.03638351) - 5
#(0 0 0 0 0 0.035290442) - 5
#(0 0 0 0 0 0.018113678) - 5
#(0 0 0 0 0 0.005777639) - 5
#(0 0 0 0 0 0.001561524) - 5
#(0 0 0 0 0 0.010306058) - 5
#(0 0 0 0 0 0.029668957) - 5
#(0 0 0 0 0 0.026389757) - 5
#(0 0 0 0 0 0.029668957) - 5
#(0 0 0 0 0 6.2460965e-4) - 5
#(0 0 0 0 0 0.0012492193) - 5
#(0 0 0 0 0 0.004996877) - 5
#(0 0 0 0 0 0.0059337914) - 5
#(0 0 0 0 0 0.0035915053) - 5
#(0 0 0 0 0 0.0071830107) - 5
#(0 0 0 0 0 0.009369144) - 5
#(0 0 0 0 0 0.003123048) - 5
#(0 0 0 0 0 0.025452841) - 5
#(0 0 0 0 0 0.022329794) - 5
#(0 0 0 0 0 0.014678326) - 5
#(0 0 0 0 0 0.012179888) - 5
#(0 0 0 0 0 0.02857589) - 5
#(0 0 0 0 0 0.030137414) - 5
#(0 0 0 0 0 0.025608994) - 5
#(0 0 0 0 0 0.012648345) - 5
#(0 0 0 0 0 0.0029668957) - 5
#(0 0 0 0 0 7.80762e-4) - 5
#(0 0 0 0 0 0.03435353) - 5
#(0 0 0 0 0 0.028107433) - 5
#(0 0 0 0 0 0.013116802) - 5
#(0 0 0 0 0 0.017645221) - 5
#(0 0 0 0 0 0.0035915053) - 5
#(0 0 0 0 0 0.011555278) - 5
#(0 0 0 0 0 0.0043722675) - 5
#(0 0 0 0 0 0.007963773) - 5
#(0 0 0 0 0 0.00843223) - 5
#(0 0 0 0 0 0.03435353) - 5
#(0 0 0 0 0 0.028107433) - 5
#(0 0 0 0 0 0.017176764) - 5
#(0 0 0 0 0 0.015615241) - 5
#(0 0 0 0 0 0.0017176764) - 5
#(0 0 0 0 0 0.005777639) - 5
#(0 0 0 0 0 0.006246096) - 5
#(0 0 0 0 0 0.0014053716) - 5
#(0 0 0 0 0 0.0074953153) - 5
#(0 0 0 0 0 0.0018738288) - 5
#(0 0 0 0 0 0.0014053716) - 5
#(0 0 0 0 0 0.015302936) - 5
#(0 0 0 0 0 0.0064022485) - 5
#(0 0 0 0 0 0.0014053716) - 5
#(0 0 0 0 0 0.0010930669) - 5
#(0 0 0 0 0 0.0029668957) - 5
#(0 0 0 0 0 9.369144e-4) - 5
#(0 0 0 0 0 0.006558401) - 5
#(0 0 0 0 0 0.004996877) - 5
#(0 0 0 0 0 0.020299813) - 5
#(0 0 0 0 0 0.0068707056) - 5
#(0 0 0 0 0 0.011242973) - 5
#(0 0 0 0 0 7.80762e-4) - 5
#(0 0 0 0 0 0.012804497) - 5
#(0 0 0 0 0 0.009056839) - 5
#(0 0 0 0 0 0.008900687) - 5
#(0 0 0 0 0 0.0024984386) - 5
#(0 0 0 0 0 0.0029668957) - 5
#(0 0 0 0 0 0.010462211) - 5
#(0 0 0 0 0 0.01686446) - 5
#(0 0 0 0 0 0.0074953153) - 5
#(0 0 0 0 0 0.001561524) - 5
#(0 0 0 0 0 9.369144e-4) - 5
#(0 0 0 0 0 0.001561524) - 5
#(0 0 0 0 0 7.80762e-4) - 5
#(0 0 0 0 0 0.008744535) - 5
#(0 0 0 0 0 0.010774516) - 5
#(0 0 0 0 0 0.024515927) - 5
#(0 0 0 0 0 0.018738288) - 5
#(0 0 0 0 0 3.1230482e-4) - 5
#(0 0 0 0 0 9.369144e-4) - 5
#(0 0 0 0 0 0.011242973) - 5
#(0 0 0 0 0 0.01623985) - 5
#(0 0 0 0 0 0.011242973) - 5
#(0 0 0 0 0 0.017176764) - 5
#(0 0 0 0 0 0.0018738288) - 5
#(0 0 0 0 0 0.0068707056) - 5
#(0 0 0 0 0 0.0032792005) - 5
#(0 0 0 0 0 0.0026545909) - 5
#(0 0 0 0 0 0.005777639) - 5
#(0 0 0 0 0 0.024203623) - 5
#(0 0 0 0 0 0.018738288) - 5
#(0 0 0 0 0 0.026858214) - 5
#(0 0 0 0 0 0.014990631) - 5
#(0 0 0 0 0 0.019831356) - 5
#(0 0 0 0 0 0.012804497) - 5
#(0 0 0 0 0 0.01951905) - 5
#(0 0 0 0 0 0.007963773) - 5
#(0 0 0 0 0 0.036695816) - 5
#(0 0 0 0 0 0.026545908) - 5
#(0 0 0 0 0 0.0148344785) - 5
#(0 0 0 0 0 0.023266708) - 5
#(0 0 0 0 0 0.0029668957) - 5
#(0 0 0 0 0 0.015927546) - 5
#(0 0 0 0 0 0.021861337) - 5
#(0 0 0 0 0 0.014053716) - 5
#(0 0 0 0 0 0.014522173) - 5
#(0 0 0 0 0 0.026233604) - 5
#(0 0 0 0 0 0.017176764) - 5
#(0 0 0 0 0 0.033572767) - 5
#(0 0 0 0 0 0.009056839) - 5
#(0 0 0 0 0 0.0059337914) - 5
#(0 0 0 0 0 0.016083697) - 5
#(0 0 0 0 0 0.018269831) - 5
#(0 0 0 0 0 0.013116802) - 5
#(0 0 0 0 0 0.009681449) - 5
#(0 0 0 0 0 0.011086821) - 5
#(0 0 0 0 0 0.012492192) - 5
#(0 0 0 0 0 0.009837601) - 5
#(0 0 0 0 0 0.0053091818) - 5
#(0 0 0 0 0 0.006089944) - 5
#(0 0 0 0 0 0.012179888) - 5
#(0 0 0 0 0 0.0068707056) - 5
#(0 0 0 0 0 0.013116802) - 5
#(0 0 0 0 0 0.012804497) - 5
#(0 0 0 0 0 0.0026545909) - 5
#(0 0 0 0 0 0.042629607) - 5
#(0 0 0 0 0 0.02795128) - 5
#(0 0 0 0 0 0.01686446) - 5
#(0 0 0 0 0 0.0357589) - 5
#(0 0 0 0 0 0.021080574) - 5
#(0 0 0 0 0 0.02014366) - 5
#(0 0 0 0 0 0.030918175) - 5
#(0 0 0 0 0 0.010462211) - 5
#(0 0 0 0 0 0.028107433) - 5
#(0 0 0 0 0 0.031074328) - 5
#(0 0 0 0 0 0.024359776) - 5
#(0 0 0 0 0 0.010149906) - 5
#(0 0 0 0 0 0.009525296) - 5
#(0 0 0 0 0 0.01951905) - 5
#(0 0 0 0 0 0.019987509) - 5
#(0 0 0 0 0 0.03294816) - 5
#(0 0 0 0 0 0.0059337914) - 5
#(0 0 0 0 0 0.00843223) - 5
#(0 0 0 0 0 0.0024984386) - 5
#(0 0 0 0 0 0.0035915053) - 5
#(0 0 0 0 0 0.014053716) - 5
#(0 0 0 0 0 0.01951905) - 5
#(0 0 0 0 0 0.019987509) - 5
#(0 0 0 0 0 0.03294816) - 5
#(0 0 0 0 0 0.007339163) - 5
#(0 0 0 0 0 0.0037476576) - 5
#(0 0 0 0 0 0.034665834) - 5
#(0 0 0 0 0 0.022329794) - 5
#(0 0 0 0 0 0.05402873) - 5
#(0 0 0 0 0 0.016396003) - 5
#(0 0 0 0 0 0.02404747) - 5
#(0 0 0 0 0 0.0039038102) - 5
#(0 0 0 0 0 0.009212992) - 5
#(0 0 0 0 0 0.0059337914) - 5
#(0 0 0 0 0 0.017801374) - 5
#(0 0 0 0 0 0.029356653) - 5
#(0 0 0 0 0 0.017801374) - 5
#(0 0 0 0 0 0.028888196) - 5
#(0 0 0 0 0 0.0148344785) - 5
#(0 0 0 0 0 0.013116802) - 5
#(0 0 0 0 0 0.011555278) - 5
#(0 0 0 0 0 0.006089944) - 5
#(0 0 0 0 0 0.008744535) - 5
#(0 0 0 0 0 0.0067145536) - 5
#(0 0 0 0 0 0.008119925) - 5
#(0 0 0 0 0 0.020612117) - 5
#(0 0 0 0 0 0.0026545909) - 5
#(0 0 0 0 0 0.02076827) - 5
#(0 0 0 0 0 0.0053091818) - 5
#(0 0 0 0 0 0.013585259) - 5
#(0 0 0 0 0 0.013116802) - 5
#(0 0 0 0 0 0.0292005) - 5
#(0 0 0 0 0 0.023266708) - 5
#(0 0 0 0 0 0.027795129) - 5
#(0 0 0 0 0 0.014209868) - 5
#(0 0 0 0 0 0.018738288) - 5
#(0 0 0 0 0 0.022173641) - 5
#(0 0 0 0 0 0.005153029) - 5
#(0 0 0 0 0 0.01296065) - 5
#(0 0 0 0 0 0.02139288) - 5
#(0 0 0 0 0 0.010774516) - 5
#(0 0 0 0 0 0.005777639) - 5
#(0 0 0 0 0 0.008900687) - 5
#(0 0 0 0 0 0.010306058) - 5
#(0 0 0 0 0 0.018113678) - 5
#(0 0 0 0 0 0.012179888) - 5
#(0 0 0 0 0 0.00843223) - 5
#(0 0 0 0 0 0.009525296) - 5
#(0 0 0 0 0 0.0078076203) - 5
#(0 0 0 0 0 0.023266708) - 5
#(0 0 0 0 0 0.008900687) - 5
#(0 0 0 0 0 0.027638976) - 5
#(0 0 0 0 0 0.023266708) - 5
#(0 0 0 0 0 0.010930669) - 5
#(0 0 0 0 0 0.013116802) - 5
#(0 0 0 0 0 0.012179888) - 5
#(0 0 0 0 0 0.017020613) - 5
#(0 0 0 0 0 0.0032792005) - 5
#(0 0 0 0 0 0.012648345) - 5
#(0 0 0 0 0 0.012179888) - 5
#(0 0 0 0 0 0.017020613) - 5
#(0 0 0 0 0 0.017020613) - 5
#(0 0 0 0 0 0.016083697) - 5
#(0 0 0 0 0 0.0034353528) - 5
#(0 0 0 0 0 0.0059337914) - 5
#(0 0 0 0 0 0.0074953153) - 5
#(0 0 0 0 0 0.0064022485) - 5
#(0 0 0 0 0 7.80762e-4) - 5
#(0 0 0 0 0 0.011242973) - 5
#(0 0 0 0 0 0.013897564) - 5
#(0 0 0 0 0 0.0034353528) - 5
#(0 0 0 0 0 0.014990631) - 5
#(0 0 0 0 0 0.011242973) - 5
#(0 0 0 0 0 0.013897564) - 5
#(0 0 0 0 0 0.016552154) - 5
#(0 0 0 0 0 0.021080574) - 5
#(0 0 0 0 0 0.0026545909) - 5
#(0 0 0 0 0 0.019362899) - 5
#(0 0 0 0 0 0.012804497) - 5
#(0 0 0 0 0 0.0048407246) - 5
#(0 0 0 0 0 0.0018738288) - 5
#(0 0 0 0 0 0.0064022485) - 5
#(0 0 0 0 0 0.0106183635) - 5
#(0 0 0 0 0 0.005153029) - 5
#(0 0 0 0 0 0.0010930669) - 5
#(0 0 0 0 0 0.0018738288) - 5
#(0 0 0 0 0 0.0029668957) - 5
#(0 0 0 0 0 0.0059337914) - 5
#(0 0 0 0 0 0.0034353528) - 5
#(0 0 0 0 0 7.80762e-4) - 5
#(0 0 0 0 0 7.80762e-4) - 5
#(0 0 0 0 0 0.017957527) - 5
#(0 0 0 0 0 0.0040599625) - 5
#(0 0 0 0 0 0.01233604) - 5
#(0 0 0 0 0 0.014209868) - 5
#(0 0 0 0 0 0.009056839) - 5
#(0 0 0 0 0 0.0148344785) - 5
#(0 0 0 0 0 0.008588382) - 5
#(0 0 0 0 0 0.023422861) - 5
#(0 0 0 0 0 0.015927546) - 5
#(0 0 0 0 0 0.0068707056) - 5
#(0 0 0 0 0 0.011086821) - 5
#(0 0 0 0 0 0.005777639) - 5
#(0 0 0 0 0 0.0056214863) - 5
#(0 0 0 0 0 0.023266708) - 5
#(0 0 0 0 0 0.014366021) - 5
#(0 0 0 0 0 0.014053716) - 5
#(0 0 0 0 0 0.02076827) - 5
#(0 0 0 0 0 0.017957527) - 5
#(0 0 0 0 0 0.011399126) - 5
#(0 0 0 0 0 0.009212992) - 5
#(0 0 0 0 0 0.009056839) - 5
#(0 0 0 0 0 0.02467208) - 5
#(0 0 0 0 0 0.006089944) - 5
#(0 0 0 0 0 0.02014366) - 5
#(0 0 0 0 0 0.03513429) - 5
#(0 0 0 0 0 0.026545908) - 5
#(0 0 0 0 0 0.023110555) - 5
#(0 0 0 0 0 0.026545908) - 5
#(0 0 0 0 0 0.0259213) - 5
#(0 0 0 0 0 0.009212992) - 5
#(0 0 0 0 0 0.019987509) - 5
#(0 0 0 0 0 0.016396003) - 5
#(0 0 0 0 0 0.03326046) - 5
#(0 0 0 0 0 0.016396003) - 5
#(0 0 0 0 0 0.011086821) - 5
#(0 0 0 0 0 0.010149906) - 5
#(0 0 0 0 0 0.007339163) - 5
#(0 0 0 0 0 0.023110555) - 5
#(0 0 0 0 0 0.026389757) - 5
#(0 0 0 0 0 0.019206746) - 5
#(0 0 0 0 0 0.025608994) - 5
#(0 0 0 0 0 0.027014365) - 5
#(0 0 0 0 0 0.011711431) - 5
#(0 0 0 0 0 0.010306058) - 5
#(0 0 0 0 0 0.03185509) - 5
#(0 0 0 0 0 0.014522173) - 5
#(0 0 0 0 0 0.023735166) - 5
#(0 0 0 0 0 0.006558401) - 5
#(0 0 0 0 0 0.018113678) - 5
#(0 0 0 0 0 0.011867583) - 5
#(0 0 0 0 0 0.012804497) - 5
#(0 0 0 0 0 0.0067145536) - 5
#(0 0 0 0 0 0.0068707056) - 5
#(0 0 0 0 0 0.024359776) - 5
#(0 0 0 0 0 0.014522173) - 5
#(0 0 0 0 0 0.024984384) - 5
#(0 0 0 0 0 0.0039038102) - 5
#(0 0 0 0 0 0.018113678) - 5
#(0 0 0 0 0 0.007963773) - 5
#(0 0 0 0 0 0.017801374) - 5
#(0 0 0 0 0 0.013741411) - 5
#(0 0 0 0 0 0.021549031) - 5
#(0 0 0 0 0 0.026545908) - 5
#(0 0 0 0 0 0.014678326) - 5
#(0 0 0 0 0 0.013272954) - 5
#(0 0 0 0 0 0.01686446) - 5
#(0 0 0 0 0 0.0018738288) - 5
#(0 0 0 0 0 0.005777639) - 5
#(0 0 0 0 0 0.011242973) - 5
#(0 0 0 0 0 0.02467208) - 5
#(0 0 0 0 0 0.016708307) - 5
#(0 0 0 0 0 0.012492192) - 5
#(0 0 0 0 0 0.022329794) - 5
#(0 0 0 0 0 0.015146784) - 5
#(0 0 0 0 0 0.022329794) - 5
#(0 0 0 0 0 0.01748907) - 5
#(0 0 0 0 0 0.017020613) - 5
#(0 0 0 0 0 0.015146784) - 5
#(0 0 0 0 0 0.019050593) - 5
#(0 0 0 0 0 0.022954404) - 5
#(0 0 0 0 0 0.0074953153) - 5
#(0 0 0 0 0 0.029044347) - 5
#(0 0 0 0 0 0.01623985) - 5
#(0 0 0 0 0 0.002342286) - 5
#(0 0 0 0 0 0.006246096) - 5
#(0 0 0 0 0 0.015459088) - 5
#(0 0 0 0 0 0.007026858) - 5
#(0 0 0 0 0 0.005777639) - 5
#(0 0 0 0 0 0.011242973) - 5
#(0 0 0 0 0 0.02467208) - 5
#(0 0 0 0 0 0.016708307) - 5
#(0 0 0 0 0 0.014522173) - 5
#(0 0 0 0 0 0.0053091818) - 5
#(0 0 0 0 0 0.0024984386) - 5
#(0 0 0 0 0 0.0012492193) - 5
#(0 0 0 0 0 0.0012492193) - 5
#(0 0 0 0 0 0.0021861338) - 5
#(0 0 0 0 0 0.0012492193) - 5
#(0 0 0 0 0 0.0028107432) - 5
#(0 0 0 0 0 0.0034353528) - 5
#(0 0 0 0 0 0.011086821) - 5
#(0 0 0 0 0 0.0032792005) - 5
#(0 0 0 0 0 0.0078076203) - 5
#(0 0 0 0 0 6.2460965e-4) - 5
#(0 0 0 0 0 0.0040599625) - 5
#(0 0 0 0 0 0.0018738288) - 5
#(0 0 0 0 0 0.0037476576) - 5
#(0 0 0 0 0 0.0034353528) - 5
#(0 0 0 0 0 0.0014053716) - 5
#(0 0 0 0 0 0.0021861338) - 5
#(0 0 0 0 0 0.0064022485) - 5
#(0 0 0 0 0 0.001561524) - 5
#(0 0 0 0 0 0.008900687) - 5
#(0 0 0 0 0 0.0020299812) - 5
#(0 0 0 0 0 0.008900687) - 5
#(0 0 0 0 0 0.0020299812) - 5
#(0 0 0 0 0 0.0018738288) - 5
#(0 0 0 0 0 0.01748907) - 5
#(0 0 0 0 0 0.004684572) - 5
#(0 0 0 0 0 0.0039038102) - 5
#(0 0 0 0 0 0.0074953153) - 5
#(0 0 0 0 0 0.03450968) - 5
#(0 0 0 0 0 0.04481574) - 5
#(0 0 0 0 0 0.03700812) - 5
#(0 0 0 0 0 0.023735166) - 5
#(0 0 0 0 0 0.014990631) - 5
#(0 0 0 0 0 0.02404747) - 5
#(0 0 0 0 0 0.004216115) - 5
#(0 0 0 0 0 0.0059337914) - 5
#(0 0 0 0 0 0.013585259) - 5
#(0 0 0 0 0 0.010930669) - 5
#(0 0 0 0 0 0.014678326) - 5
#(0 0 0 0 0 0.0106183635) - 5
#(0 0 0 0 0 0.011867583) - 5
#(0 0 0 0 0 0.02467208) - 5
#(0 0 0 0 0 0.027326671) - 5
#(0 0 0 0 0 0.039350405) - 5
#(0 0 0 0 0 0.010774516) - 5
#(0 0 0 0 0 0.011711431) - 5
#(0 0 0 0 0 0.0032792005) - 5
#(0 0 0 0 0 0.032011244) - 5
#(0 0 0 0 0 0.015615241) - 5
#(0 0 0 0 0 0.0106183635) - 5
#(0 0 0 0 0 0.012648345) - 5
#(0 0 0 0 0 0.020455966) - 5
#(0 0 0 0 0 0.010774516) - 5
#(0 0 0 0 0 0.018269831) - 5
#(0 0 0 0 0 0.008900687) - 5
#(0 0 0 0 0 0.012648345) - 5
#(0 0 0 0 0 0.030918175) - 5
#(0 0 0 0 0 0.014678326) - 5
#(0 0 0 0 0 0.011086821) - 5
#(0 0 0 0 0 0.0048407246) - 5
#(0 0 0 0 0 0.008900687) - 5
#(0 0 0 0 0 0.009369144) - 5
#(0 0 0 0 0 0.0040599625) - 5
#(0 0 0 0 0 0.0037476576) - 5
#(0 0 0 0 0 0.0032792005) - 5
#(0 0 0 0 0 0.0059337914) - 5
#(0 0 0 0 0 0.0020299812) - 5
#(0 0 0 0 0 0.004684572) - 5
#(0 0 0 0 0 0.001561524) - 5
#(0 0 0 0 0 0.032011244) - 5
#(0 0 0 0 0 0.015615241) - 5
#(0 0 0 0 0 0.011242973) - 5
#(0 0 0 0 0 0.013429107) - 5
#(0 0 0 0 0 3.1230482e-4) - 5
#(0 0 0 0 0 0.009525296) - 5
#(0 0 0 0 0 0.052779514) - 5
#(0 0 0 0 0 0.02139288) - 5
#(0 0 0 0 0 0.04278576) - 5
#(0 0 0 0 0 0.019206746) - 5
#(0 0 0 0 0 0.02467208) - 5
#(0 0 0 0 0 0.008276077) - 5
#(0 0 0 0 0 0.02076827) - 5
#(0 0 0 0 0 0.009837601) - 5
#(0 0 0 0 0 0.009212992) - 5
#(0 0 0 0 0 0.021861337) - 5
#(0 0 0 0 0 0.0078076203) - 5
#(0 0 0 0 0 0.02076827) - 5
#(0 0 0 0 0 0.038569644) - 5
#(0 0 0 0 0 0.035290442) - 5
#(0 0 0 0 0 0.03638351) - 5
#(0 0 0 0 0 0.044503435) - 5
#(0 0 0 0 0 0.01951905) - 5
#(0 0 0 0 0 0.0021861338) - 5
#(0 0 0 0 0 9.369144e-4) - 5
#(0 0 0 0 0 0.0014053716) - 5
#(0 0 0 0 0 0.0043722675) - 5
#(0 0 0 0 0 0.0021861338) - 5
#(0 0 0 0 0 0.0035915053) - 5
#(0 0 0 0 0 0.0010930669) - 5
#(0 0 0 0 0 0.003123048) - 5
#(0 0 0 0 0 0.0035915053) - 5
#(0 0 0 0 0 0.009993754) - 5
#(0 0 0 0 0 0.006246096) - 5
#(0 0 0 0 0 0.01686446) - 5
#(0 0 0 0 0 0.0029668957) - 5
#(0 0 0 0 0 0.0074953153) - 5
#(0 0 0 0 0 0.0032792005) - 5
#(0 0 0 0 0 0.0021861338) - 5
#(0 0 0 0 0 0.0010930669) - 5
#(0 0 0 0 0 0.0017176764) - 5
#(0 0 0 0 0 0.007339163) - 5
#(0 0 0 0 0 0.005777639) - 5
#(0 0 0 0 0 0.008119925) - 5
#(0 0 0 0 0 0.007651468) - 5
#(0 0 0 0 0 0.005777639) - 5
#(0 0 0 0 0 0.0040599625) - 5
#(0 0 0 0 0 0.011399126) - 5
#(0 0 0 0 0 0.008588382) - 5
#(0 0 0 0 0 0.015927546) - 5
#(0 0 0 0 0 7.80762e-4) - 5
#(0 0 0 0 0 0.0012492193) - 5
#(0 0 0 0 0 0.048407245) - 5
#(0 0 0 0 0 0.008276077) - 5
#(0 0 0 0 0 0.022485945) - 5
#(0 0 0 0 0 0.021080574) - 5
#(0 0 0 0 0 0.017020613) - 5
#(0 0 0 0 0 0.019362899) - 5
#(0 0 0 0 0 0.026858214) - 5
#(0 0 0 0 0 0.013272954) - 5
#(0 0 0 0 0 0.0037476576) - 5
#(0 0 0 0 0 0.009369144) - 5
#(0 0 0 0 0 0.01623985) - 5
#(0 0 0 0 0 0.017020613) - 5
#(0 0 0 0 0 0.0048407246) - 5
#(0 0 0 0 0 0.012023735) - 5
#(0 0 0 0 0 0.048407245) - 5
#(0 0 0 0 0 0.013272954) - 5
#(0 0 0 0 0 0.024515927) - 5
#(0 0 0 0 0 0.021080574) - 5
#(0 0 0 0 0 0.004216115) - 5
#(0 0 0 0 0 0.0026545909) - 5
#(0 0 0 0 0 0.028263586) - 5
#(0 0 0 0 0 0.0054653343) - 5
#(0 0 0 0 0 0.018894441) - 5
#(0 0 0 0 0 0.017957527) - 5
#(0 0 0 0 0 0.012023735) - 5
#(0 0 0 0 0 0.009837601) - 5
#(0 0 0 0 0 0.017957527) - 5
#(0 0 0 0 0 0.0053091818) - 5
#(0 0 0 0 0 0.0037476576) - 5
#(0 0 0 0 0 0.012648345) - 5
#(0 0 0 0 0 0.024515927) - 5
#(0 0 0 0 0 0.005153029) - 5
#(0 0 0 0 0 0.007963773) - 5
#(0 0 0 0 0 9.369144e-4) - 5
#(0 0 0 0 0 0.001561524) - 5
#(0 0 0 0 0 0.005153029) - 5
#(0 0 0 0 0 0.0017176764) - 5
#(0 0 0 0 0 0.012492192) - 5
#(0 0 0 0 0 0.007339163) - 5
#(0 0 0 0 0 0.010306058) - 5
#(0 0 0 0 0 0.0035915053) - 5
#(0 0 0 0 0 0.0034353528) - 5
#(0 0 0 0 0 9.369144e-4) - 5
#(0 0 0 0 0 0.020924423) - 5
#(0 0 0 0 0 0.013741411) - 5
#(0 0 0 0 0 0.013429107) - 5
#(0 0 0 0 0 0.007339163) - 5
#(0 0 0 0 0 0.012023735) - 5
#(0 0 0 0 0 0.02467208) - 5
#(0 0 0 0 0 0.02076827) - 5
#(0 0 0 0 0 0.013272954) - 5
#(0 0 0 0 0 0.022485945) - 5
#(0 0 0 0 0 0.015927546) - 5
#(0 0 0 0 0 0.016396003) - 5
#(0 0 0 0 0 0.016396003) - 5
#(0 0 0 0 0 0.018113678) - 5
#(0 0 0 0 0 0.016083697) - 5
#(0 0 0 0 0 0.021236727) - 5
#(0 0 0 0 0 0.016552154) - 5
#(0 0 0 0 0 0.0074953153) - 5
#(0 0 0 0 0 0.02014366) - 5
#(0 0 0 0 0 0.022173641) - 5
#(0 0 0 0 0 0.019206746) - 5
#(0 0 0 0 0 0.015146784) - 5
#(0 0 0 0 0 0.009993754) - 5
#(0 0 0 0 0 0.0054653343) - 5
#(0 0 0 0 0 0.028732043) - 5
#(0 0 0 0 0 0.031542785) - 5
#(0 0 0 0 0 0.028732043) - 5
#(0 0 0 0 0 0.019831356) - 5
#(0 0 0 0 0 0.016708307) - 5
#(0 0 0 0 0 0.025765147) - 5
#(0 0 0 0 0 0.014522173) - 5
#(0 0 0 0 0 0.009212992) - 5
#(0 0 0 0 0 0.019050593) - 5
#(0 0 0 0 0 0.049188007) - 5
#(0 0 0 0 0 0.02404747) - 5
#(0 0 0 0 0 0.04871955) - 5
#(0 0 0 0 0 0.010462211) - 5
#(0 0 0 0 0 0.0106183635) - 5
#(0 0 0 0 0 0.017332917) - 5
#(0 0 0 0 0 0.007963773) - 5
#(0 0 0 0 0 0.015459088) - 5
#(0 0 0 0 0 0.008119925) - 5
#(0 0 0 0 0 0.030605871) - 5
#(0 0 0 0 0 0.008119925) - 5
#(0 0 0 0 0 0.034821987) - 5
#(0 0 0 0 0 0.0056214863) - 5
#(0 0 0 0 0 0.003123048) - 5
#(0 0 0 0 0 0.018738288) - 5
#(0 0 0 0 0 0.009212992) - 5
#(0 0 0 0 0 0.019831356) - 5
#(0 0 0 0 0 0.006558401) - 5
#(0 0 0 0 0 0.006558401) - 5
#(0 0 0 0 0 0.014366021) - 5
#(0 0 0 0 0 0.010774516) - 5
#(0 0 0 0 0 0.019362899) - 5
#(0 0 0 0 0 0.026858214) - 5
#(0 0 0 0 0 0.016708307) - 5
#(0 0 0 0 0 0.015459088) - 5
#(0 0 0 0 0 0.018425984) - 5
#(0 0 0 0 0 0.0039038102) - 5
#(0 0 0 0 0 0.007026858) - 5
#(0 0 0 0 0 0.019831356) - 5
#(0 0 0 0 0 0.007026858) - 5
#(0 0 0 0 0 0.004996877) - 5
#(0 0 0 0 0 0.014209868) - 5
#(0 0 0 0 0 0.018425984) - 5
#(0 0 0 0 0 0.02076827) - 5
#(0 0 0 0 0 0.013116802) - 5
#(0 0 0 0 0 0.009056839) - 5
#(0 0 0 0 0 0.0012492193) - 5
#(0 0 0 0 0 0.0074953153) - 5
#(0 0 0 0 0 0.0029668957) - 5
#(0 0 0 0 0 0.006558401) - 5
#(0 0 0 0 0 0.004684572) - 5
#(0 0 0 0 0 0.007963773) - 5
#(0 0 0 0 0 0.008119925) - 5
#(0 0 0 0 0 0.011711431) - 5
#(0 0 0 0 0 0.009993754) - 5
#(0 0 0 0 0 3.1230482e-4) - 5
#(0 0 0 0 0 0.007339163) - 5
#(0 0 0 0 0 0.0034353528) - 5
#(0 0 0 0 0 0.0029668957) - 5
#(0 0 0 0 0 0.001561524) - 5
#(0 0 0 0 0 0.006089944) - 5
#(0 0 0 0 0 0.0010930669) - 5
#(0 0 0 0 0 0.012648345) - 5
#(0 0 0 0 0 0.0014053716) - 5
#(0 0 0 0 0 0.0028107432) - 5
#(0 0 0 0 0 0.0021861338) - 5
#(0 0 0 0 0 0.0028107432) - 5
#(0 0 0 0 0 0.0037476576) - 5
#(0 0 0 0 0 0.0068707056) - 5
#(0 0 0 0 0 0) - 0
#(0 0 0 0 0 0.003123048) - 5
#(0 0 0 0 0 0.004996877) - 5
#(0 0 0 0 0 0.011711431) - 5
#(0 0 0 0 0 0.003123048) - 5
#(0 0 0 0 0 0.018582135) - 5
#(0 0 0 0 0 0.0071830107) - 5
#(0 0 0 0 0 0.014366021) - 5
#(0 0 0 0 0 0.022642098) - 5
#(0 0 0 0 0 0.017801374) - 5
#(0 0 0 0 0 0.003123048) - 5
#(0 0 0 0 0 0.0026545909) - 5
#(0 0 0 0 0 0.0029668957) - 5
#(0 0 0 0 0 0.0018738288) - 5
#(0 0 0 0 0 0.011867583) - 5
#(0 0 0 0 0 0.014209868) - 5
#(0 0 0 0 0 0.01296065) - 5
#(0 0 0 0 0 0.009993754) - 5
#(0 0 0 0 0 0.010930669) - 5
#(0 0 0 0 0 0.022642098) - 5
#(0 0 0 0 0 0.013429107) - 5
#(0 0 0 0 0 0.016708307) - 5
#(0 0 0 0 0 0.012179888) - 5
#(0 0 0 0 0 0.0034353528) - 5
#(0 0 0 0 0 0.032635853) - 5
#(0 0 0 0 0 0.030293567) - 5
#(0 0 0 0 0 0.012648345) - 5
#(0 0 0 0 0 0.023266708) - 5
#(0 0 0 0 0 0.0078076203) - 5
#(0 0 0 0 0 0.021236727) - 5
#(0 0 0 0 0 0.009212992) - 5
#(0 0 0 0 0 0.02404747) - 5
#(0 0 0 0 0 0.0071830107) - 5
#(0 0 0 0 0 0.027795129) - 5
#(0 0 0 0 0 0.04153654) - 5
#(0 0 0 0 0 0.017020613) - 5
#(0 0 0 0 0 0.015615241) - 5
#(0 0 0 0 0 0.014522173) - 5
#(0 0 0 0 0 0.014678326) - 5
#(0 0 0 0 0 0.014990631) - 5
#(0 0 0 0 0 0.020924423) - 5
#(0 0 0 0 0 0.046845723) - 5
#(0 0 0 0 0 0.008276077) - 5
#(0 0 0 0 0 0.042629607) - 5
#(0 0 0 0 0 0.007026858) - 5
#(0 0 0 0 0 0.010930669) - 5
#(0 0 0 0 0 6.2460965e-4) - 5
#(0 0 0 0 0 0.011867583) - 5
#(0 0 0 0 0 0.003123048) - 5
#(0 0 0 0 0 0.01233604) - 5
#(0 0 0 0 0 0.00843223) - 5
#(0 0 0 0 0 0.014053716) - 5
#(0 0 0 0 0 0.015771393) - 5
#(0 0 0 0 0 0.008588382) - 5
#(0 0 0 0 0 0.012179888) - 5
#(0 0 0 0 0 0.004684572) - 5
#(0 0 0 0 0 0.0053091818) - 5
#(0 0 0 0 0 0.0148344785) - 5
#(0 0 0 0 0 0.0071830107) - 5
#(0 0 0 0 0 0.0034353528) - 5
#(0 0 0 0 0 0.014678326) - 5
#(0 0 0 0 0 0.010462211) - 5
#(0 0 0 0 0 0.009681449) - 5
#(0 0 0 0 0 0.008744535) - 5
#(0 0 0 0 0 0.023422861) - 5
#(0 0 0 0 0 0.027170518) - 5
#(0 0 0 0 0 0.012804497) - 5
#(0 0 0 0 0 0.01296065) - 5
#(0 0 0 0 0 0.0026545909) - 5
#(0 0 0 0 0 0.015459088) - 5
#(0 0 0 0 0 0.02139288) - 5
#(0 0 0 0 0 0.016708307) - 5
#(0 0 0 0 0 0.010149906) - 5
#(0 0 0 0 0 0.0071830107) - 5
#(0 0 0 0 0 0.009369144) - 5
#(0 0 0 0 0 0.0106183635) - 5
#(0 0 0 0 0 0.0064022485) - 5
#(0 0 0 0 0 0.006246096) - 5
#(0 0 0 0 0 0.01748907) - 5
#(0 0 0 0 0 0.014366021) - 5
#(0 0 0 0 0 0.009056839) - 5
#(0 0 0 0 0 0.009369144) - 5
#(0 0 0 0 0 0.025765147) - 5
#(0 0 0 0 0 0.027638976) - 5
#(0 0 0 0 0 0.021236727) - 5
#(0 0 0 0 0 0.03169894) - 5
#(0 0 0 0 0 0.020924423) - 5
#(0 0 0 0 0 0.02014366) - 5
#(0 0 0 0 0 0.023266708) - 5
#(0 0 0 0 0 0.023891319) - 5
#(0 0 0 0 0 0.0029668957) - 5
#(0 0 0 0 0 0.0029668957) - 5
#(0 0 0 0 0 0.006246096) - 5
#(0 0 0 0 0 0.0028107432) - 5
#(0 0 0 0 0 0.0037476576) - 5
#(0 0 0 0 0 0.0029668957) - 5
#(0 0 0 0 0 0.0059337914) - 5
#(0 0 0 0 0 0.013585259) - 5
#(0 0 0 0 0 0.014990631) - 5
#(0 0 0 0 0 0.017176764) - 5
#(0 0 0 0 0 0.009681449) - 5
#(0 0 0 0 0 0.0059337914) - 5
#(0 0 0 0 0 0.0018738288) - 5
#(0 0 0 0 0 0.0012492193) - 5
#(0 0 0 0 0 1.5615241e-4) - 5
#(0 0 0 0 0 0.009212992) - 5
#(0 0 0 0 0 0.0059337914) - 5
#(0 0 0 0 0 0.0012492193) - 5
#(0 0 0 0 0 0.0012492193) - 5
#(0 0 0 0 0 0.0014053716) - 5
#(0 0 0 0 0 0.002342286) - 5
#(0 0 0 0 0 0.008900687) - 5
#(0 0 0 0 0 0.011867583) - 5
#(0 0 0 0 0 0.0071830107) - 5
#(0 0 0 0 0 0.007026858) - 5
#(0 0 0 0 0 0.008900687) - 5
#(0 0 0 0 0 0.013585259) - 5
#(0 0 0 0 0 0.030762024) - 5
#(0 0 0 0 0 0.043878827) - 5
#(0 0 0 0 0 0.01686446) - 5
#(0 0 0 0 0 0.015459088) - 5
#(0 0 0 0 0 0.017645221) - 5
#(0 0 0 0 0 0.0024984386) - 5
#(0 0 0 0 0 0.008588382) - 5
#(0 0 0 0 0 0.010462211) - 5
#(0 0 0 0 0 0.025608994) - 5
#(0 0 0 0 0 0.029981261) - 5
#(0 0 0 0 0 0.011867583) - 5
#(0 0 0 0 0 0.018894441) - 5
#(0 0 0 0 0 0.027795129) - 5
#(0 0 0 0 0 0.038569644) - 5
#(0 0 0 0 0 0.018894441) - 5
#(0 0 0 0 0 0.010306058) - 5
#(0 0 0 0 0 0.009056839) - 5
#(0 0 0 0 0 0.009369144) - 5
#(0 0 0 0 0 0.058244847) - 5
#(0 0 0 0 0 0.0423173) - 5
#(0 0 0 0 0 0.036227357) - 5
#(0 0 0 0 0 0.023579013) - 5
#(0 0 0 0 0 0.017332917) - 5
#(0 0 0 0 0 0.038257338) - 5
#(0 0 0 0 0 0.028263586) - 5
#(0 0 0 0 0 0.03169894) - 5
#(0 0 0 0 0 0.017020613) - 5
#(0 0 0 0 0 0.058244847) - 5
#(0 0 0 0 0 0.0423173) - 5
#(0 0 0 0 0 0.022642098) - 5
#(0 0 0 0 0 0.008744535) - 5
#(0 0 0 0 0 0.009993754) - 5
#(0 0 0 0 0 0.0148344785) - 5
#(0 0 0 0 0 0.009681449) - 5
#(0 0 0 0 0 0.012648345) - 5
#(0 0 0 0 0 0.014990631) - 5
#(0 0 0 0 0 0.01296065) - 5
#(0 0 0 0 0 0.010462211) - 5
#(0 0 0 0 0 0.018113678) - 5
#(0 0 0 0 0 0.028888196) - 5
#(0 0 0 0 0 0.009212992) - 5
#(0 0 0 0 0 0.004996877) - 5
#(0 0 0 0 0 0.010306058) - 5
#(0 0 0 0 0 0.016552154) - 5
#(0 0 0 0 0 0.0106183635) - 5
#(0 0 0 0 0 0.0043722675) - 5
#(0 0 0 0 0 0.014678326) - 5
#(0 0 0 0 0 0.0032792005) - 5
#(0 0 0 0 0 0.014366021) - 5
#(0 0 0 0 0 0.0106183635) - 5
#(0 0 0 0 0 0.017176764) - 5
#(0 0 0 0 0 0.008588382) - 5
#(0 0 0 0 0 0.017332917) - 5
#(0 0 0 0 0 0.007026858) - 5
#(0 0 0 0 0 0.013116802) - 5
#(0 0 0 0 0 0.009369144) - 5
#(0 0 0 0 0 0.017176764) - 5
#(0 0 0 0 0 0.011711431) - 5
#(0 0 0 0 0 0.014209868) - 5
#(0 0 0 0 0 0.0148344785) - 5
#(0 0 0 0 0 0.011242973) - 5
#(0 0 0 0 0 0.014522173) - 5
#(0 0 0 0 0 0.028419737) - 5
#(0 0 0 0 0 9.369144e-4) - 5
#(0 0 0 0 0 0.0037476576) - 5
#(0 0 0 0 0 0.013897564) - 5
#(0 0 0 0 0 0.0017176764) - 5
#(0 0 0 0 0 0.013585259) - 5
#(0 0 0 0 0 0.00843223) - 5
#(0 0 0 0 0 0.0048407246) - 5
#(0 0 0 0 0 0.0037476576) - 5
#(0 0 0 0 0 0.0024984386) - 5
#(0 0 0 0 0 0.009837601) - 5
#(0 0 0 0 0 0.008119925) - 5
#(0 0 0 0 0 0.00843223) - 5
#(0 0 0 0 0 0.013897564) - 5
#(0 0 0 0 0 0.01233604) - 5
#(0 0 0 0 0 0.015146784) - 5
#(0 0 0 0 0 0.01296065) - 5
#(0 0 0 0 0 0.015146784) - 5
#(0 0 0 0 0 0.017176764) - 5
#(0 0 0 0 0 1.5615241e-4) - 5
#(0 0 0 0 0 0.017176764) - 5
#(0 0 0 0 0 0.016708307) - 5
#(0 0 0 0 0 0.019206746) - 5
#(0 0 0 0 0 0.0021861338) - 5
#(0 0 0 0 0 0.014522173) - 5
#(0 0 0 0 0 0.009837601) - 5
#(0 0 0 0 0 0.015146784) - 5
#(0 0 0 0 0 0.010774516) - 5
#(0 0 0 0 0 0.014678326) - 5
#(0 0 0 0 0 0.013741411) - 5
#(0 0 0 0 0 0.024515927) - 5
#(0 0 0 0 0 0.009837601) - 5
#(0 0 0 0 0 0.0024984386) - 5
#(0 0 0 0 0 0.0259213) - 5
#(0 0 0 0 0 0.008119925) - 5
#(0 0 0 0 0 0.023891319) - 5
#(0 0 0 0 0 0.001561524) - 5
#(0 0 0 0 0 0.013116802) - 5
#(0 0 0 0 0 0.011867583) - 5
#(0 0 0 0 0 0.014990631) - 5
#(0 0 0 0 0 0.009056839) - 5
#(0 0 0 0 0 0.0064022485) - 5
#(0 0 0 0 0 0.020612117) - 5
#(0 0 0 0 0 0.03638351) - 5
#(0 0 0 0 0 0.024203623) - 5
#(0 0 0 0 0 0.017801374) - 5
#(0 0 0 0 0 0.028419737) - 5
#(0 0 0 0 0 0.01686446) - 5
#(0 0 0 0 0 0.027170518) - 5
#(0 0 0 0 0 0.0029668957) - 5
#(0 0 0 0 0 0.009369144) - 5
#(0 0 0 0 0 0.027170518) - 5
#(0 0 0 0 0 0.03294816) - 5
#(0 0 0 0 0 0.030762024) - 5
#(0 0 0 0 0 0.011867583) - 5
#(0 0 0 0 0 0.013585259) - 5
#(0 0 0 0 0 0.005153029) - 5
#(0 0 0 0 0 0.011086821) - 5
#(0 0 0 0 0 0.008588382) - 5
#(0 0 0 0 0 0.013429107) - 5
#(0 0 0 0 0 0.008119925) - 5
#(0 0 0 0 0 0.010930669) - 5
#(0 0 0 0 0 0.009837601) - 5
#(0 0 0 0 0 0.012179888) - 5
#(0 0 0 0 0 0.002342286) - 5
